0.931015,0.0236431,0.00299204,0.00136437,0.000550536,0.000412902,0.00032314,0.00032314,0.0002633,0.000167554,0.000658249,0.000179522,0.000257316,0.0002633,0.000203459,0.000460774,0.000628329,0.00123871,0.00250135,0.0325534,
0.0272452,0.949693,0.0147058,0.001534,0.000779417,0.000439377,0.000336219,0.000236882,0.000215868,0.000206316,0.00123981,0.000164289,0.000131813,0.000105069,0.000164289,0.000181482,0.000223509,0.000401171,0.000620859,0.00137544,
0.00175702,0.0252849,0.947244,0.0180215,0.0023083,0.000883344,0.00054806,0.000406209,0.000203105,0.000154746,0.00076406,0.000186985,0.000135403,0.000132179,0.000132179,0.000203105,0.00017409,0.000251463,0.000438448,0.000770508,
0.00135029,0.00314432,0.0406387,0.927307,0.0181248,0.00267249,0.00134075,0.000865205,0.000611793,0.000390721,0.00104758,0.000224784,0.000164347,0.000164877,0.000164877,0.000185553,0.000225314,0.000305366,0.000403974,0.000666929,
0.000373772,0.000722626,0.00226399,0.0297914,0.934668,0.025445,0.00290118,0.00108928,0.000615834,0.000345294,0.000519721,0.000156628,0.00013883,0.000113911,8.18738e-05,0.000117471,0.00012815,0.000121031,0.000185106,0.000220703,
0.000305803,0.000505211,0.00103685,0.00356057,0.0854901,0.887442,0.0153547,0.00271944,0.00117202,0.00059722,0.000595212,0.00022149,0.00014989,0.000119109,0.000102381,0.000102715,9.23432e-05,0.000112418,0.00014621,0.000174649,
0.000238505,0.000306775,0.000568912,0.00145773,0.0052655,0.0767059,0.88646,0.0200664,0.00429178,0.00194262,0.00107918,0.000439813,0.000233691,0.000170674,0.000126473,0.000108531,0.000108969,0.000111157,0.000135664,0.000181614,
6.89822e-05,6.89822e-05,0.000127072,0.000239622,0.000506474,0.00145044,0.0320132,0.928233,0.0324507,0.00297894,0.000929444,0.00036851,0.000183347,8.89507e-05,7.80588e-05,5.44596e-05,3.26758e-05,2.90451e-05,5.44596e-05,4.35677e-05,
4.46776e-05,4.35321e-05,6.52981e-05,8.47729e-05,0.000160381,0.000381478,0.00127045,0.0378729,0.929372,0.0272946,0.00228658,0.000539568,0.000222243,0.000122577,5.49879e-05,5.49879e-05,3.66586e-05,2.97851e-05,3.5513e-05,2.74939e-05,
8.74763e-05,0.00010979,0.000127364,0.000188577,0.000355434,0.000663477,0.00189466,0.00849882,0.0708212,0.893843,0.0195512,0.0020552,0.000767935,0.000357409,0.000213853,0.000130523,9.95215e-05,8.25397e-05,7.89853e-05,7.32589e-05,
0.000112374,0.000116734,0.000121389,0.00012538,0.000154077,0.000230586,0.000407743,0.00121981,0.00688548,0.0594282,0.923742,0.00553824,0.000811545,0.000322465,0.000189646,0.000134913,0.000120552,0.000112177,0.000108778,0.000118015,
5.66722e-05,4.53378e-05,4.34487e-05,8.12302e-05,6.42285e-05,0.000113344,0.000175684,0.000392927,0.000991764,0.00347401,0.0573315,0.916507,0.0179594,0.00173417,0.000464712,0.000222911,0.000130346,8.87865e-05,6.23394e-05,6.04504e-05,
0.00027057,0.000210299,0.000167188,0.000145607,0.0001662,0.000227251,0.000384819,0.000857627,0.00227428,0.00806144,0.0208417,0.07347,0.872634,0.0158943,0.00199628,0.000862619,0.000485288,0.000383155,0.000346493,0.000320336,
0.000269907,0.00022627,0.000178255,0.000158995,0.000155628,0.000194147,0.000282702,0.000500823,0.00108044,0.00277854,0.00569391,0.00760522,0.0437291,0.918701,0.0150629,0.0013795,0.00075174,0.000505672,0.000403312,0.000341829,
0.000290911,0.000232744,0.000189041,0.000161365,0.000156987,0.000177627,0.000228914,0.000338367,0.000612703,0.00128436,0.00295563,0.00253173,0.0034194,0.0337519,0.935805,0.0150529,0.00125136,0.000723017,0.000469242,0.000366825,
0.000385754,0.000287332,0.000224568,0.00018592,0.000179531,0.000190455,0.000255486,0.000348137,0.000535913,0.00090662,0.0022934,0.00137018,0.00176367,0.00258423,0.0340961,0.935523,0.0161313,0.00147149,0.000750484,0.000516331,
0.000606651,0.000427261,0.000327885,0.000281898,0.000259546,0.000302685,0.000387112,0.000471539,0.000697769,0.00110709,0.00265326,0.0012422,0.00126399,0.00163957,0.00292121,0.023617,0.938595,0.0202068,0.00204035,0.00095162,
0.000804772,0.000522605,0.000368419,0.000292852,0.000230516,0.000225428,0.000255705,0.000308627,0.000373762,0.000488511,0.00184896,0.000588504,0.000679845,0.000817748,0.00135409,0.00275729,0.0235562,0.945668,0.0172361,0.00162252,
0.0019903,0.0010869,0.000602265,0.0003623,0.000249375,0.000216439,0.00024467,0.000230555,0.000291722,0.00024467,0.00107749,0.000197618,0.000404647,0.000395236,0.000578739,0.00115748,0.00240436,0.0247823,0.943312,0.0201712,
0.0273178,0.00311653,0.00127921,0.000701342,0.000474147,0.000533415,0.000513659,0.000498842,0.000577866,0.00102732,0.0019114,0.000810001,0.000730976,0.000726037,0.0006075,0.000810001,0.0012397,0.00359561,0.031995,0.921534,


0.930856,0.0239852,0.0029974,0.00131286,0.000803304,0.000383668,0.000353694,0.000287751,0.000221808,0.000227803,0.000743356,0.000233798,0.000209818,0.000239792,0.000239792,0.000515554,0.000641445,0.00119896,0.00267968,0.0318684,
0.0271553,0.946054,0.0149895,0.00153963,0.000920721,0.000629302,0.000524758,0.000414711,0.000412674,0.000503156,0.00163296,0.000281433,0.000246993,0.000212756,0.000218258,0.000254941,0.000355205,0.00052863,0.000887707,0.00223761,
0.00216591,0.0276503,0.943056,0.0184249,0.00239322,0.00110082,0.000535796,0.00044812,0.000321478,0.000207824,0.00104886,0.000133137,0.000155868,0.000120148,0.000204577,0.000175351,0.000201329,0.000285758,0.00055528,0.000815059,
0.0010453,0.00217558,0.0289412,0.934996,0.0246665,0.00312315,0.00118127,0.000667123,0.000390925,0.000318689,0.000747857,0.000182715,0.000114728,0.00010623,0.000123226,0.000101981,0.000161469,0.000199712,0.000267699,0.000488657,
0.000244685,0.000365466,0.000756961,0.0178641,0.962193,0.0142813,0.00116303,0.000560172,0.000323817,0.000231149,0.00123488,0.000121822,7.70497e-05,5.31018e-05,6.35139e-05,7.49673e-05,8.64206e-05,7.80909e-05,9.37091e-05,0.000133275,
0.000221958,0.000345994,0.0007181,0.00209228,0.0359311,0.930348,0.0237267,0.00308457,0.0012632,0.000616913,0.000613649,0.00019911,0.00014362,8.16023e-05,8.48664e-05,0.000107715,8.48664e-05,7.83382e-05,0.000110979,0.000146884,
0.000134337,0.000201506,0.000302259,0.000589018,0.00177997,0.027875,0.935624,0.0276554,0.00303551,0.00110312,0.000669104,0.000307426,0.000214423,0.00010592,6.45853e-05,6.20019e-05,6.20019e-05,5.42516e-05,6.97521e-05,9.04194e-05,
5.9834e-05,6.52734e-05,0.00013236,0.000262907,0.000505869,0.00152123,0.0315905,0.928569,0.0326204,0.00286115,0.000910202,0.000342686,0.000175876,9.24707e-05,7.61523e-05,6.52734e-05,3.44499e-05,2.71973e-05,4.17025e-05,4.53288e-05,
3.11602e-05,5.07795e-05,7.38611e-05,7.61693e-05,0.000166188,0.000388925,0.00133412,0.0366744,0.929809,0.0279945,0.00228162,0.000574732,0.000205426,0.000103867,7.38611e-05,4.61632e-05,3.69306e-05,2.42357e-05,2.53898e-05,2.8852e-05,
3.75856e-05,1.38473e-05,4.35201e-05,6.92366e-05,8.70403e-05,0.000171113,0.000409485,0.00154991,0.0412581,0.921373,0.0322999,0.00181301,0.000435201,0.000166168,8.60512e-05,5.53893e-05,4.74765e-05,2.96728e-05,2.96728e-05,2.47274e-05,
5.49523e-05,5.87862e-05,6.77319e-05,7.66777e-05,8.81793e-05,0.000117572,0.000166774,0.000350161,0.00132269,0.0366973,0.947745,0.0116774,0.000816617,0.000249841,0.000142493,0.000100959,8.05115e-05,6.83709e-05,5.11184e-05,6.7093e-05,
0.000206258,0.000165815,0.000133335,0.000126322,0.000149144,0.000245246,0.000532777,0.00134254,0.00502633,0.0320076,0.134803,0.801535,0.0185615,0.00289573,0.000862089,0.000382592,0.000257637,0.000251694,0.000265631,0.000249109,
5.16535e-05,5.43721e-05,6.52465e-05,7.88395e-05,6.79651e-05,0.00013593,0.000168553,0.00027186,0.000560032,0.00114181,0.00351787,0.0370627,0.929863,0.0236546,0.00191933,0.000704118,0.000260986,0.000182146,0.000141367,9.78697e-05,
0.000137263,0.000100437,6.69577e-05,0.000103784,7.70014e-05,0.000103784,0.000117176,0.000227656,0.000297962,0.000492139,0.00158355,0.0033278,0.0419289,0.922279,0.0256482,0.00200538,0.000729839,0.000324745,0.000217613,0.000231004,
0.000146156,8.83735e-05,8.15755e-05,9.51714e-05,8.49745e-05,8.15755e-05,9.85704e-05,0.000152954,0.000173348,0.000329701,0.00089733,0.000985704,0.00268519,0.0338912,0.930403,0.0265834,0.00192042,0.000686594,0.000411276,0.000203939,
0.000268852,0.000192442,9.33908e-05,7.64106e-05,8.20707e-05,8.20707e-05,7.92406e-05,0.000121691,0.000138671,0.000209422,0.000758446,0.000472614,0.000905607,0.00229232,0.0339999,0.940111,0.0177669,0.00151406,0.000520724,0.000314133,
0.000378834,0.00020638,0.000180936,0.000144183,8.19864e-05,0.000101776,8.48136e-05,0.000107431,0.000175281,0.000152664,0.000921641,0.000305329,0.000452339,0.000785939,0.00228148,0.0238609,0.949881,0.0177882,0.00149272,0.000616312,
0.000721251,0.000412524,0.000308727,0.000215577,0.000186301,0.00025816,0.000250176,0.000263483,0.000383248,0.000471075,0.00145315,0.000508336,0.000542934,0.000593502,0.000939489,0.00212117,0.0234101,0.946673,0.0184092,0.00187898,
0.00192069,0.000880104,0.00054689,0.00040419,0.00035503,0.00038088,0.00046904,0.000566763,0.000775209,0.00121317,0.00293079,0.00107406,0.0008033,0.000772967,0.000816599,0.0011277,0.00240422,0.0252086,0.937307,0.0200423,
0.02192,0.0026788,0.00133999,0.000864527,0.000663529,0.000551863,0.000525416,0.000500144,0.000562442,0.000704669,0.00168262,0.000593591,0.000579486,0.000574196,0.00072994,0.0010332,0.00186423,0.00393357,0.0376989,0.920999,


0.930484,0.0244439,0.00310564,0.00115153,0.000721161,0.000511792,0.000314054,0.000174474,0.00025008,0.000255896,0.00068045,0.00018029,0.000168659,0.000197738,0.000284975,0.000395475,0.000633924,0.00124458,0.00286138,0.0319404,
0.0273417,0.937663,0.0212668,0.00238286,0.00102975,0.000565105,0.000458363,0.000433247,0.000489757,0.000756613,0.00172671,0.000486618,0.00035476,0.000329644,0.000323366,0.000342202,0.000376737,0.000577663,0.000916726,0.00217879,
0.00185014,0.0252538,0.946748,0.0181088,0.00234006,0.000982886,0.000587297,0.000401675,0.000252568,0.00015215,0.00120807,0.000112591,9.73757e-05,9.43327e-05,0.000112591,0.000170408,0.000194751,0.000261697,0.000362116,0.000709017,
0.000888073,0.00217749,0.0296352,0.934172,0.0249301,0.00318511,0.00131076,0.000550776,0.000444036,0.000320219,0.000755716,0.000136627,0.000149435,0.000132357,7.68525e-05,0.000119548,0.000136627,0.000166514,0.000268984,0.000444036,
0.000543707,0.00101011,0.00277036,0.0563758,0.915421,0.0168415,0.00237866,0.00119538,0.000649512,0.000448267,0.000747543,0.000220678,0.000171447,0.000119192,0.00012567,0.000136467,0.000136035,0.000152445,0.000241408,0.000314391,
0.000193029,0.000323896,0.000752485,0.001963,0.0356383,0.931063,0.0237491,0.0030492,0.00111564,0.000611803,0.000543098,0.000183214,0.000150497,0.000114509,6.21618e-05,8.17918e-05,6.54335e-05,0.000101422,7.85202e-05,0.000160312,
0.00010671,0.000152789,0.000291026,0.000599029,0.00180436,0.0288286,0.935504,0.0271212,0.00295877,0.00104527,0.000647533,0.000237671,0.000157639,0.000121261,5.82052e-05,7.51818e-05,5.82052e-05,7.51818e-05,7.7607e-05,8.00322e-05,
6.17049e-05,7.05199e-05,0.000153381,0.000216849,0.000520084,0.0015673,0.0310464,0.927749,0.0338989,0.00278906,0.000978463,0.00034731,0.000178063,0.000107543,6.17049e-05,6.52309e-05,5.99419e-05,3.70229e-05,3.70229e-05,5.46529e-05,
3.6955e-05,3.46453e-05,6.12067e-05,8.66132e-05,0.000166297,0.00040073,0.00130959,0.0359075,0.929903,0.0286412,0.00237551,0.000552015,0.000194014,0.000123568,4.96582e-05,4.27292e-05,3.81098e-05,2.07872e-05,1.84775e-05,3.6955e-05,
3.16745e-05,2.87051e-05,4.0583e-05,6.82982e-05,8.7105e-05,0.000154413,0.000385044,0.00155502,0.0401693,0.921923,0.0329504,0.00174408,0.000442454,0.000147485,8.01762e-05,6.03796e-05,3.76135e-05,3.26644e-05,2.27661e-05,3.86033e-05,
4.60823e-05,5.63228e-05,5.82429e-05,7.04035e-05,9.28046e-05,0.000120326,0.000183689,0.000387219,0.00132423,0.0360031,0.94822,0.0118803,0.000791719,0.000284814,0.000141447,9.53647e-05,6.72033e-05,6.91234e-05,5.69628e-05,5.12025e-05,
5.42835e-05,4.49243e-05,3.74369e-05,6.36428e-05,8.79768e-05,0.000123542,0.000153491,0.000333189,0.000941538,0.00367631,0.0545905,0.91823,0.0188551,0.00169589,0.000503527,0.000228365,0.000146004,9.7336e-05,8.04894e-05,5.61554e-05,
6.77984e-05,5.69507e-05,6.77984e-05,8.40701e-05,7.05104e-05,0.000143733,0.000135597,0.000273906,0.000520692,0.00114715,0.00368281,0.036161,0.929587,0.0247491,0.00192005,0.000631882,0.000314585,0.000176276,0.000119325,8.9494e-05,
0.00012312,0.000119793,0.000116465,8.98446e-05,9.98273e-05,8.98446e-05,0.000136431,0.000252896,0.000379344,0.000791963,0.00168375,0.00336751,0.0399176,0.923769,0.0254859,0.0020631,0.000708774,0.000369361,0.000272861,0.000163051,
0.000109157,0.000102335,9.55123e-05,8.52788e-05,8.18677e-05,9.55123e-05,0.000115979,0.000136446,0.000255836,0.000327471,0.000839144,0.0011018,0.00279715,0.0343469,0.929109,0.0274291,0.00179427,0.000617419,0.000344526,0.000214903,
0.000180274,0.000146472,0.000121121,8.45032e-05,0.000121121,8.732e-05,7.60529e-05,0.000101404,0.000169006,0.000236609,0.00104502,0.000540821,0.000842216,0.00235764,0.0340633,0.939101,0.0182837,0.00152106,0.000625324,0.000295761,
0.000365892,0.000299102,0.000168426,0.000104541,0.000101637,0.000127772,0.000101637,9.29249e-05,0.000124868,0.000153907,0.00117608,0.000348468,0.000450105,0.000836324,0.00210823,0.0234171,0.950259,0.0176064,0.0015594,0.000598204,
0.000779898,0.000487436,0.000309106,0.000171197,0.000161686,0.00014742,0.000235396,0.000237774,0.000290084,0.000413726,0.00155028,0.000492192,0.000444637,0.000639611,0.000860741,0.00222556,0.0234492,0.946232,0.0189553,0.00191646,
0.00223022,0.00104621,0.000525658,0.000357243,0.00023476,0.000219449,0.000199035,0.000178622,0.000163311,0.000142897,0.00110235,0.000290898,0.00036745,0.000372554,0.000648141,0.00115849,0.00280691,0.0252265,0.940162,0.0225676,
0.0274694,0.0034229,0.0011681,0.000675006,0.00047394,0.000402131,0.000497877,0.000464366,0.000842561,0.00106756,0.00211119,0.000794688,0.000742028,0.000694155,0.000579261,0.000837774,0.00147927,0.00356652,0.0311556,0.921556,


0.931282,0.0242022,0.00345659,0.00135023,0.000552095,0.000456078,0.000282049,0.000228039,0.000204035,0.000216037,0.000732126,0.000162028,0.000156027,0.000144025,0.000216037,0.000282049,0.000636109,0.00133823,0.00274847,0.0313554,
0.0271442,0.952416,0.01335,0.00111581,0.00064308,0.000479826,0.000316572,0.000185968,0.000136282,0.000160415,0.00126913,9.79526e-05,0.000100792,0.000124925,0.000137702,0.000149058,0.00021436,0.000373356,0.000479826,0.00110445,
0.00181929,0.0246423,0.951857,0.0140659,0.00146836,0.000840919,0.0005542,0.000399367,0.000273971,0.000248706,0.00138979,0.000167581,0.00012586,0.000130959,0.00015182,0.000153906,0.00021023,0.000292514,0.000450823,0.000756549,
0.00104312,0.0021779,0.0285527,0.935052,0.0249258,0.00314246,0.00125698,0.00064595,0.000401536,0.000327339,0.000759427,0.000152758,0.000130936,0.000100384,0.000113478,0.000170216,0.000161487,0.000170216,0.000274965,0.000440817,
0.000367272,0.000681058,0.00198969,0.0281979,0.934547,0.0273136,0.00305585,0.00114817,0.000670361,0.000331615,0.000574086,0.000153327,0.000114104,0.00011767,6.77492e-05,7.84465e-05,8.5578e-05,0.000106972,0.000203248,0.000196116,
0.000150192,0.00032324,0.000747696,0.00200474,0.0342243,0.931754,0.0243736,0.0028961,0.00130602,0.000577914,0.000555059,0.000225288,0.000140397,0.000107747,0.000114277,9.79515e-05,9.46865e-05,9.46865e-05,0.000114277,9.79515e-05,
0.00014466,0.000147243,0.00029707,0.000612223,0.00185217,0.0269455,0.935358,0.0289269,0.00303528,0.00108237,0.000632889,0.000255739,0.000131744,0.000134327,5.68308e-05,8.2663e-05,6.45805e-05,4.90812e-05,8.52462e-05,0.000105912,
6.35211e-05,6.69546e-05,0.00013906,0.000272969,0.000503018,0.00157086,0.0308523,0.927802,0.0339683,0.00279493,0.00105926,0.000312455,0.000154511,0.000118458,8.06889e-05,5.15036e-05,3.43357e-05,4.63532e-05,5.15036e-05,5.66539e-05,
4.26407e-05,4.14883e-05,4.37932e-05,8.98913e-05,0.000162496,0.000397596,0.00127115,0.03494,0.930476,0.0291202,0.00228762,0.000569311,0.000223576,9.45011e-05,5.76226e-05,4.26407e-05,2.76589e-05,4.03358e-05,2.88113e-05,4.26407e-05,
3.76016e-05,4.74968e-05,2.96855e-05,6.53081e-05,8.90565e-05,0.000180092,0.000362163,0.0016238,0.0390206,0.922472,0.03351,0.00174254,0.000364142,0.000169207,8.41089e-05,5.7392e-05,3.76016e-05,3.76016e-05,3.46331e-05,3.46331e-05,
7.47347e-05,6.00433e-05,7.02634e-05,7.47347e-05,8.17611e-05,0.000124558,0.000179491,0.000376867,0.00132415,0.0347791,0.948986,0.012268,0.000815695,0.000265085,0.000130945,9.00649e-05,8.55936e-05,8.75099e-05,6.19596e-05,6.32371e-05,
5.32982e-05,3.99737e-05,5.71052e-05,5.13947e-05,6.85263e-05,0.0001085,0.000186544,0.000376894,0.000989824,0.0036376,0.0530679,0.919491,0.0190294,0.00169031,0.000498719,0.000236035,0.000180833,0.000102789,8.18508e-05,5.13947e-05,
7.05379e-05,8.41029e-05,5.96859e-05,7.05379e-05,8.68159e-05,0.000100381,0.00016278,0.000279439,0.000558877,0.00118287,0.00342652,0.0352147,0.930086,0.0252987,0.00205374,0.00061585,0.000284865,0.000179058,8.95289e-05,9.49549e-05,
0.000110517,7.70272e-05,0.000117215,0.000117215,6.02821e-05,0.000120564,0.000190893,0.000207638,0.000277968,0.000492304,0.00137979,0.00329207,0.0400307,0.923586,0.026504,0.00201945,0.000726734,0.000311458,0.000244478,0.00013396,
0.000171965,6.53469e-05,8.25434e-05,5.15896e-05,6.87862e-05,6.53469e-05,8.25434e-05,0.000175405,0.000220116,0.000295781,0.000708498,0.000966446,0.00258636,0.0326941,0.930285,0.0284431,0.00178156,0.000656908,0.000419596,0.000178844,
0.000142138,0.000160284,8.16539e-05,7.86297e-05,7.25812e-05,0.000120969,7.25812e-05,0.00011492,0.000181453,0.000257059,0.000737909,0.000408269,0.000919362,0.0024345,0.0336202,0.938914,0.0191252,0.0016361,0.000574601,0.000347785,
0.000393973,0.000281409,0.000198467,9.77526e-05,0.000100715,8.29416e-05,7.4055e-05,0.000106639,0.000127375,0.000195505,0.00116414,0.000373237,0.000515423,0.000805718,0.00200541,0.0248143,0.948031,0.018576,0.00137446,0.000681306,
0.000941891,0.000496633,0.00034536,0.000282567,0.000205504,0.000245463,0.000245463,0.000299693,0.00036534,0.000656469,0.00174963,0.000639344,0.000599385,0.000650761,0.00114454,0.00239183,0.0234559,0.944406,0.0190233,0.00185524,
0.00216808,0.00100321,0.000484966,0.00027101,0.000185428,0.000256747,0.000142637,0.000137883,0.000190183,0.000175919,0.00109831,0.000204446,0.000299538,0.000442175,0.000679903,0.00106502,0.00284799,0.0246144,0.94285,0.0208821,
0.0137571,0.000896828,0.00046164,0.000297805,0.000260259,0.000181755,0.000141649,0.000168102,0.000163835,0.000240633,0.00165969,0.000204794,0.000201381,0.000197968,0.000319991,0.000328524,0.00046676,0.000954,0.0155609,0.963536,


0.915498,0.0194231,0.00254524,0.00127124,0.000838445,0.000647621,0.000507946,0.000488273,0.000524864,0.000625194,0.00129249,0.00040132,0.000360401,0.000350172,0.000420206,0.000567357,0.000832543,0.00135701,0.00363038,0.0484177,
0.027207,0.941771,0.0187742,0.0019951,0.000939452,0.000491976,0.000464782,0.000417809,0.000427698,0.000578505,0.00174046,0.00034117,0.000281836,0.000316447,0.000215085,0.000269474,0.000380725,0.000509282,0.000857868,0.00201982,
0.0013477,0.0249656,0.951152,0.0160742,0.00169584,0.000685597,0.000439978,0.000269113,0.000241347,0.000130285,0.00111062,0.000106791,6.62103e-05,7.26178e-05,0.000106791,0.000115334,0.00018368,0.000277656,0.00032678,0.000632202,
0.000829892,0.00217898,0.0272229,0.936409,0.0248641,0.00307428,0.00141041,0.000625485,0.00041699,0.000245288,0.000850333,0.000163526,0.000167614,0.000171702,0.000138997,0.000102204,0.000192143,0.000192143,0.000261641,0.000482401,
0.000374775,0.000860198,0.00194169,0.0275977,0.935196,0.0274014,0.00293752,0.00111005,0.000606779,0.000356929,0.000531824,0.000174895,0.000121356,0.000110648,7.85243e-05,0.000110648,6.06779e-05,9.994e-05,0.000146341,0.000182034,
0.000216051,0.000350265,0.00063506,0.00207868,0.0332621,0.932497,0.0242927,0.00317203,0.00122756,0.000540128,0.000661248,0.000206231,0.000166949,9.82051e-05,0.000111299,8.51111e-05,5.89231e-05,0.000111299,0.00012112,0.000108026,
9.82834e-05,0.000170703,0.000346578,0.000605219,0.00186221,0.0259985,0.935461,0.0297618,0.00299764,0.00104749,0.000672465,0.000256054,0.000155184,0.000118975,5.43145e-05,7.75922e-05,5.17281e-05,8.01786e-05,0.00010087,8.2765e-05,
8.02391e-05,8.73714e-05,0.000114118,0.000269247,0.000501048,0.00148353,0.0298828,0.927576,0.0353034,0.00282798,0.000946821,0.00034592,0.000205055,9.45038e-05,5.8842e-05,3.03125e-05,4.63604e-05,5.70589e-05,4.10111e-05,4.81434e-05,
3.6943e-05,3.46341e-05,5.42601e-05,9.81299e-05,0.000170861,0.00036943,0.00130686,0.0340591,0.930413,0.0299469,0.00236435,0.00056569,0.000200878,0.000117756,6.11869e-05,5.07966e-05,5.19511e-05,2.19349e-05,3.80975e-05,3.6943e-05,
2.17763e-05,3.5634e-05,4.55323e-05,6.92883e-05,8.3146e-05,0.00018114,0.000399893,0.00155206,0.0380245,0.922399,0.0344878,0.00185693,0.000374157,0.000189058,8.21562e-05,5.74103e-05,3.95933e-05,3.5634e-05,2.47458e-05,4.05832e-05,
5.37295e-05,5.75674e-05,6.01259e-05,7.2279e-05,8.37925e-05,0.000129207,0.000184216,0.000346683,0.00133428,0.0337767,0.949989,0.0123584,0.000770123,0.000287837,0.000124729,0.000108099,7.61168e-05,7.67565e-05,5.30899e-05,5.69277e-05,
3.44844e-05,3.64002e-05,6.32214e-05,7.85478e-05,6.13056e-05,0.000111116,0.00016859,0.00038316,0.000959816,0.00355189,0.0525044,0.919881,0.019409,0.00168974,0.000498108,0.00019158,0.000147517,9.38742e-05,8.04636e-05,5.55582e-05,
7.5776e-05,7.30697e-05,8.11886e-05,5.6832e-05,7.84823e-05,0.000108251,0.00016779,0.000254391,0.000489838,0.00122865,0.00365619,0.0348001,0.930045,0.025661,0.00181321,0.000684691,0.00035723,0.000165083,0.00011637,8.66012e-05,
0.000127173,9.37066e-05,9.70533e-05,7.36266e-05,8.36666e-05,0.000127173,0.000133867,0.00019076,0.000327973,0.000578973,0.00143572,0.00315925,0.0382524,0.924339,0.0275029,0.00208832,0.00068272,0.00037148,0.000197453,0.000137213,
0.000151291,6.533e-05,6.18916e-05,6.18916e-05,7.22069e-05,8.25222e-05,0.00011003,0.00017536,0.000233813,0.00026132,0.000821783,0.00105216,0.00265446,0.0328644,0.929103,0.0289446,0.00197709,0.000704877,0.000336965,0.000264759,
0.000225462,0.000123541,7.72132e-05,8.33902e-05,9.88328e-05,8.64787e-05,9.26558e-05,0.000108098,0.000163692,0.000259436,0.000617705,0.00050343,0.000991417,0.00246464,0.0340356,0.937772,0.0195504,0.0016956,0.000642414,0.000407685,
0.000342443,0.000267432,0.000176114,9.7841e-05,0.000120671,0.000127193,9.7841e-05,9.7841e-05,0.000146761,0.000136977,0.00102407,0.000384841,0.000485944,0.00101428,0.00227317,0.0236156,0.947391,0.0197378,0.00171548,0.000746853,
0.000910535,0.000485823,0.00028416,0.000293327,0.000207773,0.000219995,0.000210829,0.000247494,0.000430824,0.000675263,0.00172941,0.000543877,0.000571376,0.000693596,0.000953312,0.00247495,0.0235242,0.941157,0.0222714,0.0021144,
0.00236557,0.0010711,0.000548243,0.000416258,0.000228435,0.000187824,0.000137061,0.000111679,0.000182748,0.000162442,0.00102542,0.000294427,0.000375648,0.000467022,0.000639617,0.00117263,0.00271076,0.0249907,0.941384,0.0215287,
0.026549,0.00324084,0.00132808,0.000739212,0.000509514,0.00046775,0.000551277,0.000563806,0.000572159,0.000897913,0.00206311,0.000868679,0.000655686,0.00055963,0.000647333,0.000772623,0.0013239,0.00340789,0.037324,0.916958,


0.931837,0.0252984,0.00288164,0.00138078,0.000738419,0.000474269,0.00026415,0.000210119,0.000210119,0.000192109,0.00075643,0.000180102,0.000192109,0.000186106,0.000276157,0.000414235,0.000570324,0.00120068,0.00266551,0.0300711,
0.0271779,0.943298,0.0181246,0.00179398,0.000885722,0.000579212,0.000410182,0.000412435,0.000428211,0.000599496,0.00170383,0.00036736,0.000236643,0.000238897,0.000259181,0.000207345,0.000302002,0.000484555,0.000664855,0.00182553,
0.00215543,0.0251899,0.942412,0.0214601,0.0026619,0.00121709,0.000632104,0.000365128,0.000302311,0.000239493,0.000883375,0.000192379,0.00014134,0.000125636,0.000121709,0.000196306,0.000200232,0.000259123,0.000404389,0.000840188,
0.00105181,0.00254747,0.0374661,0.925668,0.0252957,0.00293164,0.00113014,0.000723586,0.000447579,0.000261088,0.000548284,0.000152923,0.000134274,0.000134274,0.000126814,0.000152923,0.000149193,0.000238709,0.000339414,0.000499797,
0.000374321,0.000709427,0.00204985,0.0274538,0.934401,0.0282309,0.00306587,0.00123704,0.000570394,0.000295892,0.000581089,0.000142598,0.000114079,9.2689e-05,6.77343e-05,8.55591e-05,7.12992e-05,0.000139033,0.000106949,0.000210333,
0.000214724,0.000400168,0.00068972,0.00201385,0.0326609,0.932525,0.0250544,0.0030159,0.00121026,0.000614892,0.000595372,0.00019195,0.000143149,0.00015291,9.43485e-05,8.45883e-05,8.13349e-05,6.18145e-05,8.78417e-05,0.000107362,
9.57574e-05,0.000188927,0.000279508,0.000605601,0.00163823,0.0261806,0.934877,0.0304535,0.00298142,0.00109215,0.000709123,0.000232923,0.000173399,9.05814e-05,6.9877e-05,5.43488e-05,3.88206e-05,7.24651e-05,8.02292e-05,8.54053e-05,
3.98463e-05,7.96927e-05,0.000150329,0.000255379,0.000566905,0.00153408,0.0285553,0.927679,0.0362113,0.00293233,0.00105774,0.000329638,0.00018112,0.000124973,6.52031e-05,5.97695e-05,2.35456e-05,3.26016e-05,5.79583e-05,6.33919e-05,
3.00413e-05,3.69739e-05,4.5062e-05,0.000107455,0.000205667,0.000409024,0.00135764,0.033317,0.930215,0.0307808,0.00237557,0.000582339,0.000219533,0.0001063,6.58598e-05,4.15957e-05,3.92848e-05,2.88859e-05,1.8487e-05,1.73315e-05,
3.55904e-05,3.06473e-05,4.4488e-05,6.32719e-05,9.29306e-05,0.000156202,0.00040237,0.00156894,0.0368094,0.922862,0.0352493,0.00184378,0.000397426,0.000178941,8.20557e-05,5.14084e-05,4.74539e-05,3.16359e-05,3.16359e-05,2.07611e-05,
5.94872e-05,5.437e-05,6.84423e-05,7.22802e-05,7.86766e-05,0.000114497,0.000189336,0.000335175,0.00131767,0.0326585,0.950782,0.0126266,0.000867362,0.000274409,0.000138804,8.82714e-05,8.31542e-05,7.35595e-05,5.88476e-05,5.88476e-05,
5.17722e-05,6.32772e-05,5.36897e-05,5.56072e-05,7.47821e-05,0.000111214,0.000195584,0.000425683,0.000945323,0.00362789,0.0507291,0.920948,0.0199726,0.00159152,0.000533062,0.000224346,0.000155317,0.000107379,6.51947e-05,6.90297e-05,
7.05165e-05,7.8653e-05,7.32287e-05,8.13652e-05,7.59409e-05,0.000138321,0.000168155,0.000284778,0.00049904,0.00121777,0.00361261,0.0334031,0.930368,0.026723,0.00186326,0.000629224,0.000306476,0.000168155,0.000122048,0.000116623,
0.00012984,7.3243e-05,0.00012984,8.65599e-05,6.32553e-05,0.000119852,0.00012984,0.000189766,0.000372873,0.000635882,0.00166461,0.00366548,0.0380264,0.923335,0.027819,0.0021074,0.000735759,0.000366215,0.000226387,0.000123181,
0.000102169,7.24791e-05,5.50142e-05,2.8817e-05,5.85072e-05,7.16058e-05,7.5972e-05,7.16058e-05,0.000127493,0.000213944,0.00123738,0.000495128,0.00101121,0.0162528,0.962519,0.0162659,0.000642706,0.000331832,0.000227916,0.000138845,
0.000197423,0.000115947,0.000122215,7.20752e-05,8.14763e-05,8.77438e-05,0.000103412,0.000125348,0.000156685,0.000184889,0.000883705,0.000438719,0.000861769,0.00248503,0.0336215,0.938062,0.0198426,0.0016546,0.000611073,0.000291435,
0.000391699,0.000276493,0.000197495,0.00014483,0.000115205,9.21644e-05,7.8998e-05,9.5456e-05,0.000111914,0.000157996,0.00114218,0.000322575,0.000418031,0.000951268,0.00241273,0.0236895,0.947229,0.0198614,0.00157667,0.000734023,
0.000895039,0.000409082,0.000310244,0.000252588,0.000194932,0.000189441,0.000244351,0.000389864,0.00042281,0.000546358,0.00175164,0.000606759,0.000499684,0.000735799,0.00111468,0.00254784,0.0233726,0.943525,0.020056,0.00193559,
0.00230954,0.000996372,0.000577385,0.000342343,0.000219713,0.000189055,0.000199274,0.000163507,0.000102192,0.00025548,0.000950386,0.000214603,0.000316795,0.000480302,0.000730673,0.00112411,0.00280006,0.0248429,0.9408,0.0223852,
0.0272442,0.00285114,0.0013742,0.00056509,0.000462347,0.000419537,0.000428099,0.000419537,0.000586495,0.000783421,0.00182798,0.000552247,0.000458066,0.000560809,0.000505156,0.000753454,0.00121152,0.00287254,0.0282759,0.927848,


0.930897,0.025937,0.00311844,0.00142729,0.000755622,0.000443778,0.000305847,0.000263868,0.00023988,0.000227886,0.000623688,0.00023988,0.000191904,0.000191904,0.000281859,0.000353823,0.0005997,0.0011994,0.00278861,0.029913,
0.0269917,0.940828,0.0193128,0.0021424,0.000976415,0.000701149,0.000433674,0.000355768,0.00047782,0.000602469,0.00171392,0.000483014,0.000311622,0.000298638,0.000257088,0.000264879,0.000355768,0.000545338,0.000812814,0.00213461,
0.00146569,0.0247369,0.950073,0.0165287,0.00183556,0.000928152,0.00049778,0.000299014,0.000212593,0.000169383,0.00112,0.000131359,0.000120988,0.000124445,0.000126173,0.000155556,0.000184939,0.000288643,0.000392347,0.000608398,
0.000802147,0.00217726,0.0279088,0.93591,0.0252806,0.00280197,0.00122725,0.000669072,0.000454673,0.000295722,0.000864988,0.000114592,0.000125682,9.98063e-05,0.000103503,0.000129379,0.000125682,0.000177433,0.000317902,0.000414011,
0.0003422,0.000791337,0.00207815,0.0263066,0.935175,0.0287448,0.00283741,0.00109433,0.000691528,0.000317248,0.000502606,0.000192487,8.91145e-05,6.7727e-05,7.48562e-05,0.000103373,0.000110502,9.26791e-05,0.00012476,0.000263779,
0.00018444,0.00029256,0.000734581,0.00197478,0.0316728,0.933614,0.0251157,0.00305598,0.00122748,0.000534241,0.000632821,0.00021306,0.00012084,9.85801e-05,8.58601e-05,5.08801e-05,7.95001e-05,8.58601e-05,8.58601e-05,0.00013992,
0.000107608,0.000174565,0.000306086,0.000624129,0.00172891,0.0263091,0.934725,0.0302475,0.0030489,0.00106174,0.000657607,0.000289347,0.000155434,0.000102826,7.65215e-05,8.13041e-05,5.02172e-05,7.17389e-05,7.65215e-05,0.000105217,
8.92365e-05,0.000120664,0.000182373,0.000326436,0.000793035,0.00262754,0.0701013,0.901896,0.0179558,0.00324669,0.00136539,0.000459488,0.000239034,0.000146816,8.83189e-05,7.54725e-05,6.53789e-05,6.65259e-05,7.40961e-05,8.05193e-05,
3.85207e-05,4.86094e-05,4.67751e-05,9.99703e-05,0.000168757,0.000414556,0.0014592,0.0344824,0.931155,0.0286823,0.00223145,0.000566804,0.000238461,0.000124734,6.51183e-05,4.12721e-05,4.58579e-05,2.93491e-05,2.84319e-05,3.21006e-05,
3.26493e-05,2.77024e-05,4.15537e-05,5.44155e-05,0.000104874,0.000169183,0.000371015,0.00152363,0.0357836,0.922576,0.0366068,0.00182638,0.000466984,0.000151374,8.31073e-05,5.14474e-05,3.46281e-05,3.36387e-05,2.3745e-05,3.75962e-05,
5.17322e-05,5.17322e-05,5.36482e-05,7.3447e-05,9.45231e-05,0.000114961,0.000164138,0.0003551,0.001308,0.0317578,0.951374,0.0129925,0.000841766,0.000259939,0.000139869,0.000102826,8.04724e-05,7.28083e-05,6.13123e-05,4.98162e-05,
4.79814e-05,4.60622e-05,7.10125e-05,6.33355e-05,5.37392e-05,0.000130509,0.000166975,0.000343547,0.000907808,0.00373487,0.0493057,0.922061,0.0203173,0.00161793,0.00054123,0.000228392,0.000136267,9.21243e-05,6.14162e-05,7.29318e-05,
9.78886e-05,8.15738e-05,5.16634e-05,6.52591e-05,5.98208e-05,0.000103327,0.000138676,0.000269194,0.000527511,0.00120729,0.00364363,0.0325153,0.930893,0.0271179,0.00188979,0.000581893,0.000353487,0.000193058,0.00012508,8.4293e-05,
0.000124328,9.07255e-05,8.06449e-05,6.04837e-05,8.06449e-05,9.07255e-05,9.40857e-05,0.000228494,0.000342741,0.000614917,0.00153897,0.00321235,0.0368514,0.924486,0.0285449,0.00215389,0.000725804,0.000359542,0.00017137,0.000147849,
0.000109953,7.21568e-05,9.6209e-05,8.9337e-05,7.21568e-05,7.21568e-05,8.59009e-05,0.000109953,0.000230214,0.000333296,0.0007628,0.00105143,0.00272821,0.0309278,0.929324,0.0307182,0.00203413,0.000676899,0.000312679,0.000192418,
0.00023117,0.000113957,0.000123725,0.000107445,0.000100933,9.11657e-05,8.1398e-05,0.000130237,0.00015954,0.000240938,0.000739093,0.000546994,0.000914913,0.0027252,0.0343011,0.935832,0.0207532,0.0018168,0.000644672,0.000345127,
0.000477594,0.000255153,0.000143932,0.000111221,0.000127576,0.000130848,0.000124305,0.000140661,0.000124305,0.000153746,0.000938832,0.000415441,0.000539747,0.000968273,0.002316,0.0236769,0.946997,0.0200655,0.00160943,0.000683679,
0.000998767,0.000592919,0.000380483,0.00023146,0.000168046,0.000171217,0.000244143,0.000355117,0.000393165,0.000669015,0.00177559,0.00059926,0.000608772,0.000722917,0.00102413,0.00253972,0.0238531,0.940765,0.0218619,0.00204509,
0.00220594,0.00115139,0.00064564,0.000441188,0.000269017,0.000188312,0.000247495,0.000134508,0.000177551,0.000220594,0.0009577,0.000279777,0.000419666,0.000414286,0.000613358,0.00121058,0.00279239,0.0248625,0.939041,0.0237273,
0.0273629,0.00278274,0.00118123,0.000818454,0.000398167,0.000402591,0.000451256,0.000482224,0.000606098,0.00103523,0.00209259,0.00069458,0.000570706,0.000526465,0.00057513,0.000756517,0.00126086,0.00312782,0.0280044,0.92687,


0.931898,0.0257469,0.00324978,0.00119099,0.000736139,0.000436896,0.000251365,0.00022144,0.000185531,0.000239395,0.000658336,0.000167576,0.000191516,0.00022144,0.000293259,0.000383032,0.000718184,0.00113114,0.0028069,0.029272,
0.0269115,0.935764,0.0220802,0.00238827,0.00118126,0.000727425,0.000556834,0.000553615,0.000582584,0.000930203,0.00209859,0.000495679,0.000399118,0.00029612,0.000273589,0.00029612,0.000431305,0.000643739,0.000975264,0.00241402,
0.00186191,0.0250465,0.942211,0.021955,0.00266486,0.0010706,0.000608999,0.000407292,0.000287044,0.000259891,0.00102405,0.000147401,9.69744e-05,0.000147401,0.000162917,0.000147401,0.000182312,0.000349108,0.000480993,0.000888286,
0.000845926,0.00205494,0.0252426,0.93861,0.0254705,0.00290087,0.0010352,0.000687556,0.000309014,0.000324465,0.000815024,0.000150644,9.65669e-05,0.000131331,0.000123606,0.000127468,0.000123606,0.000212447,0.00033219,0.000405581,
0.000363437,0.000733604,0.00179699,0.0256122,0.93695,0.0281832,0.00262482,0.0011105,0.000585537,0.000336516,0.000578807,0.000154797,9.42244e-05,9.08592e-05,7.40334e-05,8.74941e-05,0.00011105,0.000114415,0.000121146,0.000275943,
0.000206718,0.000361756,0.000644473,0.0020459,0.0299862,0.935431,0.0248943,0.00297613,0.00113695,0.000574554,0.000729592,0.000270557,0.000127679,0.000115519,7.29592e-05,6.99192e-05,8.51191e-05,7.59992e-05,9.1199e-05,0.000103359,
0.000116291,0.000173144,0.000330783,0.000620218,0.00172886,0.0250465,0.93518,0.0313856,0.00281165,0.00098718,0.000651228,0.00023775,0.000193818,0.000136965,7.4943e-05,7.23587e-05,5.68533e-05,6.20218e-05,6.71902e-05,6.71902e-05,
6.96506e-05,8.57238e-05,0.000141087,0.000251814,0.000505413,0.00148766,0.027303,0.927028,0.0383007,0.00295033,0.000919745,0.000341109,0.00019645,0.000108941,7.32224e-05,5.17914e-05,4.46478e-05,4.82196e-05,5.00055e-05,4.28619e-05,
3.7904e-05,5.30656e-05,4.98167e-05,0.000100716,0.000158114,0.000372542,0.001253,0.0322974,0.93158,0.030712,0.00227424,0.000567477,0.000205764,0.000103965,6.49782e-05,4.22359e-05,4.00699e-05,1.94935e-05,3.46551e-05,3.24891e-05,
2.07375e-05,1.62389e-05,2.5675e-05,3.22583e-05,5.93597e-05,0.000114879,0.000301187,0.00130745,0.0706123,0.916181,0.0100819,0.000817211,0.000200023,8.74486e-05,4.31208e-05,2.79791e-05,2.20542e-05,1.72264e-05,1.4593e-05,1.70069e-05,
5.24687e-05,6.20667e-05,6.33464e-05,7.16646e-05,8.70213e-05,0.000120934,0.000166364,0.000374959,0.00130212,0.0308913,0.9518,0.0134083,0.000820943,0.000282819,0.000146528,9.59794e-05,7.16646e-05,6.07869e-05,6.59058e-05,5.50282e-05,
1.29599e-05,1.34732e-05,1.25108e-05,1.52696e-05,1.81567e-05,2.86786e-05,4.61295e-05,9.3863e-05,0.00029904,0.00128226,0.0712365,0.919362,0.00655213,0.000683474,0.000177525,7.51931e-05,3.55435e-05,2.29044e-05,1.91832e-05,1.3409e-05,
7.04701e-05,8.4022e-05,5.96285e-05,7.31804e-05,8.94428e-05,0.000132809,0.000170754,0.000235804,0.000533946,0.00115462,0.00356416,0.0322157,0.930826,0.0274969,0.00192166,0.000645072,0.000295432,0.000173465,0.000157202,0.000100284,
0.000126027,0.000102811,0.000126027,9.61784e-05,0.000102811,0.000155875,0.000182407,0.000205623,0.000358182,0.000782693,0.00155875,0.00363488,0.0353306,0.924964,0.0289497,0.00190367,0.000686515,0.000338283,0.000235471,0.000159192,
0.000147457,0.000116594,0.000116594,8.91602e-05,6.85848e-05,0.000106306,8.91602e-05,0.000116594,0.000216042,0.000332636,0.000857309,0.00110764,0.00272624,0.0307774,0.928806,0.0311958,0.00192723,0.000648126,0.000342924,0.000212613,
0.000136532,8.02031e-05,7.05041e-05,6.75198e-05,6.78929e-05,6.4349e-05,6.67737e-05,8.85964e-05,0.0001093,0.00017253,0.000711196,0.000344687,0.00058884,0.00169881,0.0340936,0.946716,0.0133939,0.000916367,0.000375462,0.000237252,
0.000374592,0.000192358,0.000124864,0.000124864,0.000138363,0.000148487,0.000118115,0.000107991,0.000145112,0.000239604,0.000985414,0.000388091,0.000472459,0.000870674,0.00259515,0.0235723,0.945714,0.021237,0.00172448,0.000725562,
0.000600241,0.000356579,0.000309035,0.000211966,0.000202061,0.000195128,0.000223852,0.000329835,0.000376389,0.000489305,0.00172743,0.000603212,0.000565573,0.000677499,0.000828055,0.00197703,0.0234757,0.947069,0.0182321,0.00155013,
0.00214114,0.00113569,0.000630359,0.000411557,0.000260479,0.000197964,0.000177126,0.000182335,0.000104192,0.000208383,0.000942934,0.000187545,0.000317784,0.000385509,0.000672036,0.00116695,0.00273503,0.0250268,0.940017,0.0230993,
0.0275663,0.00311094,0.00122905,0.000747851,0.000487329,0.000416835,0.000490394,0.000551694,0.000674292,0.000986919,0.00202901,0.000885775,0.000674292,0.000640578,0.000606863,0.000757046,0.00115549,0.00332549,0.0355352,0.918129,


0.932057,0.0267726,0.00322765,0.00139704,0.000686478,0.000505826,0.000319152,0.000252913,0.000198717,0.000228826,0.000710565,0.000156565,0.000258935,0.000210761,0.000331196,0.00037937,0.000620239,0.00108391,0.00277,0.0278325,
0.0271558,0.935134,0.0231738,0.00244347,0.00117927,0.000829735,0.000601068,0.000522667,0.000506334,0.000852601,0.00142427,0.000463867,0.000388734,0.000316867,0.000300534,0.0003136,0.000434467,0.000421401,0.000878735,0.00265907,
0.00194346,0.0243236,0.943894,0.0212869,0.00256218,0.00113495,0.00058076,0.000406152,0.000246728,0.000223953,0.000823692,0.000178403,0.000129058,6.45289e-05,9.48954e-05,0.000144241,0.000204974,0.000341623,0.000531414,0.000884425,
0.000865957,0.00210842,0.0250826,0.938811,0.0252182,0.00287648,0.00120858,0.00062123,0.000387798,0.000289907,0.000764301,0.000229667,0.000120481,9.03608e-05,0.000131776,0.000139306,0.000176956,0.000229667,0.000256022,0.000391563,
0.000363144,0.000726288,0.00202275,0.025006,0.937288,0.0282811,0.00261667,0.00114373,0.000515868,0.000312236,0.000587139,9.16345e-05,0.000139149,8.14528e-05,9.84222e-05,8.14528e-05,8.14528e-05,0.000132361,0.000186663,0.000244359,
0.000207634,0.000299238,0.000690078,0.00199695,0.0297375,0.935942,0.0250444,0.00278779,0.0010626,0.000577101,0.000656491,0.000183207,0.000125191,0.000112977,6.71758e-05,0.000128245,7.63361e-05,9.16033e-05,8.85499e-05,0.000125191,
0.000113861,0.000163028,0.000300178,0.00056154,0.00195633,0.0238202,0.935387,0.0317671,0.00307942,0.00105321,0.000724568,0.00032088,0.000170791,0.000121624,8.79833e-05,6.46936e-05,8.28078e-05,5.17549e-05,6.72813e-05,0.000106098,
4.5378e-05,0.000103462,0.000127058,0.000210554,0.000508233,0.00154285,0.0267349,0.926825,0.0391267,0.00279528,0.00107455,0.000314016,0.000170621,0.000114353,6.71594e-05,6.17141e-05,4.17477e-05,4.35629e-05,4.90082e-05,4.35629e-05,
3.23123e-05,4.26984e-05,5.65465e-05,7.84727e-05,0.000155791,0.000378516,0.00128441,0.0304682,0.930937,0.0330774,0.00232764,0.000596624,0.000248112,0.000100399,5.53925e-05,3.57743e-05,3.80824e-05,2.76963e-05,2.19262e-05,3.69283e-05,
3.5648e-05,2.6736e-05,3.86186e-05,5.84231e-05,7.22862e-05,0.000158435,0.000386186,0.00156356,0.0340765,0.922738,0.0381334,0.00186954,0.000413913,0.00017725,7.1296e-05,5.74329e-05,4.25795e-05,3.66382e-05,1.68338e-05,2.6736e-05,
2.49286e-05,2.11061e-05,1.84877e-05,1.85281e-05,2.09142e-05,3.18444e-05,5.94707e-05,0.000171057,0.000960927,0.0594713,0.932082,0.00621811,0.000593072,0.000118546,4.89109e-05,2.93842e-05,2.66933e-05,2.82207e-05,2.88908e-05,2.76212e-05,
4.60065e-05,6.1342e-05,7.47606e-05,3.83388e-05,9.20131e-05,0.000107349,0.000201279,0.0003508,0.000948885,0.00367861,0.0462653,0.923501,0.021924,0.00156231,0.000529075,0.000268371,0.000111182,9.00961e-05,7.85945e-05,7.09267e-05,
8.42284e-05,4.07557e-05,7.87943e-05,6.79261e-05,8.15113e-05,9.50965e-05,0.000163023,0.000225515,0.000510804,0.0011004,0.00352129,0.0312188,0.931384,0.0282192,0.00194269,0.000622203,0.00028529,0.00014672,0.000114116,9.78136e-05,
7.18053e-05,5.96537e-05,5.52349e-05,5.63396e-05,7.40147e-05,7.84335e-05,7.95382e-05,0.000146925,0.000229777,0.000392168,0.0014118,0.0014118,0.0182607,0.958181,0.0176707,0.000910271,0.000399901,0.000204369,0.000187799,0.000118203,
