0.931156,0.0236869,0.00299766,0.00136367,0.000522639,0.000414507,0.000324396,0.000324396,0.000258316,0.000162198,0.000642786,0.000174213,0.000264323,0.000258316,0.00020425,0.000450551,0.000618756,0.00124953,0.00250506,0.0324216,
0.0270808,0.949876,0.0147121,0.00153032,0.000778548,0.00043614,0.000332844,0.000237199,0.000216157,0.000212331,0.00121851,0.000164509,0.000133903,0.000105209,0.000164509,0.000181725,0.000221896,0.000401708,0.000621691,0.00137346,
0.00175847,0.025222,0.947294,0.01803,0.00231667,0.000877623,0.000538835,0.000409773,0.0002065,0.000158101,0.000758241,0.000183914,0.000135515,0.000135515,0.000132289,0.000203273,0.000171007,0.000248445,0.000442038,0.0007776,
0.00134861,0.00314551,0.0406015,0.927322,0.0181357,0.00267547,0.00134383,0.000864765,0.000614885,0.000394715,0.00104408,0.000224414,0.000163403,0.000165525,0.000165525,0.000186216,0.000225475,0.000305586,0.000404795,0.000667938,
0.000374595,0.000720649,0.00226897,0.0294003,0.935017,0.0254974,0.00290757,0.00108811,0.000624324,0.000346054,0.000506595,0.000156973,0.000139135,0.000110595,8.20541e-05,0.000110595,0.000128432,0.00011773,0.000185514,0.000217622,
0.000305706,0.000503929,0.00103732,0.00356299,0.0854666,0.887465,0.0153633,0.00272021,0.00117159,0.000596343,0.000588977,0.000219987,0.000148667,0.000118532,0.00010246,0.000102795,9.27497e-05,0.00011217,0.000145989,0.000174785,
0.000238316,0.000307095,0.000569067,0.00145662,0.00527011,0.0765331,0.88662,0.0200869,0.00429319,0.0019442,0.00107111,0.00043589,0.000232183,0.000170851,0.000126167,0.000108644,0.000109082,0.000111272,0.000136243,0.000180489,
6.88769e-05,7.06894e-05,0.000126878,0.000237444,0.000505701,0.00144641,0.0319951,0.928296,0.0324211,0.00297439,0.000929838,0.000364323,0.000183068,8.70024e-05,7.79396e-05,5.43765e-05,3.26259e-05,2.90008e-05,5.6189e-05,4.35012e-05,
4.44538e-05,4.44538e-05,6.61107e-05,8.5488e-05,0.000161857,0.000382986,0.00125952,0.0379681,0.929383,0.0272023,0.00227854,0.000536865,0.000222269,0.000125382,5.58522e-05,5.47123e-05,3.64749e-05,2.96358e-05,3.5335e-05,2.62163e-05,
8.75244e-05,0.000109603,0.000127147,0.000188453,0.000355026,0.00066215,0.00189163,0.00848474,0.0710834,0.893638,0.0195199,0.0020519,0.000765444,0.000356997,0.000213489,0.000130498,9.9352e-05,8.2202e-05,7.88508e-05,7.33313e-05,
0.000112366,0.000116677,0.000121382,0.000125398,0.000153878,0.000230447,0.000407753,0.00121998,0.00688655,0.0594374,0.923731,0.00553861,0.000811664,0.00032234,0.000189526,0.000134932,0.000120496,0.000112242,0.000108818,0.000118032,
5.76444e-05,4.61155e-05,4.22726e-05,8.45452e-05,6.53303e-05,0.000113367,0.000178698,0.000395825,0.00100686,0.00352015,0.0570949,0.916439,0.0181445,0.001762,0.000476527,0.000224813,0.000130661,9.22311e-05,6.34089e-05,6.14874e-05,
0.000271146,0.000210486,0.00016718,0.000145865,0.00016645,0.000227631,0.00038543,0.000858984,0.0022786,0.00807762,0.0208826,0.072887,0.873115,0.0159234,0.00200027,0.000864143,0.000486061,0.000383762,0.000347023,0.000320966,
0.00027063,0.000226808,0.00017853,0.000159421,0.000156045,0.000194262,0.000282987,0.000501693,0.00108245,0.00278477,0.00570552,0.0076233,0.0429111,0.919434,0.0150979,0.00138273,0.000753687,0.000507094,0.000404258,0.000342812,
0.000290993,0.000232982,0.000189122,0.000161367,0.000156989,0.000177707,0.000229073,0.000338371,0.000612789,0.00128445,0.00295543,0.00253161,0.00341952,0.0337506,0.935806,0.015053,0.00125146,0.000722948,0.000469169,0.000366751,
0.000385797,0.000287364,0.000224696,0.000185941,0.000179654,0.000190373,0.000255721,0.000348279,0.000536488,0.000906928,0.00229293,0.00137034,0.00176407,0.00258442,0.0340899,0.935526,0.0161325,0.00147166,0.000750568,0.000516389,
0.000606757,0.000427478,0.000327942,0.000281947,0.000259733,0.000302737,0.000387179,0.000471764,0.000698461,0.00110757,0.00265258,0.00124214,0.00126392,0.00163971,0.00292186,0.0236013,0.938604,0.0202111,0.0020407,0.000951501,
0.000804727,0.000522577,0.000368399,0.000293345,0.000230504,0.00022567,0.000255691,0.000309119,0.000373742,0.000488739,0.00184937,0.000588217,0.000679808,0.000817957,0.00135427,0.00275714,0.0235533,0.94567,0.0172349,0.00162243,
0.00197394,0.00108309,0.000600153,0.000361029,0.000253189,0.00021568,0.000239123,0.000225057,0.000295388,0.000248501,0.00111591,0.000201614,0.000403228,0.00039385,0.000576709,0.0011628,0.00238655,0.0250892,0.943089,0.0200864,
0.0273135,0.0031166,0.00127924,0.000701359,0.000484037,0.000543306,0.000513672,0.000498854,0.00058282,0.00102734,0.00191639,0.00081496,0.000726055,0.000726055,0.000617394,0.00081496,0.00123973,0.0035957,0.032223,0.921265,


0.931015,0.0240421,0.00299698,0.00131795,0.0008004,0.000391173,0.000361083,0.000282848,0.000222668,0.000228686,0.000740219,0.000228686,0.000210631,0.000240722,0.000240722,0.000517552,0.000625876,0.00120361,0.00267201,0.0316609,
0.0270783,0.94613,0.0149932,0.00153969,0.000920794,0.000629084,0.000525324,0.000414633,0.000413002,0.000502696,0.00162958,0.000281314,0.000246863,0.00021282,0.000218324,0.000255017,0.000354904,0.000528585,0.000888178,0.00223787,
0.00217459,0.0262686,0.944355,0.0185299,0.00240711,0.00110694,0.000533822,0.000448673,0.000327498,0.000219424,0.000995595,0.000121174,0.000153924,0.000117899,0.000203049,0.000173574,0.000199774,0.000284924,0.000553472,0.000825296,
0.00104967,0.00219322,0.0288105,0.935014,0.0247398,0.00314901,0.00119048,0.000665645,0.00039256,0.000324289,0.000733917,0.000183479,0.000115208,0.000106674,0.000119475,0.000102407,0.000157877,0.00019628,0.000264551,0.0004907,
0.000245903,0.000369896,0.000756464,0.0174018,0.962631,0.0142978,0.00116074,0.000561617,0.000325092,0.000232357,0.00123889,0.000121909,7.60631e-05,5.4182e-05,6.25176e-05,7.39792e-05,8.64827e-05,7.71051e-05,9.27345e-05,0.000133371,
0.000215824,0.000346626,0.000719413,0.00209938,0.0358268,0.930426,0.0237406,0.00309347,0.00126224,0.000621311,0.000604961,0.000199474,0.000143883,8.50215e-05,8.50215e-05,0.000107912,8.50215e-05,7.84814e-05,0.000111182,0.000147153,
0.000134488,0.000199146,0.000300012,0.000592265,0.00178197,0.0277925,0.935681,0.0276813,0.00303892,0.00110436,0.000664682,0.000307771,0.000214664,0.000103452,6.46578e-05,6.20715e-05,6.20715e-05,5.43125e-05,6.98304e-05,9.05209e-05,
5.97671e-05,6.15782e-05,0.00012859,0.000262613,0.000505304,0.00151953,0.0315136,0.928689,0.0325876,0.00286701,0.000916429,0.000340492,0.000172057,9.05562e-05,7.60672e-05,6.33894e-05,3.44114e-05,2.71669e-05,4.16559e-05,4.3467e-05,
3.10089e-05,5.39785e-05,7.57996e-05,7.35026e-05,0.000166529,0.000388186,0.00132879,0.0367433,0.929841,0.0279172,0.00226595,0.000573091,0.000202132,0.000103363,7.57996e-05,4.59392e-05,3.56028e-05,2.41181e-05,2.52665e-05,2.98604e-05,
3.62954e-05,1.37334e-05,4.21812e-05,6.9648e-05,8.73052e-05,0.000169706,0.000407097,0.00154501,0.0423882,0.920524,0.032042,0.00179908,0.000434564,0.000164801,8.82862e-05,5.68955e-05,4.7086e-05,2.94287e-05,3.04097e-05,2.45239e-05,
5.51677e-05,5.70922e-05,6.92804e-05,7.89027e-05,8.21101e-05,0.000115467,0.000168069,0.000352175,0.00133044,0.0368552,0.947553,0.0116975,0.000819176,0.00025467,0.000137919,0.000101996,8.01856e-05,7.24878e-05,5.13188e-05,6.79974e-05,
0.000206341,0.000165852,0.000133448,0.000126432,0.000149293,0.000245403,0.00053299,0.00134301,0.00502832,0.0320202,0.134748,0.801567,0.0185678,0.00289671,0.000862434,0.000382716,0.000257859,0.000251795,0.000265767,0.000249149,
5.26257e-05,4.70862e-05,6.64746e-05,8.03235e-05,6.64746e-05,0.000132949,0.000168956,0.000276978,0.000562265,0.00116331,0.00355362,0.0349573,0.931559,0.0239419,0.00195823,0.000717372,0.000263129,0.000188345,0.000144028,9.97119e-05,
0.000138114,0.000104427,6.73725e-05,0.000104427,7.74784e-05,0.000101059,0.000117902,0.000229067,0.000303176,0.000488451,0.00157652,0.0033282,0.0398643,0.924199,0.0257531,0.00201781,0.000737729,0.000333494,0.000218961,0.000239172,
0.000149792,8.85133e-05,8.17046e-05,9.53221e-05,8.5109e-05,8.17046e-05,9.87264e-05,0.000153196,0.000183835,0.000326819,0.00090556,0.000980456,0.00268944,0.0338802,0.930371,0.0266085,0.00192346,0.000684276,0.000411928,0.000200857,
0.000266964,0.000193123,9.37212e-05,7.6681e-05,8.23611e-05,8.23611e-05,7.95211e-05,0.000122122,0.000136322,0.000204483,0.00075261,0.000471446,0.000911652,0.00230043,0.0337567,0.940305,0.0178156,0.00151374,0.000519727,0.000315244,
0.000379528,0.000203926,0.000181267,0.000141615,7.93044e-05,0.000101963,8.21367e-05,0.000107627,0.00017277,0.000155776,0.000914833,0.000305888,0.000444671,0.000787379,0.00228283,0.0236185,0.950115,0.0178123,0.00149545,0.000617441,
0.000720718,0.000414878,0.000311159,0.000215418,0.000188823,0.000257969,0.000249991,0.000257969,0.000382964,0.000470727,0.00146271,0.000510619,0.000534555,0.000598382,0.000944114,0.0021196,0.0233422,0.946765,0.0183796,0.00187227,
0.00192088,0.000879608,0.000546561,0.000404467,0.000355011,0.000381009,0.000468865,0.000566434,0.000775167,0.0012131,0.00293123,0.001074,0.000803108,0.000772776,0.000816704,0.00112764,0.00240469,0.0251735,0.937345,0.0200405,
0.0218903,0.00267628,0.0013402,0.000864907,0.00066247,0.000551569,0.000525164,0.000499933,0.000561544,0.000703544,0.00168698,0.000592057,0.000579148,0.000573867,0.000729949,0.00103155,0.0018636,0.00392788,0.038124,0.920615,


0.930632,0.0245086,0.00311832,0.00116207,0.000724105,0.000513881,0.000309496,0.000175187,0.000251101,0.00026278,0.00065403,0.000169347,0.000175187,0.000198545,0.000268619,0.00039125,0.00064819,0.00124966,0.00287306,0.0317146,
0.0270945,0.937864,0.0213182,0.00237847,0.00103508,0.000560011,0.000456189,0.000434166,0.000490796,0.000767655,0.00169576,0.00048765,0.000355512,0.000330343,0.000324051,0.000342928,0.000383828,0.000578888,0.000918669,0.00218341,
0.00185525,0.025148,0.946828,0.018126,0.00233963,0.000983985,0.000587954,0.00040517,0.000255897,0.000155366,0.00120942,0.000112717,9.74846e-05,9.44382e-05,0.000112717,0.000164505,0.000188876,0.000258943,0.000365567,0.00070981,
0.000891342,0.00216836,0.02959,0.934212,0.0249576,0.00318826,0.00131559,0.000544233,0.00042853,0.000325683,0.000745642,0.00013713,0.000149985,0.000128559,7.71354e-05,0.000119988,0.00013713,0.000167127,0.000269974,0.000445671,
0.000544098,0.00101115,0.00277546,0.0560005,0.915764,0.016877,0.00238329,0.00119554,0.000649714,0.000449303,0.000734553,0.000220323,0.000170977,0.000117736,0.000125095,0.000136349,0.000135483,0.000152365,0.000241533,0.000315118,
0.000190084,0.00032773,0.00075378,0.00196966,0.0355096,0.931124,0.0237736,0.00305117,0.00112084,0.000606301,0.000563696,0.000186806,0.000154033,0.000111428,6.22687e-05,8.19326e-05,6.88233e-05,0.000101596,8.19326e-05,0.000160588,
0.000106838,0.000152973,0.000288949,0.000597322,0.00180654,0.0287662,0.93553,0.0271539,0.00296233,0.00105138,0.000645885,0.000242814,0.000155401,0.000118979,5.82753e-05,7.0416e-05,5.82753e-05,7.52723e-05,7.77005e-05,8.01286e-05,
6.16266e-05,7.21911e-05,0.000151425,0.000218334,0.000521185,0.00156708,0.0310087,0.927832,0.0338647,0.0027908,0.0009737,0.000343348,0.000174315,0.000107406,6.16266e-05,6.51481e-05,5.8105e-05,3.69759e-05,3.69759e-05,5.45835e-05,
3.67716e-05,3.44733e-05,6.09029e-05,8.61833e-05,0.000165472,0.000395294,0.00130194,0.035943,0.92997,0.0285612,0.00237291,0.000551573,0.000190752,0.000122955,5.05609e-05,4.25171e-05,3.79207e-05,2.0684e-05,1.83858e-05,3.67716e-05,
3.239e-05,2.8464e-05,4.02422e-05,6.57616e-05,8.73549e-05,0.000153117,0.000379847,0.00154687,0.0413366,0.921056,0.0326914,0.00173139,0.000436775,0.000146246,7.85213e-05,5.98725e-05,3.63161e-05,3.239e-05,2.25749e-05,3.82791e-05,
4.43411e-05,5.65509e-05,5.65509e-05,7.0046e-05,8.86821e-05,0.000116315,0.000180577,0.000388145,0.00132959,0.0361225,0.948092,0.011904,0.0007885,0.000282112,0.000139449,9.70362e-05,6.81181e-05,6.94034e-05,5.78362e-05,4.81968e-05,
5.32975e-05,4.56836e-05,3.61662e-05,6.09114e-05,8.75602e-05,0.00012563,0.000156086,0.00033882,0.000953645,0.00372892,0.0543958,0.918177,0.0189968,0.00172455,0.000506326,0.000230321,0.000146568,9.70776e-05,8.18497e-05,5.71045e-05,
6.90778e-05,5.80253e-05,6.63146e-05,8.28933e-05,7.18409e-05,0.000143682,0.000135392,0.000270785,0.000522228,0.00116327,0.00372467,0.0341852,0.931127,0.025078,0.00195076,0.000641042,0.000317758,0.000179602,0.000121577,9.11826e-05,
0.000123842,0.000117148,0.000113801,8.70243e-05,9.70656e-05,9.03714e-05,0.000140578,0.000257726,0.000384915,0.000789913,0.00167354,0.0033906,0.0381568,0.925397,0.0255852,0.0020685,0.000709583,0.000374874,0.000274461,0.000167354,
0.000108455,0.000105066,0.000105066,7.79518e-05,8.1341e-05,9.48979e-05,0.000115233,0.000138958,0.000267748,0.000338921,0.000860859,0.00110827,0.00277915,0.0353766,0.928189,0.0272662,0.00180645,0.000616836,0.00034231,0.000220299,
0.000178063,0.000146972,0.000115882,8.47918e-05,0.000121535,8.76181e-05,7.63126e-05,9.60973e-05,0.00017241,0.000234591,0.00104576,0.000539841,0.000842265,0.00236286,0.0338404,0.939303,0.0183037,0.00152625,0.000624633,0.000296771,
0.000363707,0.000299695,0.000165851,0.000104748,0.000101838,0.000128025,0.000101838,9.31091e-05,0.000125115,0.000154212,0.00117259,0.000352069,0.000439358,0.000837982,0.00210659,0.0232045,0.950443,0.0176383,0.00156831,0.00059939,
0.00078409,0.000489462,0.00031126,0.000171074,0.000156818,0.000147314,0.000237603,0.000235227,0.000289876,0.000413429,0.00155392,0.000491838,0.000446694,0.000639152,0.000860123,0.00222159,0.0234419,0.946228,0.0189655,0.00191508,
0.00220285,0.0010387,0.000536914,0.000361288,0.000225805,0.000225805,0.000205733,0.000180644,0.000160572,0.000145519,0.00116415,0.000275984,0.000361288,0.000376342,0.000637272,0.00113404,0.00278493,0.0274328,0.93821,0.0223396,
0.027473,0.00341975,0.00116866,0.000675329,0.000474167,0.000402324,0.000502905,0.000464588,0.000847754,0.00106807,0.00211699,0.000795069,0.000742383,0.000694488,0.000579538,0.000828596,0.0014704,0.00357302,0.0314196,0.921283,


0.931356,0.0242374,0.00347712,0.00134384,0.000554411,0.000464018,0.000283231,0.000235022,0.000204891,0.000216943,0.000693013,0.000156681,0.000156681,0.000138603,0.000216943,0.000283231,0.000644804,0.00133179,0.00276603,0.0312398,
0.0270304,0.952536,0.0133461,0.00111419,0.000645206,0.000480352,0.000316918,0.000187593,0.000137852,0.000160591,0.00126767,9.66388e-05,9.806e-05,0.000127904,0.000136431,0.000147801,0.000214595,0.000373765,0.000480352,0.0011014,
0.00181929,0.0246903,0.951807,0.0140662,0.00146836,0.000840687,0.000554432,0.000399135,0.000274898,0.000248706,0.00138979,0.000167581,0.000125628,0.000130727,0.000152052,0.000154138,0.00021023,0.000292514,0.000451751,0.000757013,
0.0010468,0.0021812,0.0285614,0.934967,0.0249699,0.00315354,0.00125704,0.000639467,0.000394192,0.000328494,0.000766485,0.000153297,0.000131397,0.000100738,0.000113878,0.000170817,0.000166437,0.000170817,0.000280314,0.000446751,
0.000361046,0.00068277,0.00198754,0.0278077,0.934901,0.0273716,0.00306353,0.00115463,0.000672045,0.000328873,0.000557655,0.000150138,0.000114391,0.000117965,6.79195e-05,7.14942e-05,8.5793e-05,0.000107241,0.000200184,0.000196609,
0.000150414,0.000323718,0.000745532,0.00201097,0.03418,0.931787,0.0243835,0.00289711,0.00131122,0.000578768,0.00053626,0.000225621,0.000140605,0.000107906,0.000114446,9.80963e-05,9.48264e-05,9.48264e-05,0.000114446,0.000104636,
0.000144839,0.000144839,0.000300025,0.000615568,0.00185446,0.0267668,0.935508,0.0289524,0.00303387,0.00108371,0.0006285,0.000256055,0.000131907,0.000134494,5.69012e-05,8.27654e-05,6.46605e-05,4.9142e-05,8.53518e-05,0.000106043,
6.34368e-05,6.68658e-05,0.000138875,0.000272607,0.000502351,0.00157049,0.0308268,0.927867,0.0339387,0.00279293,0.00105271,0.000315469,0.000152591,0.000118301,8.05818e-05,5.14352e-05,3.42901e-05,4.62917e-05,5.14352e-05,5.65787e-05,
4.24292e-05,4.01358e-05,4.3576e-05,8.94454e-05,0.000160543,0.000394477,0.0012637,0.0349342,0.930556,0.0290812,0.00228086,0.000566488,0.000219027,9.05922e-05,5.73368e-05,4.12825e-05,2.75217e-05,4.01358e-05,2.86684e-05,4.24292e-05,
3.72945e-05,4.71089e-05,2.94431e-05,6.37933e-05,8.83292e-05,0.000180584,0.000358224,0.0016125,0.0400298,0.921756,0.0332491,0.00172929,0.000364112,0.000168807,8.44034e-05,5.59418e-05,3.72945e-05,3.72945e-05,3.63131e-05,3.43502e-05,
7.37537e-05,5.83616e-05,7.0547e-05,7.18297e-05,8.01671e-05,0.000125702,0.00017765,0.000381595,0.00132821,0.0349471,0.948798,0.0122957,0.000810008,0.000265513,0.000130191,8.91458e-05,8.20911e-05,8.78631e-05,6.41336e-05,6.2851e-05,
5.22727e-05,4.06565e-05,5.80808e-05,5.03367e-05,6.96969e-05,0.000110353,0.000181986,0.000387205,0.000998989,0.00369587,0.053051,0.919335,0.0190892,0.00171338,0.000505303,0.000234259,0.000185858,0.000104545,8.32491e-05,5.22727e-05,
7.18869e-05,8.57114e-05,6.08274e-05,7.46518e-05,8.84762e-05,0.000102301,0.000160363,0.000287548,0.000561271,0.00118613,0.0034561,0.0333417,0.931691,0.0254673,0.00208472,0.000624863,0.000290313,0.000179717,9.12411e-05,9.4006e-05,
0.000111177,8.08563e-05,0.000121284,0.000117915,6.06422e-05,0.000121284,0.000181927,0.00020551,0.000289735,0.000488507,0.00138466,0.003305,0.0385853,0.924847,0.0266421,0.00203825,0.000731075,0.000309949,0.000242569,0.00013476,
0.000172271,6.54628e-05,8.95807e-05,5.16812e-05,6.89083e-05,6.54628e-05,8.26899e-05,0.000175716,0.000234288,0.000296305,0.00070631,0.000968161,0.00258406,0.0325833,0.930365,0.0284522,0.00178128,0.000658074,0.00042034,0.000179161,
0.000139595,0.000160838,8.19361e-05,7.89015e-05,7.28321e-05,0.000121387,7.28321e-05,0.000118352,0.000185115,0.000260982,0.000719217,0.000412715,0.00092254,0.00243988,0.0334846,0.939018,0.0191457,0.00164176,0.000576588,0.000345953,
0.000384075,0.000285056,0.000201039,9.30182e-05,9.90194e-05,8.40165e-05,7.50147e-05,0.00010202,0.000126025,0.000195038,0.00114322,0.000369072,0.0005101,0.00081616,0.0020164,0.0235996,0.949137,0.0186847,0.00138627,0.000693136,
0.000935518,0.000496281,0.000345115,0.000282367,0.000205358,0.000245288,0.00024814,0.00029948,0.000362228,0.000656003,0.00177977,0.00063889,0.00059896,0.000653151,0.00114373,0.00239299,0.0233737,0.944485,0.019007,0.00185107,
0.00215495,0.000994591,0.00049256,0.00026996,0.000179974,0.000255752,0.000142084,0.000132612,0.000189446,0.000175238,0.0011272,0.000203654,0.000298377,0.000440462,0.000677269,0.0010609,0.00283695,0.0247795,0.942778,0.0208106,
0.0137672,0.000894218,0.000465062,0.000300922,0.000258178,0.000182947,0.000141912,0.000169269,0.000164994,0.000238515,0.00165935,0.000203465,0.000201755,0.00019748,0.00032315,0.00032315,0.000467626,0.000950641,0.0149427,0.964148,


0.915481,0.0194191,0.00254539,0.00127092,0.00083981,0.000647853,0.000507426,0.000488545,0.00052316,0.000624252,0.00129492,0.000401614,0.000360312,0.000350085,0.000420495,0.000566429,0.000833123,0.00135628,0.00363065,0.0484391,
0.0270928,0.941884,0.0187685,0.00199128,0.000938674,0.000492866,0.000468099,0.000416088,0.000428471,0.000579551,0.00173122,0.000344263,0.000282345,0.000314542,0.000215474,0.000274915,0.00038389,0.000510203,0.000859419,0.00202347,
0.00134606,0.0249661,0.951168,0.0160373,0.00169859,0.000690121,0.000433729,0.000267075,0.000239299,0.000134606,0.00112385,0.000102557,6.62345e-05,7.26443e-05,0.000108966,0.000121786,0.000181611,0.000279894,0.000329036,0.000632433,
0.000824805,0.00217486,0.0270955,0.936494,0.0249001,0.00308173,0.00141981,0.000627837,0.000418558,0.000242107,0.000845322,0.000160037,0.000168244,0.000172347,0.000143623,0.000102588,0.000188761,0.000196968,0.000262624,0.00048011,
0.000375582,0.00086205,0.00194587,0.0273603,0.935357,0.0274568,0.00294743,0.00110886,0.000618816,0.000357697,0.000518661,0.000175272,0.000125194,0.000114463,7.86934e-05,0.000110886,6.08085e-05,0.000100155,0.000143079,0.000182426,
0.000209837,0.000350822,0.000632791,0.0020787,0.0332297,0.932567,0.0242887,0.00317051,0.00122624,0.000531151,0.000645906,0.000209837,0.000167214,9.83613e-05,0.000111476,8.52465e-05,5.90168e-05,0.000108197,0.000121312,0.000108197,
9.83834e-05,0.000170876,0.000344342,0.000605835,0.00186152,0.0259188,0.935517,0.0297869,0.00300069,0.00105633,0.000665382,0.000251137,0.000155342,0.000119096,5.43698e-05,7.76711e-05,5.17807e-05,8.02601e-05,0.000100972,8.28492e-05,
8.19208e-05,8.72635e-05,0.000113977,0.000268914,0.000500429,0.00147814,0.0298227,0.927678,0.0352633,0.00282805,0.000950994,0.000347273,0.000204802,9.4387e-05,5.87693e-05,3.02751e-05,4.45222e-05,5.69884e-05,4.09604e-05,4.80839e-05,
3.67569e-05,3.44596e-05,5.39867e-05,9.64868e-05,0.000170001,0.000365272,0.00129913,0.0340736,0.930455,0.0299316,0.002349,0.00056284,0.000194122,0.000117163,6.20273e-05,5.05407e-05,5.16894e-05,2.18244e-05,3.79055e-05,3.67569e-05,
2.25803e-05,3.63248e-05,4.51606e-05,6.97043e-05,8.24671e-05,0.000178679,0.000395646,0.00154429,0.0388803,0.921835,0.0342268,0.00184078,0.000371102,0.000188496,8.24671e-05,5.79233e-05,3.927e-05,3.73065e-05,2.55255e-05,4.02518e-05,
5.39498e-05,5.71611e-05,5.71611e-05,6.93641e-05,8.47783e-05,0.000130379,0.000178548,0.000353243,0.00133719,0.0339152,0.949835,0.0123731,0.000766216,0.000289017,0.000122672,0.0001079,7.57867e-05,8.09248e-05,5.65189e-05,5.58766e-05,
3.50796e-05,3.70284e-05,6.43126e-05,7.60058e-05,6.04148e-05,0.000111085,0.000173449,0.000383927,0.000970535,0.00360345,0.052709,0.919568,0.0194107,0.00171305,0.000504756,0.000196835,0.000148114,9.54944e-05,8.18524e-05,5.65171e-05,
7.7248e-05,7.44891e-05,8.27657e-05,6.06948e-05,8.00068e-05,0.000104837,0.000165531,0.000256574,0.000491076,0.00125252,0.00369963,0.0330649,0.931498,0.0258119,0.00184843,0.000697991,0.00036141,0.00016829,0.000115872,8.82834e-05,
0.000127951,9.42799e-05,0.000101014,7.74442e-05,8.41785e-05,0.000127951,0.000134686,0.000185193,0.00032998,0.000585882,0.00143103,0.00317185,0.0368702,0.925536,0.0276476,0.00209773,0.000686896,0.000373752,0.000198661,0.000138053,
0.00015158,6.54552e-05,6.20102e-05,6.20102e-05,7.23452e-05,8.26802e-05,0.00011024,0.000175695,0.000234261,0.000261821,0.000819912,0.00104384,0.00266644,0.0328137,0.929167,0.0289243,0.00198088,0.000706227,0.000334166,0.000265266,
0.0002263,0.000124,7.75002e-05,8.37002e-05,9.92002e-05,8.68002e-05,9.30002e-05,0.0001054,0.0001674,0.000254201,0.000610701,0.000508401,0.000982702,0.0024707,0.0338924,0.937947,0.0195269,0.0016988,0.000638601,0.000406101,
0.00033994,0.000264761,0.000179776,9.47911e-05,0.000124209,0.000127478,9.80597e-05,9.80597e-05,0.00014709,0.000137284,0.0010329,0.000385702,0.000477224,0.00101655,0.00228152,0.0233872,0.947567,0.0197688,0.00171931,0.000751791,
0.000906856,0.000485489,0.000280912,0.000293125,0.000204577,0.000219844,0.00020763,0.000247324,0.000430528,0.000674799,0.00173127,0.000546557,0.000570984,0.000693119,0.000949604,0.00247019,0.0234897,0.941207,0.0222775,0.00211294,
0.00235098,0.00106173,0.00055109,0.000414581,0.000227514,0.000187067,0.000136508,0.000111229,0.000182011,0.000161788,0.00104656,0.000283129,0.000374134,0.00046514,0.000631983,0.00117802,0.00270994,0.0252743,0.94117,0.0214824,
0.0265248,0.00323626,0.00132791,0.000743296,0.000501098,0.000467692,0.000551208,0.00055956,0.000576263,0.000893625,0.00204198,0.00086857,0.000659779,0.000555384,0.000643076,0.000776702,0.00132373,0.00342,0.0375281,0.916801,


0.931904,0.025272,0.00289512,0.00139328,0.000747907,0.000476489,0.000265386,0.000217134,0.000211103,0.000193008,0.000723781,0.000180945,0.000193008,0.000186977,0.000271418,0.000416174,0.000572993,0.00119424,0.00267196,0.0300128,
0.0270431,0.943438,0.018134,0.001794,0.000895869,0.000573176,0.000412957,0.000412957,0.000426497,0.000595742,0.00168117,0.000370082,0.000239199,0.000239199,0.000257252,0.000209864,0.000300127,0.000482912,0.000665696,0.00182784,
0.00215436,0.0251879,0.942438,0.0214532,0.0026615,0.00121084,0.000636873,0.000369543,0.000306642,0.00023981,0.00086882,0.000192634,0.000137596,0.000125802,0.000125802,0.000196566,0.000200497,0.000255535,0.000400994,0.000837369,
0.00105177,0.00254895,0.0374632,0.925635,0.0253173,0.00292699,0.00113411,0.000722389,0.000452897,0.000265749,0.000553956,0.000153461,0.000134746,0.000134746,0.000131003,0.000153461,0.000149718,0.000239549,0.000333122,0.000497812,
0.00037873,0.000707438,0.00204728,0.0270792,0.934769,0.0282368,0.00307271,0.00124695,0.000564522,0.000296552,0.000578813,0.000135771,0.000114333,9.2896e-05,6.78855e-05,8.57501e-05,7.14584e-05,0.000135771,0.000107188,0.000210802,
0.000211837,0.00040086,0.000687655,0.00201734,0.0325349,0.932623,0.0250717,0.00302438,0.0012091,0.000612697,0.000596402,0.000189024,0.000146656,0.000153174,9.45118e-05,8.47347e-05,7.82167e-05,6.19215e-05,8.79937e-05,0.000114066,
9.58758e-05,0.000181387,0.000279854,0.000601167,0.00164025,0.026156,0.934898,0.0304781,0.00298251,0.0010935,0.00069186,0.000235803,0.000173613,9.58758e-05,6.99634e-05,5.4416e-05,3.88686e-05,6.99634e-05,7.77371e-05,8.55108e-05,
3.97939e-05,7.95879e-05,0.000148323,0.000251425,0.000566159,0.00153388,0.0285467,0.9277,0.0362179,0.00293209,0.00105092,0.000325587,0.000179073,0.000124808,6.51174e-05,5.96909e-05,2.35146e-05,3.61763e-05,5.78821e-05,6.14997e-05,
2.98891e-05,3.67866e-05,4.48336e-05,0.000104612,0.000204625,0.000408101,0.00135421,0.0332999,0.930255,0.03078,0.00237158,0.000577089,0.000220719,0.000106911,6.43765e-05,3.90857e-05,3.90857e-05,2.75899e-05,1.83933e-05,1.72437e-05,
3.52969e-05,3.03945e-05,4.31406e-05,6.275e-05,9.11835e-05,0.000156875,0.000401011,0.00155796,0.0376725,0.92227,0.0350086,0.00183053,0.000393168,0.000178445,8.23593e-05,5.19648e-05,4.90234e-05,3.1375e-05,3.23554e-05,2.05898e-05,
6.0377e-05,5.26693e-05,6.61578e-05,7.00117e-05,8.15732e-05,0.0001169,0.000187554,0.000334643,0.00132765,0.0327937,0.950656,0.0126117,0.000864548,0.000271697,0.000138739,8.7354e-05,7.96463e-05,7.70771e-05,6.0377e-05,6.16617e-05,
5.2697e-05,6.44075e-05,5.46488e-05,5.66005e-05,7.80697e-05,0.000111249,0.000197126,0.000429383,0.000960257,0.00368294,0.0509053,0.920726,0.019898,0.00161799,0.000542584,0.000226402,0.000156139,0.000107346,6.44075e-05,6.83109e-05,
7.46588e-05,7.18937e-05,6.91286e-05,8.01891e-05,7.7424e-05,0.000124431,0.000171439,0.000287575,0.000506021,0.00123602,0.00366381,0.0320065,0.931604,0.0267666,0.00189412,0.000641513,0.000312461,0.000168674,0.000124431,0.000118901,
0.000134038,7.37211e-05,0.000127336,8.3774e-05,6.03173e-05,0.000120635,0.000134038,0.000187654,0.000371956,0.000646735,0.00167548,0.00367265,0.0367232,0.924449,0.0279537,0.00211781,0.000743913,0.000371956,0.000231216,0.000120635,
0.000102822,7.29418e-05,5.44867e-05,3.07586e-05,5.88808e-05,7.2063e-05,7.64571e-05,7.11842e-05,0.000127429,0.000211795,0.00121892,0.000492138,0.00101416,0.0156078,0.963148,0.0162968,0.000641537,0.000335708,0.000227614,0.000138853,
0.000201298,0.000116376,0.000119521,7.23416e-05,8.49228e-05,8.8068e-05,0.00010694,0.000125811,0.000150974,0.000182427,0.00087439,0.000430904,0.000864954,0.00249421,0.0334784,0.938154,0.0198877,0.00166071,0.000616476,0.000289366,
0.000395892,0.000273825,0.000197946,0.00014516,0.000115468,9.23748e-05,7.91784e-05,8.90757e-05,0.000112169,0.000161656,0.00114149,0.000320013,0.000425584,0.000956739,0.00242154,0.0235325,0.94735,0.0198738,0.00158027,0.000735699,
0.000894307,0.000408748,0.00030999,0.000252381,0.000192029,0.000186543,0.000244151,0.000389545,0.000419721,0.000545911,0.00174747,0.00060352,0.000493789,0.000740684,0.00111377,0.0025485,0.0233809,0.943527,0.0200588,0.00194224,
0.00228967,0.000997278,0.000580049,0.000345994,0.000218791,0.000188262,0.00019335,0.000162821,0.000101763,0.000259496,0.000961661,0.000218791,0.000315465,0.000483374,0.000727606,0.00111939,0.0027934,0.0250846,0.940611,0.0223472,
0.0271649,0.00285428,0.00137793,0.000556307,0.000457883,0.00041937,0.000427928,0.00041937,0.000586262,0.000783109,0.0017973,0.000552028,0.000462163,0.000564865,0.000509235,0.000748875,0.0012196,0.00286284,0.0284658,0.92777,


0.930981,0.0259477,0.00311397,0.00143351,0.000752894,0.000445713,0.000307181,0.000265019,0.000240926,0.000234903,0.000608338,0.000240926,0.000192741,0.000180695,0.000283088,0.000349343,0.000608338,0.00120463,0.00280077,0.0298086,
0.0268469,0.940985,0.019338,0.00214317,0.000977952,0.000699652,0.000439558,0.000356328,0.000478572,0.000603417,0.00168281,0.000483774,0.00030691,0.000299108,0.000254892,0.000262695,0.000353727,0.000546197,0.000814093,0.00212757,
0.00146468,0.0247578,0.95003,0.0165317,0.00183647,0.000926882,0.000498026,0.000295703,0.000214428,0.000171196,0.00113093,0.000133153,0.000121048,0.000124507,0.000126236,0.000155633,0.000188489,0.000288786,0.000392541,0.000612157,
0.000801142,0.00218831,0.0278916,0.935897,0.0253102,0.00281142,0.00123139,0.000671328,0.000456206,0.000300428,0.000827105,0.000114979,0.000126106,0.000103852,0.000100143,0.000129815,0.000126106,0.000178032,0.000322682,0.000411698,
0.000342977,0.000785989,0.0020793,0.0260948,0.93542,0.0287386,0.00284743,0.00109681,0.0006931,0.000317968,0.000475166,0.000189352,8.57443e-05,6.78809e-05,7.50263e-05,0.000103608,0.000110753,8.9317e-05,0.000125044,0.000260806,
0.000181596,0.000293102,0.000739127,0.00197844,0.0317124,0.933558,0.0251176,0.00306164,0.00122338,0.000532044,0.000640364,0.000219826,0.000117878,0.000101948,8.6019e-05,5.09742e-05,7.96473e-05,7.96473e-05,8.6019e-05,0.000140179,
0.000107716,0.000174739,0.000306392,0.000627147,0.00173064,0.0263043,0.9347,0.0302802,0.00303999,0.00106519,0.000660659,0.000289637,0.000153196,0.000100535,7.65981e-05,8.13855e-05,5.02675e-05,7.18107e-05,7.42044e-05,0.000105322,
8.92528e-05,0.000120457,0.000182406,0.000326266,0.000792721,0.00262757,0.0700898,0.901903,0.0179589,0.00324843,0.00136632,0.000459342,0.000238849,0.000146613,8.81056e-05,7.57157e-05,6.53909e-05,6.63086e-05,7.41096e-05,8.0534e-05,
3.837e-05,4.84193e-05,4.65922e-05,0.000100493,0.000169011,0.000412935,0.00145349,0.0344581,0.931136,0.0287364,0.00223186,0.000564588,0.000235702,0.000124246,6.48636e-05,4.01972e-05,4.84193e-05,3.01479e-05,2.83207e-05,3.1975e-05,
3.13941e-05,2.84509e-05,4.02237e-05,5.29775e-05,0.000103993,0.000166781,0.000369862,0.00151084,0.0364682,0.922203,0.0363357,0.00181497,0.000464044,0.00014716,8.24095e-05,5.10154e-05,3.43373e-05,3.33562e-05,2.35456e-05,3.72805e-05,
5.57874e-05,5.25812e-05,5.57874e-05,7.43832e-05,9.61852e-05,0.000112857,0.000162232,0.000356526,0.00131581,0.0318956,0.951235,0.0129799,0.000840017,0.000260982,0.000137224,0.000103239,7.75894e-05,7.50244e-05,6.34822e-05,4.93751e-05,
4.88222e-05,4.68693e-05,6.83511e-05,6.24924e-05,5.07751e-05,0.000130844,0.000167948,0.000349567,0.000923716,0.00378665,0.0494237,0.922006,0.0201499,0.00164238,0.000550715,0.000228488,0.000136702,9.37387e-05,6.24924e-05,7.0304e-05,
9.97774e-05,8.31479e-05,4.98887e-05,6.09751e-05,5.82035e-05,0.000105321,0.00013858,0.000268845,0.000526603,0.00122505,0.00365851,0.0314881,0.931891,0.0270702,0.00192349,0.000593121,0.000357536,0.00019124,0.000124722,8.59195e-05,
0.000121727,9.12955e-05,8.45329e-05,6.08637e-05,8.11515e-05,9.12955e-05,9.46768e-05,0.000226548,0.000341513,0.000622162,0.00154864,0.00321563,0.0358115,0.925337,0.0286905,0.0021708,0.000733745,0.000358419,0.000172447,0.000145397,
0.000110151,7.22869e-05,9.63826e-05,8.94981e-05,6.88447e-05,7.22869e-05,8.60559e-05,0.000110151,0.00023063,0.000333897,0.000781387,0.00104644,0.00272969,0.0307805,0.929445,0.0307116,0.00204124,0.000681562,0.000316686,0.000196207,
0.000224026,0.000112013,0.000121897,0.000105424,9.88351e-05,8.89516e-05,8.23626e-05,0.00013178,0.000161431,0.000237204,0.000708318,0.000540298,0.000919166,0.00273773,0.034075,0.9361,0.020729,0.00183504,0.000645722,0.000345923,
0.000468886,0.000252477,0.000144273,0.000114762,0.000127878,0.000131157,0.000124599,0.000140994,0.000124599,0.000157388,0.000934494,0.000413145,0.000527907,0.000967283,0.0023182,0.023546,0.947098,0.0200998,0.00161651,0.000691853,
0.00100419,0.000594254,0.000387695,0.000228804,0.000171603,0.000174781,0.000247871,0.000359095,0.000394051,0.000667345,0.0017637,0.000597432,0.000610144,0.000721368,0.00102962,0.00255498,0.023659,0.940826,0.021962,0.00204652,
0.00219501,0.00115104,0.000647797,0.000444356,0.000267685,0.000187379,0.000251624,0.000139196,0.000182026,0.000224855,0.000963664,0.000278392,0.000417588,0.000417588,0.000599613,0.00120458,0.00278392,0.0250553,0.93893,0.023658,
0.0273426,0.00278781,0.0011815,0.000818642,0.000402683,0.000398258,0.000451359,0.000482335,0.000606238,0.00103547,0.00209307,0.000694739,0.000575262,0.000526586,0.000570837,0.000765541,0.00125673,0.00312854,0.0282011,0.926681,


0.931932,0.025784,0.00326281,0.00118975,0.000739089,0.000438647,0.000252372,0.000228337,0.000180266,0.000246363,0.00063093,0.000174257,0.000192283,0.000222328,0.000282416,0.000378558,0.000727072,0.00113567,0.00282416,0.029179,
0.0267266,0.935909,0.0221303,0.00239333,0.00118054,0.000735417,0.000554789,0.000558014,0.000587044,0.000932174,0.00207401,0.000496729,0.000396738,0.000296747,0.000277394,0.000296747,0.000428994,0.000641878,0.000977331,0.00240623,
0.00186387,0.0250458,0.942232,0.021951,0.00266767,0.00107173,0.000609642,0.000396073,0.000283464,0.000264049,0.000994067,0.00015144,9.70768e-05,0.000147557,0.000163089,0.000147557,0.000182504,0.00035336,0.000485384,0.000893107,
0.000853011,0.00205886,0.0251832,0.938657,0.0254701,0.00290799,0.001043,0.000690163,0.000306308,0.00031794,0.00081036,0.000151216,9.6933e-05,0.000131829,0.000124074,0.000127952,0.000124074,0.000213253,0.000329572,0.000403241,
0.000364214,0.0007318,0.00180421,0.0254242,0.937136,0.0281895,0.00263043,0.0011095,0.000590161,0.000333863,0.000563183,0.000151756,9.44258e-05,9.10535e-05,7.41917e-05,8.76811e-05,0.000118032,0.000111288,0.000118032,0.000276533,
0.000200982,0.000359332,0.00065167,0.00204637,0.0300438,0.935354,0.0249249,0.00297819,0.00113281,0.00056945,0.000721709,0.000264931,0.000127898,0.000115717,7.30845e-05,7.00393e-05,9.13556e-05,7.61297e-05,9.44008e-05,0.000103536,
0.000116411,0.000173322,0.000331123,0.000620856,0.00172805,0.0250205,0.935172,0.0313946,0.00281972,0.00099337,0.000651899,0.000243169,0.000194018,0.000137106,7.50201e-05,6.98463e-05,5.69118e-05,6.46725e-05,6.98463e-05,6.72594e-05,
6.95601e-05,8.20453e-05,0.00013912,0.00025327,0.000504757,0.00148395,0.0272283,0.927112,0.0383009,0.00294471,0.000920334,0.000340666,0.000196195,0.000110583,7.31273e-05,5.17242e-05,4.45898e-05,4.99406e-05,4.99406e-05,4.45898e-05,
3.77241e-05,5.28138e-05,4.95803e-05,0.000100238,0.000159519,0.000368619,0.00124921,0.0322789,0.931546,0.0307807,0.0022656,0.000565862,0.000206944,0.000103472,6.57478e-05,4.31133e-05,3.98798e-05,1.9401e-05,3.44906e-05,3.2335e-05,
2.08283e-05,1.61145e-05,2.56516e-05,3.21194e-05,5.93057e-05,0.000114775,0.000301242,0.00130648,0.07064,0.916162,0.0100768,0.000816139,0.000199513,8.73691e-05,4.30816e-05,2.80633e-05,2.20341e-05,1.72107e-05,1.45798e-05,1.71011e-05,
5.33223e-05,5.78194e-05,6.03891e-05,6.74559e-05,8.60866e-05,0.000121421,0.000163179,0.000373899,0.00131314,0.0310182,0.951726,0.0133698,0.000818465,0.000280103,0.000144548,9.63656e-05,7.1953e-05,6.29589e-05,6.23164e-05,5.26799e-05,
1.28389e-05,1.34809e-05,1.25179e-05,1.52783e-05,1.81671e-05,2.86308e-05,4.61559e-05,9.37883e-05,0.000299147,0.00128286,0.071255,0.919358,0.00653655,0.000683801,0.000177434,7.51077e-05,3.55638e-05,2.29175e-05,1.913e-05,1.34167e-05,
7.18496e-05,8.01399e-05,6.07958e-05,6.63227e-05,9.11937e-05,0.000132645,0.00016857,0.000234893,0.000541635,0.00116894,0.00358419,0.0313596,0.931688,0.0273996,0.00195652,0.0006577,0.000298452,0.000174097,0.00016028,0.000105011,
0.000126844,0.000103478,0.000126844,9.68019e-05,0.000103478,0.000156886,0.000176914,0.000203618,0.000360504,0.000787767,0.00155551,0.00365844,0.0345215,0.925573,0.0291107,0.00191601,0.000687627,0.000343814,0.00023366,0.000156886,
0.000144327,0.0001134,0.000116836,9.62179e-05,6.87271e-05,0.000106527,9.27816e-05,0.000116836,0.000213054,0.00032989,0.000845343,0.00110994,0.00272159,0.0306626,0.928943,0.0311781,0.00193467,0.000649471,0.000340199,0.00021649,
0.000136186,7.9582e-05,7.02414e-05,6.79997e-05,6.81865e-05,6.44502e-05,6.68788e-05,8.89226e-05,0.000109285,0.000171494,0.000708766,0.000343361,0.000589019,0.00169924,0.0340684,0.946754,0.0133814,0.000918182,0.000376613,0.000237438,
0.000375485,0.000192816,0.000118396,0.000125162,0.000138692,0.000145458,0.000118396,0.000108248,0.000152223,0.000240175,0.000980996,0.000385633,0.000473584,0.000869365,0.00259795,0.0235033,0.945724,0.021291,0.0017252,0.000734055,
0.000600001,0.000355446,0.000308911,0.000210891,0.00020198,0.00019505,0.000222772,0.000330693,0.000375248,0.000489109,0.00173168,0.000602971,0.000566337,0.000678218,0.000827724,0.00197723,0.0234802,0.947053,0.0182396,0.00155248,
0.00214691,0.0011305,0.000622294,0.000414862,0.000264475,0.00019706,0.000176317,0.000186688,0.000108901,0.000207431,0.000974927,0.000186688,0.000316333,0.000394119,0.000668966,0.00115643,0.00272772,0.0251925,0.93984,0.0230871,
0.027572,0.00311055,0.0012289,0.000744693,0.000487268,0.000416783,0.000490333,0.000551624,0.000674208,0.000989859,0.00201649,0.000885664,0.000680337,0.000643562,0.000612916,0.000753887,0.00115228,0.00332813,0.0355982,0.918062,


0.932116,0.026687,0.0032346,0.00140267,0.000695288,0.000507863,0.000332529,0.000253931,0.000199518,0.000229747,0.000671104,0.000163242,0.000259977,0.000211609,0.000326483,0.000380897,0.000622737,0.00108223,0.00278115,0.0278418,
0.0270699,0.935191,0.0232079,0.00244156,0.00118478,0.000837855,0.000608754,0.000526932,0.000504022,0.00085422,0.00140079,0.000464748,0.000386199,0.000314196,0.000301104,0.000310923,0.000435292,0.000422201,0.00087713,0.00266085,
0.00194174,0.0242547,0.943895,0.0213363,0.00255732,0.00113616,0.000581382,0.000410387,0.000243193,0.000224193,0.000835974,0.000174795,0.000129196,6.4598e-05,0.000102597,0.000144396,0.000208994,0.000341989,0.000524384,0.000892973,
0.000868931,0.00211566,0.0250819,0.938888,0.0251423,0.00287503,0.00120517,0.000623364,0.000385352,0.000290903,0.000755592,0.000234234,0.000117117,9.06711e-05,0.000132229,0.000143563,0.000173786,0.000226678,0.000256901,0.000392908,
0.000367414,0.000738231,0.00203099,0.0248141,0.937472,0.0282807,0.00261953,0.00114987,0.000520504,0.000312983,0.000554524,9.18536e-05,0.000139481,8.16477e-05,9.86576e-05,8.16477e-05,8.16477e-05,0.000132677,0.000187109,0.000244943,
0.000208001,0.000299767,0.000691299,0.00200354,0.0297289,0.935942,0.025055,0.00279272,0.00106448,0.000575062,0.000645416,0.000183531,0.000119295,0.000113177,6.72945e-05,0.000128471,7.64711e-05,9.17653e-05,8.87064e-05,0.000125413,
0.000113995,0.000160629,0.000300532,0.000562202,0.00196123,0.0237731,0.935391,0.0317916,0.00308305,0.00104927,0.000738376,0.000321258,0.000165811,0.000124358,8.8087e-05,6.47699e-05,8.29054e-05,5.44067e-05,6.47699e-05,0.000108813,
4.53169e-05,0.000103323,0.000126887,0.000210271,0.00050755,0.00153715,0.0266971,0.926911,0.0390995,0.00279515,0.00106404,0.000317219,0.000164954,0.000114199,6.70691e-05,6.1631e-05,4.16916e-05,4.35043e-05,4.89423e-05,4.35043e-05,
3.21532e-05,4.24882e-05,5.62681e-05,7.80863e-05,0.000157321,0.000376652,0.00127809,0.0304181,0.930902,0.0331741,0.00232192,0.000595982,0.000245742,9.76079e-05,5.62681e-05,3.78948e-05,4.24882e-05,2.75599e-05,2.18182e-05,3.78948e-05,
3.53426e-05,2.65069e-05,3.92695e-05,5.89043e-05,7.16669e-05,0.000156096,0.000386805,0.00155311,0.0345307,0.922582,0.0378715,0.00185254,0.000410366,0.000175731,7.06851e-05,5.69408e-05,4.22147e-05,3.63243e-05,1.66895e-05,2.65069e-05,
2.49266e-05,2.11266e-05,1.85203e-05,1.85607e-05,2.09683e-05,3.187e-05,5.95124e-05,0.000171097,0.000961312,0.0594671,0.932086,0.00621795,0.000593011,0.000118595,4.89205e-05,2.94052e-05,2.67079e-05,2.82636e-05,2.89455e-05,2.76356e-05,
4.68153e-05,6.24204e-05,7.60749e-05,3.90127e-05,9.16799e-05,0.000109236,0.000197014,0.000358917,0.000965565,0.00373742,0.046509,0.923568,0.0214902,0.00158392,0.000534475,0.000273089,0.000113137,9.16799e-05,7.99761e-05,7.21736e-05,
8.58619e-05,4.15461e-05,8.03224e-05,6.3704e-05,8.03224e-05,9.41711e-05,0.000163415,0.000224349,0.000517941,0.00111897,0.00356465,0.030517,0.932294,0.027894,0.00197482,0.0006315,0.000288053,0.000149566,0.000116329,9.97106e-05,
7.13118e-05,5.92437e-05,5.37581e-05,5.70494e-05,7.3506e-05,7.67973e-05,8.00886e-05,0.000149206,0.000232586,0.000390569,0.00142733,0.00140429,0.0182405,0.9581,0.0177698,0.000907306,0.000399346,0.000202964,0.000186508,0.00011739,
