0.931197,0.0237183,0.00299561,0.00136547,0.00052333,0.000415055,0.000324826,0.000324826,0.000258657,0.000162413,0.00062559,0.000174443,0.000264673,0.000258657,0.00020452,0.000451147,0.000619575,0.00123915,0.00250838,0.0323683,
0.0269686,0.949973,0.0147269,0.00153285,0.000779838,0.000436863,0.000333395,0.000237592,0.000216515,0.000206935,0.0012167,0.000164782,0.000132208,0.000105384,0.000164782,0.000182026,0.000222264,0.000402374,0.000622721,0.00137382,
0.0017622,0.0246708,0.94781,0.0180682,0.00232158,0.000876251,0.000539978,0.000407408,0.000203704,0.000158437,0.000750149,0.000184304,0.000135803,0.000135803,0.000132569,0.000203704,0.00017137,0.000248972,0.000442976,0.000776016,
0.00134951,0.00314548,0.0405154,0.927404,0.0181461,0.00267671,0.00134313,0.00086534,0.000612109,0.000391792,0.00104106,0.000224564,0.000163512,0.000165636,0.000165105,0.000185809,0.000225625,0.000305789,0.000405064,0.000668382,
0.000374989,0.000721408,0.00227136,0.0292135,0.935188,0.0255171,0.00291063,0.00108925,0.00061784,0.000346419,0.000499986,0.000157138,0.000139282,0.000110711,8.21405e-05,0.000110711,0.000128568,0.000117854,0.000185709,0.000217851,
0.000305739,0.000503984,0.00103744,0.00356305,0.0854673,0.887462,0.015365,0.00272051,0.00117172,0.000596409,0.000589041,0.000220011,0.000148684,0.000118545,0.000102471,0.000102806,9.24249e-05,0.000112182,0.000146005,0.000174804,
0.000238354,0.000307144,0.000569159,0.00145685,0.00527096,0.0765245,0.886624,0.0200897,0.00429345,0.00194408,0.00107084,0.000435961,0.00023222,0.000170879,0.000126188,0.000108662,0.0001091,0.000111291,0.000136265,0.000180518,
6.89548e-05,6.71402e-05,0.000127022,0.000237712,0.000506273,0.00144805,0.0319333,0.928325,0.0324505,0.00297776,0.000929075,0.000364734,0.000183274,8.71007e-05,7.80277e-05,5.4438e-05,3.26628e-05,2.90336e-05,5.62526e-05,4.35504e-05,
4.46871e-05,4.35413e-05,6.53119e-05,8.59367e-05,0.000160415,0.000383851,0.00126613,0.0380184,0.929217,0.027305,0.00228706,0.000539683,0.00022229,0.000123749,5.61453e-05,5.38537e-05,3.66663e-05,2.86456e-05,3.55205e-05,2.63539e-05,
8.73051e-05,0.000109823,0.000127402,0.000188832,0.000355541,0.000663479,0.00189484,0.00850119,0.0708173,0.893843,0.0195532,0.00205503,0.000766981,0.000357516,0.00021372,0.00013076,9.9354e-05,8.2367e-05,7.90092e-05,7.3281e-05,
0.000112385,0.000116648,0.000121379,0.00012542,0.000153905,0.000230438,0.000407825,0.00122012,0.00688761,0.0594362,0.923731,0.00553928,0.000811682,0.000322322,0.000189559,0.000134931,0.000120517,0.000112213,0.000108763,0.000118053,
5.77162e-05,4.61729e-05,4.23252e-05,8.46504e-05,6.54117e-05,0.000113508,0.00017892,0.000396318,0.00100811,0.00352453,0.0568793,0.916633,0.0181614,0.00176227,0.000475196,0.000225093,0.000130823,9.23459e-05,6.15639e-05,6.15639e-05,
0.000271127,0.000210459,0.0001672,0.000145883,0.00016647,0.000227659,0.000385477,0.000859036,0.00227862,0.0080785,0.0208849,0.0728802,0.873118,0.015924,0.0020004,0.000864196,0.000486068,0.000383809,0.000347065,0.000321005,
0.000270646,0.000226822,0.00017854,0.00015943,0.000156054,0.000194274,0.000283004,0.000501722,0.00108245,0.00278493,0.00570565,0.00762361,0.0429062,0.919437,0.0150985,0.00138281,0.000753731,0.000507124,0.000404281,0.000342832,
0.000291,0.000232987,0.000189126,0.000161371,0.000156993,0.000177712,0.000229078,0.000338379,0.000612726,0.00128448,0.00295534,0.00253167,0.00341952,0.0337479,0.935808,0.0150532,0.00125149,0.000722965,0.00046918,0.00036676,
0.000385701,0.000287369,0.000224597,0.000185944,0.000179657,0.000190377,0.000255725,0.000348285,0.000536497,0.00090684,0.00229297,0.00137036,0.0017641,0.00258446,0.0340901,0.935526,0.0161327,0.00147168,0.00075058,0.000516398,
0.000606782,0.000427354,0.000327956,0.000281959,0.000259744,0.00030275,0.000387196,0.000471641,0.000698206,0.00110762,0.00265256,0.00124219,0.00126398,0.00163964,0.00292198,0.0235962,0.938609,0.0202108,0.00204065,0.000951542,
0.000804834,0.000522391,0.000368447,0.000293384,0.000230534,0.0002257,0.000255725,0.000308906,0.000373791,0.000488804,0.00184911,0.000588295,0.000679898,0.000818065,0.00135445,0.0027575,0.0235478,0.945674,0.0172359,0.00162264,
0.00198037,0.00108661,0.000602106,0.000362205,0.00024931,0.000216382,0.000239902,0.00022579,0.000296349,0.000244606,0.00111954,0.00020227,0.00040454,0.000395132,0.000578587,0.00116188,0.00239431,0.0247993,0.943308,0.0201329,
0.0273355,0.00312137,0.0012812,0.000702431,0.00047983,0.00053919,0.000514457,0.000499617,0.00058371,0.00102891,0.00190943,0.000816205,0.000727165,0.000727165,0.000618337,0.000816205,0.00123667,0.0036012,0.0317331,0.921728,


0.931038,0.0240518,0.00300045,0.00131948,0.000801325,0.000391625,0.000355475,0.000283175,0.000222925,0.000222925,0.00073505,0.00022895,0.000210875,0.000241,0.000241,0.00051815,0.000620575,0.001205,0.0026751,0.0316373,
0.027072,0.946134,0.014994,0.00153995,0.000920748,0.000629192,0.00052521,0.000414704,0.000413073,0.000502782,0.00162966,0.000281362,0.000246906,0.000212857,0.000218362,0.000255061,0.000354965,0.000528676,0.00088833,0.00223826,
0.00218661,0.0250012,0.945526,0.0186093,0.00241384,0.00110977,0.000536774,0.000441274,0.000316137,0.000220637,0.000997807,0.000121844,0.000154775,0.000118551,0.000204172,0.000174534,0.000200879,0.000286499,0.000553239,0.000826566,
0.00105117,0.00219635,0.0287619,0.935041,0.0247623,0.00314924,0.00119218,0.000666595,0.000388847,0.000324752,0.000726418,0.000183741,0.000115372,0.000106826,0.000119645,0.000102553,0.000158103,0.00019656,0.000264929,0.0004914,
0.000245288,0.00036741,0.000756738,0.0169322,0.963107,0.0143102,0.00116172,0.000560508,0.00032044,0.000231718,0.00123061,0.000121078,7.61957e-05,5.32326e-05,6.15828e-05,7.41082e-05,8.66335e-05,7.72395e-05,9.28962e-05,0.000133603,
0.000216041,0.000346976,0.000720138,0.00210149,0.0357679,0.930461,0.023758,0.00309659,0.00126351,0.000621937,0.000605571,0.000199675,0.000144028,8.18339e-05,8.51072e-05,0.000108021,8.51072e-05,7.85605e-05,0.000111294,0.000147301,
0.000134621,0.000199342,0.000300308,0.00059285,0.00178373,0.0276853,0.93576,0.0277086,0.00303932,0.00110286,0.000665338,0.000305486,0.000214876,0.000103555,6.47216e-05,6.21327e-05,6.21327e-05,5.43661e-05,6.98993e-05,9.06102e-05,
5.98305e-05,6.16436e-05,0.000128726,0.000262892,0.00050584,0.00152115,0.03146,0.928724,0.0326113,0.00286824,0.000908336,0.000340853,0.000172239,9.06523e-05,7.61479e-05,6.34566e-05,3.26348e-05,2.71957e-05,4.17001e-05,4.35131e-05,
3.1171e-05,5.31061e-05,7.50413e-05,7.38868e-05,0.0001674,0.00038906,0.00133573,0.0367945,0.929688,0.0280031,0.00227202,0.000574932,0.000203189,0.000103903,7.38868e-05,4.61792e-05,3.57889e-05,2.42441e-05,2.53986e-05,3.00165e-05,
3.66672e-05,1.38741e-05,4.26132e-05,6.83794e-05,8.72085e-05,0.000171444,0.000411267,0.00155687,0.0410663,0.921506,0.0323444,0.00181651,0.000436042,0.000165498,8.81995e-05,5.64873e-05,4.75683e-05,2.97302e-05,2.97302e-05,2.47751e-05,
5.41244e-05,5.73461e-05,6.89441e-05,7.86092e-05,8.24752e-05,0.000114692,0.000166239,0.00035052,0.00133185,0.0367421,0.947628,0.0117431,0.000819598,0.000255158,0.000138533,0.000101161,7.92536e-05,7.02328e-05,5.09027e-05,6.76555e-05,
0.000206358,0.000165889,0.000133449,0.000126402,0.000149238,0.0002454,0.000533112,0.00134329,0.00502919,0.0320269,0.134735,0.801568,0.0185704,0.00289725,0.000862601,0.000382803,0.000257858,0.000251822,0.000265768,0.000249206,
5.26863e-05,4.71404e-05,6.65511e-05,8.04159e-05,6.65511e-05,0.000133102,0.000169151,0.000274523,0.000562912,0.00116464,0.00355494,0.0348977,0.93161,0.0239501,0.00195771,0.000718198,0.000260659,0.000188562,0.000144194,9.98267e-05,
0.00013853,0.000104742,6.75758e-05,0.000104742,7.77122e-05,0.000101364,0.000118258,0.000229758,0.000304091,0.000489924,0.00156776,0.00333149,0.0396298,0.924366,0.025814,0.00202052,0.000739955,0.0003345,0.000219621,0.000239894,
0.000149981,8.86253e-05,8.1808e-05,9.54426e-05,8.52166e-05,8.1808e-05,9.88513e-05,0.00015339,0.000177251,0.000327232,0.000899888,0.000981695,0.00269285,0.0337356,0.930497,0.0266285,0.0019259,0.000685142,0.000412448,0.000201111,
0.00026708,0.000193207,9.37623e-05,7.67146e-05,8.23971e-05,8.23971e-05,7.95559e-05,0.000122175,0.000136381,0.000204572,0.000750098,0.000471653,0.000912051,0.00230144,0.0337544,0.94031,0.017812,0.0015144,0.000519954,0.000315382,
0.000379858,0.000204103,0.000181425,0.000141738,7.93734e-05,0.000102052,8.22082e-05,0.000107721,0.000172921,0.000155912,0.000915629,0.00030332,0.000445058,0.000788064,0.00228482,0.0235257,0.950199,0.0178193,0.00149392,0.000617979,
0.0007218,0.000415501,0.000308963,0.000215741,0.000189106,0.000258357,0.000250366,0.000258357,0.00038354,0.000471434,0.00144893,0.000508723,0.000535358,0.000599281,0.000940205,0.00212279,0.0232814,0.946816,0.0183993,0.00187508,
0.00192109,0.000879702,0.000546619,0.00040451,0.000355049,0.00038105,0.000468915,0.000566494,0.000775249,0.00121323,0.00293124,0.00107411,0.000803193,0.000772858,0.000816791,0.00112776,0.0024048,0.0251639,0.937352,0.0200419,
0.0219143,0.00267787,0.00134041,0.000866181,0.000662858,0.000552381,0.000525938,0.000500669,0.000562371,0.00070458,0.001683,0.000592341,0.00058,0.000574712,0.000731024,0.00103307,0.00186399,0.00393366,0.0377036,0.920997,


0.930617,0.0245248,0.00312188,0.0011634,0.00072493,0.000514466,0.000309849,0.000175386,0.000251387,0.000257233,0.000654775,0.00016954,0.00016954,0.000198771,0.000268926,0.000391696,0.000637237,0.00125109,0.00287634,0.0317215,
0.0269871,0.937942,0.0213317,0.00238456,0.00103772,0.000561443,0.000457356,0.000435276,0.000492051,0.000763311,0.00169064,0.000488897,0.000356422,0.000331188,0.00032488,0.000343805,0.000384809,0.000580368,0.000921019,0.00218584,
0.00185601,0.0247448,0.947204,0.0181511,0.00234138,0.000986007,0.000589162,0.000406003,0.00025337,0.000152633,0.0012058,0.000112948,9.76849e-05,9.46322e-05,0.000112948,0.000164843,0.000189264,0.000259475,0.000366318,0.000711268,
0.000892727,0.00217173,0.0295587,0.9342,0.0249921,0.00319322,0.00131763,0.000545078,0.000429196,0.000321897,0.000742508,0.000137343,0.000150218,0.000128759,7.72552e-05,0.000120175,0.000137343,0.000167386,0.000270393,0.000446363,
0.000544164,0.00101084,0.00277536,0.0559843,0.915781,0.0168782,0.00238358,0.00119569,0.000649793,0.000448924,0.000732911,0.000220349,0.000170998,0.000117751,0.00012511,0.000136366,0.0001355,0.000152383,0.000241562,0.000315156,
0.000190282,0.000328073,0.000754568,0.00197172,0.0354385,0.93118,0.0237919,0.00305436,0.00111873,0.000606935,0.000561005,0.000187002,0.000150914,0.000111545,6.23339e-05,8.20183e-05,6.88954e-05,0.000101703,7.87376e-05,0.000160756,
0.000106934,0.00015311,0.000289208,0.000597859,0.00180816,0.0286851,0.935592,0.0271734,0.00296499,0.0010499,0.000641605,0.000243032,0.000155541,0.000119086,5.83277e-05,7.04794e-05,5.83277e-05,7.534e-05,7.77703e-05,8.02006e-05,
6.16911e-05,7.05041e-05,0.000151584,0.000218563,0.000519968,0.00156872,0.0309724,0.927841,0.0338948,0.00278844,0.000974719,0.000343707,0.000172735,0.000107519,6.16911e-05,6.52163e-05,5.81659e-05,3.70146e-05,3.70146e-05,5.46407e-05,
3.69638e-05,3.46535e-05,6.12212e-05,8.66338e-05,0.000166337,0.00039736,0.00130875,0.0360189,0.929802,0.0286365,0.00237839,0.000549836,0.000190594,0.000123598,5.08252e-05,4.27393e-05,3.81189e-05,2.07921e-05,1.84819e-05,3.69638e-05,
3.17291e-05,2.87545e-05,4.06529e-05,6.64328e-05,8.7255e-05,0.000154679,0.000382732,0.00155968,0.0400917,0.92197,0.0329844,0.0017451,0.00043925,0.000147739,7.83312e-05,6.04836e-05,3.66868e-05,3.27206e-05,2.28053e-05,3.86698e-05,
4.4541e-05,5.55149e-05,5.68059e-05,6.97164e-05,8.9082e-05,0.000116194,0.000179455,0.000386668,0.00133171,0.0360369,0.948137,0.0119447,0.000790764,0.000281448,0.000139433,9.68283e-05,6.84253e-05,6.90708e-05,5.74515e-05,4.84141e-05,
5.33679e-05,4.57439e-05,3.62139e-05,6.09919e-05,8.76758e-05,0.000125796,0.000156292,0.000339267,0.000952998,0.00373385,0.0542123,0.918338,0.0190142,0.00172493,0.000506995,0.00022872,0.000146762,9.72058e-05,8.19578e-05,5.71799e-05,
6.91559e-05,5.8091e-05,6.63897e-05,8.29871e-05,7.19221e-05,0.000143844,0.000135546,0.000271091,0.000522819,0.00116459,0.00372889,0.0341547,0.931148,0.0250759,0.00195296,0.000641767,0.000318117,0.000179805,0.000121714,9.12858e-05,
0.000124232,0.000117516,0.000114159,8.72978e-05,9.73707e-05,9.06554e-05,0.00014102,0.000258536,0.000382767,0.000792396,0.0016788,0.00340126,0.0379376,0.925521,0.0256521,0.002075,0.000708455,0.000376052,0.000275324,0.00016788,
0.00010975,9.94609e-05,9.60312e-05,7.88827e-05,8.23124e-05,9.60312e-05,0.000116609,0.000133758,0.000246937,0.00032925,0.000833413,0.00110779,0.00280548,0.033899,0.929469,0.0274992,0.00180744,0.000620773,0.000346398,0.00022293,
0.000178138,0.000147035,0.000115931,8.48277e-05,0.000121586,8.76553e-05,7.63449e-05,9.61381e-05,0.000169655,0.00023469,0.00104621,0.000537242,0.000842622,0.00236387,0.0338236,0.939331,0.0182945,0.0015269,0.000624897,0.000296897,
0.000364025,0.000299957,0.000165995,0.000104839,0.000101927,0.000128137,0.000101927,9.31904e-05,0.000125225,0.000154347,0.0011707,0.000352376,0.000439742,0.000838714,0.00210843,0.0231403,0.950504,0.0176421,0.00156385,0.000599913,
0.000780293,0.000490062,0.000311641,0.000171284,0.00015701,0.000147494,0.000237894,0.000235515,0.000290231,0.000413936,0.00154631,0.000492441,0.000447241,0.000639935,0.000861177,0.00222431,0.0234231,0.946262,0.018953,0.00191505,
0.00222868,0.00105569,0.000535496,0.000362097,0.000229498,0.000224398,0.000203998,0.000178499,0.000163199,0.000142799,0.00111689,0.000280498,0.000367197,0.000372297,0.000637495,0.00115259,0.00279988,0.0251683,0.940279,0.022501,
0.0274964,0.00341966,0.00117026,0.000676259,0.00047482,0.000402878,0.000503597,0.000465228,0.000848921,0.00106954,0.00211031,0.000796163,0.000743405,0.000695444,0.000580336,0.000829736,0.00147242,0.00357314,0.0311319,0.92154,


0.93135,0.0242627,0.00346868,0.00134525,0.000554989,0.000464502,0.000283527,0.000235267,0.000205105,0.00021717,0.000693736,0.000156845,0.000156845,0.000138747,0.00021717,0.000283527,0.000645477,0.00133318,0.00276288,0.0312242,
0.0269883,0.952564,0.0133547,0.00111408,0.000645966,0.000479495,0.000317292,0.000187814,0.000138015,0.00016078,0.00126917,9.67527e-05,9.81755e-05,0.000128055,0.000136592,0.000147975,0.000214848,0.000374205,0.000480918,0.0011027,
0.00181957,0.0246557,0.95184,0.0140674,0.00146859,0.000840818,0.000554286,0.000399198,0.000274941,0.000248745,0.00138931,0.000167607,0.000125648,0.000130748,0.000151843,0.000154162,0.000210263,0.000292559,0.000451589,0.000757131,
0.00104851,0.00218476,0.0285291,0.934966,0.0249975,0.00315868,0.00125909,0.000640511,0.000394836,0.00032903,0.000758962,0.000153547,0.000131612,0.000100902,0.000114064,0.000171095,0.000166708,0.000171095,0.000276385,0.00044748,
0.00036138,0.000683402,0.0019858,0.0276545,0.935041,0.0273898,0.00306637,0.00115212,0.000672668,0.000329178,0.000554593,0.000150277,0.000114497,0.000118075,6.79824e-05,7.15604e-05,8.58725e-05,0.000107341,0.000200369,0.000193213,
0.000150572,0.000324058,0.000746315,0.00200981,0.0341243,0.93181,0.0244091,0.00290015,0.0013126,0.000579376,0.000536823,0.000225859,0.000140752,0.000108019,0.000114566,9.81994e-05,9.4926e-05,9.4926e-05,0.000114566,0.000104746,
0.000144977,0.000144977,0.00030031,0.000616153,0.00185622,0.0267068,0.93555,0.0289721,0.00303416,0.00108215,0.000623919,0.000256299,0.000132033,0.000134622,5.69553e-05,8.2844e-05,6.47219e-05,4.91886e-05,8.54329e-05,0.000106144,
6.35036e-05,6.69362e-05,0.000139021,0.000272894,0.00050288,0.00157043,0.0307855,0.927886,0.0339624,0.00279416,0.00105038,0.000314085,0.000152752,0.000118426,8.06668e-05,5.14894e-05,3.43263e-05,4.63405e-05,5.14894e-05,5.66384e-05,
4.26517e-05,4.03462e-05,4.38045e-05,8.87617e-05,0.000161385,0.000396546,0.00126918,0.0350125,0.930429,0.0291104,0.00229051,0.000567153,0.000219022,9.10672e-05,5.76375e-05,4.1499e-05,2.7666e-05,4.03462e-05,2.88187e-05,4.1499e-05,
3.76728e-05,4.65953e-05,2.97417e-05,6.44403e-05,8.92251e-05,0.000181424,0.000359874,0.00162588,0.0388962,0.922554,0.0335506,0.00174485,0.00036384,0.000169528,8.42681e-05,5.65092e-05,3.76728e-05,3.76728e-05,3.569e-05,3.46986e-05,
7.34392e-05,5.79783e-05,7.02182e-05,7.15066e-05,7.98812e-05,0.00012562,0.000178444,0.000382013,0.00133028,0.0348643,0.948845,0.0123326,0.00081234,0.000264123,0.000128841,8.95443e-05,8.2458e-05,8.5679e-05,6.24877e-05,6.31319e-05,
5.23439e-05,4.0712e-05,5.81599e-05,5.04053e-05,6.97919e-05,0.000110504,0.000182234,0.000385794,0.000994535,0.00369897,0.0528829,0.919493,0.0191017,0.00171572,0.000505991,0.000234578,0.000182234,0.000104688,8.33626e-05,5.23439e-05,
7.1961e-05,8.57996e-05,6.089e-05,7.47287e-05,8.85673e-05,0.000102406,0.000160528,0.000287844,0.000561849,0.00118736,0.00345966,0.0333152,0.931687,0.0254908,0.0020841,0.000625507,0.000290612,0.000179902,9.13351e-05,9.41028e-05,
0.00011151,7.77192e-05,0.000118268,0.000118268,6.08238e-05,0.000121648,0.000182471,0.000206125,0.000287223,0.000489969,0.00138543,0.00331489,0.0384474,0.924923,0.0266915,0.00204098,0.000733264,0.000310877,0.000243295,0.000135164,
0.000172455,6.55328e-05,8.62274e-05,5.17364e-05,6.89819e-05,6.55328e-05,8.27783e-05,0.000175904,0.000231089,0.000293173,0.000696717,0.000969196,0.00258682,0.0324767,0.930459,0.0284757,0.00178318,0.000658777,0.00042079,0.000179353,
0.000139664,0.000160917,8.19764e-05,7.89403e-05,7.28679e-05,0.000121447,7.28679e-05,0.00011841,0.00018217,0.00026111,0.000716535,0.000412918,0.000922994,0.00244108,0.0334616,0.939046,0.019143,0.00164256,0.000576871,0.000346123,
0.000384403,0.000285299,0.000198208,9.30976e-05,9.91039e-05,8.40881e-05,7.50787e-05,0.000102107,0.000126132,0.000195205,0.0011442,0.000369387,0.000510535,0.000813853,0.00201511,0.0235627,0.949172,0.0186946,0.00138445,0.000690724,
0.00093698,0.000497056,0.000342797,0.000282808,0.000205678,0.000245671,0.000245671,0.000299948,0.000362794,0.000657028,0.00176826,0.000639888,0.000599895,0.000654172,0.00114551,0.00239387,0.0233445,0.944513,0.019011,0.00185396,
0.00216273,0.000998184,0.000494339,0.000270936,0.000180624,0.000256676,0.000142598,0.000133091,0.00019013,0.000175871,0.00111702,0.00020439,0.000299455,0.000442053,0.000679716,0.00106473,0.0028472,0.0245886,0.942909,0.020843,
0.0137721,0.000894812,0.000464515,0.000300267,0.000258349,0.000183069,0.000142006,0.000169381,0.000165104,0.000238673,0.00165959,0.0002036,0.000201889,0.000196756,0.000323364,0.000323364,0.000466226,0.000948706,0.0148431,0.964245,


0.915486,0.0194199,0.00254597,0.00127082,0.000839607,0.000648,0.000507541,0.000488656,0.000523279,0.000624394,0.00129403,0.000401312,0.000360394,0.000350164,0.00042059,0.000566558,0.000832919,0.00135659,0.00363108,0.0484324,
0.0270299,0.941922,0.0187777,0.00199541,0.000940624,0.00049389,0.000466589,0.000416952,0.000429361,0.000580755,0.00173234,0.000344978,0.00028045,0.000315196,0.000215922,0.000273004,0.000384688,0.000511263,0.000861205,0.00202768,
0.00134599,0.0246922,0.951427,0.0160599,0.00170122,0.000689046,0.000434398,0.000267487,0.000239668,0.000132673,0.00111916,0.000102715,6.63367e-05,7.06165e-05,0.000109135,0.000119834,0.000181891,0.000280326,0.000327404,0.000633408,
0.000825995,0.002178,0.0270482,0.936513,0.0249196,0.00308618,0.00142186,0.000628742,0.000415052,0.000242456,0.000842432,0.000160268,0.000168486,0.000172596,0.00014383,0.000102736,0.000189034,0.000197252,0.000263003,0.000480803,
0.000375976,0.000859374,0.00194791,0.0272529,0.935457,0.0274749,0.00295052,0.00111002,0.000612304,0.000358073,0.000512044,0.000175456,0.000125325,0.000114583,7.8776e-05,0.000111002,6.08723e-05,0.00010026,0.000143229,0.000179036,
0.000210037,0.000351156,0.000633393,0.00208068,0.0332187,0.932568,0.0242954,0.00317353,0.0012274,0.000531657,0.000639957,0.000210037,0.000167373,9.84549e-05,0.000111582,8.53276e-05,5.90729e-05,0.0001083,0.000121428,0.0001083,
9.84846e-05,0.000171052,0.000344696,0.000606458,0.00186343,0.0258574,0.935563,0.0298046,0.00300119,0.00104964,0.000666067,0.000251395,0.000155502,0.000119218,5.44257e-05,7.7751e-05,5.1834e-05,8.03427e-05,0.000101076,8.29344e-05,
8.20115e-05,8.73601e-05,0.000114103,0.000269212,0.000500983,0.00147977,0.0297827,0.927691,0.0352917,0.00282761,0.000950264,0.000347657,0.000201463,9.44915e-05,5.88343e-05,3.03086e-05,4.45715e-05,5.70515e-05,4.10057e-05,4.81372e-05,
3.69497e-05,3.46404e-05,5.42699e-05,9.6993e-05,0.000170892,0.000366033,0.00130594,0.0341589,0.93033,0.02995,0.0023567,0.000565792,0.000193986,0.000117777,6.1198e-05,5.08059e-05,5.19605e-05,2.19389e-05,3.81044e-05,3.69497e-05,
2.18155e-05,3.56981e-05,4.56142e-05,7.04046e-05,8.32956e-05,0.000180474,0.000398629,0.00155485,0.0379451,0.922445,0.0345181,0.00185333,0.00037483,0.000189398,8.2304e-05,5.75136e-05,3.96646e-05,3.76813e-05,2.5782e-05,4.06562e-05,
5.35427e-05,5.67682e-05,5.67682e-05,6.9025e-05,8.45072e-05,0.000129664,0.000178046,0.000351576,0.0013405,0.0338751,0.949851,0.0124071,0.000765725,0.000287712,0.000121277,0.000107085,7.6121e-05,7.80563e-05,5.48329e-05,5.5478e-05,
3.5125e-05,3.70764e-05,6.43958e-05,7.61041e-05,6.0493e-05,0.000111229,0.000173673,0.000384423,0.000971791,0.00360616,0.0525548,0.919704,0.0194202,0.00171527,0.000505409,0.00019709,0.000148305,9.5618e-05,8.19583e-05,5.65902e-05,
7.73297e-05,7.45679e-05,8.28532e-05,5.79973e-05,8.00915e-05,0.000104947,0.000165706,0.000256845,0.000488834,0.00125108,0.00370354,0.0330667,0.931491,0.0258171,0.00185039,0.000698729,0.000361793,0.000165706,0.000115995,8.83768e-05,
0.000128361,9.45821e-05,0.000101338,7.76925e-05,8.44483e-05,0.000128361,0.000135117,0.000185786,0.000331037,0.000584382,0.00143562,0.00317864,0.0367756,0.925547,0.0277058,0.00210445,0.000689098,0.000374951,0.000199298,0.000138495,
0.000151751,6.55288e-05,6.20799e-05,6.20799e-05,7.24265e-05,8.27732e-05,0.000110364,0.000175893,0.000231075,0.000262115,0.000820834,0.00104501,0.00266254,0.0327161,0.92925,0.0289396,0.00198311,0.000707021,0.000334542,0.000265564,
0.000226402,0.000124056,7.7535e-05,8.37378e-05,9.92448e-05,8.68392e-05,9.3042e-05,0.000105448,0.000164374,0.000254315,0.000610976,0.00050863,0.000983144,0.00247182,0.0338797,0.937966,0.0195202,0.00169957,0.000638888,0.000406283,
0.00034025,0.000265002,0.000176668,9.48773e-05,0.00012105,0.000127594,9.81489e-05,9.81489e-05,0.000147223,0.000137408,0.00102729,0.000386052,0.000477658,0.00101748,0.0022836,0.02333,0.947638,0.0197672,0.00171761,0.000749203,
0.000908343,0.000486285,0.000281372,0.000293606,0.000204912,0.000220204,0.000207971,0.00024773,0.000431234,0.000675905,0.00172799,0.000547453,0.00057192,0.000694255,0.000951161,0.00247424,0.0234793,0.94119,0.0222926,0.00211335,
0.00235994,0.00106578,0.00055319,0.000416161,0.000228381,0.00018778,0.000137029,0.000111653,0.000182705,0.000162404,0.00103025,0.000284208,0.00037556,0.000466913,0.000634392,0.00117236,0.0027152,0.0250204,0.941397,0.0214983,
0.0265597,0.00324052,0.00132966,0.000744275,0.000501758,0.000468308,0.000551934,0.000560297,0.000572841,0.000894802,0.0020363,0.000869714,0.000660648,0.000556115,0.000643923,0.000777725,0.00132548,0.00342032,0.0373015,0.916984,


0.931898,0.0252509,0.00289824,0.00139478,0.000748711,0.000477001,0.000265672,0.000217368,0.00021133,0.000193216,0.000724559,0.00018114,0.000193216,0.000187178,0.00027171,0.000416621,0.000573609,0.00119552,0.00267483,0.0300269,
0.0270107,0.943448,0.0181518,0.00179755,0.000895383,0.00057205,0.000413775,0.000413775,0.000427342,0.000596922,0.00168223,0.000368554,0.000237412,0.000239673,0.000257762,0.000210279,0.000300722,0.000483868,0.000664754,0.00182694,
0.00215607,0.0247416,0.942827,0.0215016,0.00266849,0.00121008,0.000638544,0.000366572,0.000307447,0.000236498,0.000867159,0.00019314,0.000137957,0.000126132,0.000126132,0.000197082,0.000201023,0.000256206,0.000402046,0.000839568,
0.00105313,0.00255224,0.0374442,0.925648,0.0253163,0.00293077,0.00113558,0.000719575,0.000449735,0.000266093,0.000554673,0.000153659,0.00013492,0.00013492,0.000131173,0.000153659,0.000149912,0.000239858,0.000333553,0.000498456,
0.000379106,0.000704565,0.00204932,0.0269738,0.934862,0.0282577,0.00307219,0.00124819,0.000565083,0.000293271,0.000572236,0.000135906,0.000114447,9.29883e-05,6.7953e-05,8.58354e-05,7.15295e-05,0.000135906,0.000107294,0.000211012,
0.000212052,0.000401268,0.000688355,0.00201613,0.032506,0.932639,0.0250842,0.00302746,0.00121033,0.000613321,0.000593747,0.000189216,0.000146806,0.00015333,9.4608e-05,8.4821e-05,7.82963e-05,6.19846e-05,8.80833e-05,0.00011092,
9.59641e-05,0.000181554,0.000280111,0.000601721,0.00164176,0.0260996,0.934929,0.0304958,0.00298526,0.00109451,0.000692497,0.00023602,0.000173773,9.59641e-05,7.00278e-05,5.44661e-05,3.89043e-05,7.00278e-05,7.78087e-05,8.55896e-05,
3.98397e-05,7.96794e-05,0.000146683,0.000251714,0.00056681,0.00153564,0.0285071,0.927713,0.0362433,0.00293546,0.00104851,0.000325961,0.000179279,0.000124952,6.51922e-05,5.97595e-05,2.35416e-05,3.4407e-05,5.79487e-05,6.15704e-05,
3.00441e-05,3.69774e-05,4.50662e-05,0.000105154,0.000205687,0.000410218,0.00135892,0.0333709,0.930165,0.0307825,0.00237464,0.000580083,0.000220709,0.000107466,6.47104e-05,3.92885e-05,3.92885e-05,2.7733e-05,1.84887e-05,1.73331e-05,
3.56532e-05,3.07014e-05,4.35761e-05,6.33835e-05,9.21041e-05,0.000155488,0.00040407,0.00157369,0.0368109,0.922819,0.0352868,0.00184604,0.000396147,0.000178266,8.12101e-05,5.14991e-05,4.75376e-05,3.16917e-05,3.16917e-05,2.07977e-05,
6.06532e-05,5.2265e-05,6.64604e-05,6.96866e-05,8.13011e-05,0.000116144,0.000187122,0.000335528,0.00132921,0.0327579,0.950652,0.0126507,0.000867857,0.000270358,0.000138728,8.77535e-05,8.00106e-05,7.48486e-05,6.00079e-05,6.19437e-05,
5.27679e-05,6.44941e-05,5.47222e-05,5.66766e-05,7.81746e-05,0.000111399,0.000197391,0.00042996,0.000957639,0.00368593,0.050792,0.920821,0.0199111,0.00162017,0.000543314,0.000226706,0.000156349,0.00010749,6.44941e-05,6.84028e-05,
7.47368e-05,7.19687e-05,6.92007e-05,8.02728e-05,7.75048e-05,0.000124561,0.000171618,0.000287875,0.000501013,0.00123731,0.00366487,0.0320039,0.931599,0.0267724,0.0018961,0.000642183,0.000312787,0.00016885,0.000124561,0.000119025,
0.000134413,7.39272e-05,0.000127692,8.40082e-05,6.04859e-05,0.000120972,0.000134413,0.000188178,0.000372996,0.000648543,0.0016768,0.00368292,0.0366175,0.924504,0.0279781,0.00212373,0.000745993,0.000372996,0.000231863,0.000120972,
0.00010285,7.2962e-05,5.45017e-05,2.9888e-05,5.80179e-05,7.20829e-05,7.64782e-05,7.12038e-05,0.000127464,0.000211853,0.00121926,0.000492273,0.00101356,0.0155866,0.963168,0.0162995,0.000641714,0.000334922,0.000227677,0.000138891,
0.000198248,0.000116432,0.000119578,7.23764e-05,8.18168e-05,8.81104e-05,0.000103844,0.000125872,0.0001479,0.000182514,0.000868517,0.000431112,0.00086537,0.00249227,0.0334757,0.938191,0.0198783,0.00165836,0.000613626,0.000289506,
0.000396289,0.0002741,0.000198145,0.000145306,0.000115584,9.24675e-05,7.92579e-05,8.91651e-05,0.000112282,0.000161818,0.00114263,0.000320334,0.000422709,0.000947792,0.00242067,0.0234834,0.947409,0.0198706,0.00158186,0.000736438,
0.000895666,0.000403874,0.000310461,0.000252765,0.000192321,0.000186826,0.000244522,0.000390137,0.000420359,0.000546741,0.00174188,0.000604437,0.000494539,0.000741809,0.00111546,0.00255237,0.0233725,0.943546,0.0200508,0.00193695,
0.00229811,0.00100096,0.000577081,0.00034727,0.000219597,0.000188956,0.000194063,0.000163421,0.000102138,0.000260453,0.000954993,0.00021449,0.000316629,0.000485157,0.000730289,0.00112352,0.00279859,0.0249422,0.940729,0.022353,
0.0271898,0.0028578,0.00137534,0.000556993,0.000458448,0.000419887,0.000428456,0.000419887,0.000582701,0.000784075,0.00179523,0.000552709,0.000462733,0.000565562,0.000505579,0.000749799,0.00121682,0.00286637,0.028261,0.927951,


0.930995,0.025928,0.00311136,0.00143508,0.00075372,0.000446202,0.000307518,0.00026531,0.000241191,0.000229131,0.000609006,0.000241191,0.000192952,0.000180893,0.000283399,0.000343696,0.000609006,0.00120595,0.00280384,0.0298172,
0.0268415,0.940978,0.0193289,0.00214795,0.000974918,0.000701211,0.000440538,0.000357122,0.000479639,0.000604762,0.00168656,0.000484852,0.000304988,0.000299774,0.00025546,0.00026328,0.000354516,0.000547414,0.000815907,0.00213231,
0.00146647,0.0245941,0.950185,0.0165502,0.00183698,0.000926283,0.000498635,0.000296064,0.00021469,0.000171406,0.0011202,0.000131584,0.000121196,0.000124659,0.00012639,0.000155823,0.000186988,0.000289139,0.000393021,0.000611174,
0.000802225,0.00219126,0.0278773,0.935915,0.0253072,0.00281522,0.00123305,0.000672235,0.000456823,0.000297121,0.000817081,0.000115134,0.000126276,0.000103992,0.000100278,0.00012999,0.000126276,0.000178272,0.000323119,0.000412255,
0.000343307,0.000786746,0.0020813,0.0259876,0.935505,0.0287591,0.00284659,0.00109787,0.000693766,0.000314698,0.000475623,0.000189534,8.58268e-05,6.79462e-05,7.50984e-05,0.000103707,0.00011086,8.94029e-05,0.000125164,0.000261056,
0.000181753,0.000293356,0.000739768,0.00198015,0.0316984,0.933568,0.0251234,0.0030643,0.00122444,0.000529316,0.000640919,0.00021364,0.00011798,0.000102037,8.60936e-05,5.10185e-05,7.97163e-05,7.97163e-05,8.60936e-05,0.000140301,
0.000107808,0.000174888,0.000306654,0.000625286,0.00173211,0.0262476,0.93474,0.0302988,0.00304258,0.0010637,0.00065643,0.000289884,0.000153327,0.000100621,7.66634e-05,8.14549e-05,5.03104e-05,7.1872e-05,7.42677e-05,0.000105412,
8.92649e-05,0.000120473,0.000182431,0.00032631,0.000792828,0.00262792,0.0700938,0.901897,0.0179604,0.00324842,0.00136605,0.000459404,0.000238881,0.000146633,8.81175e-05,7.54965e-05,6.53997e-05,6.63176e-05,7.41197e-05,8.05449e-05,
3.85287e-05,4.86196e-05,4.67849e-05,9.99912e-05,0.00016971,0.000414642,0.0014595,0.0345309,0.931113,0.0286745,0.00223467,0.000566005,0.000234842,0.00012476,6.51319e-05,4.03634e-05,4.77022e-05,2.93552e-05,2.84379e-05,3.21073e-05,
3.07255e-05,2.77521e-05,4.0637e-05,5.35219e-05,0.00010407,0.000168495,0.000372671,0.00152339,0.0357705,0.922566,0.0366347,0.00182966,0.00046683,0.000148672,8.22651e-05,5.05484e-05,3.46901e-05,3.3699e-05,2.37875e-05,3.76636e-05,
5.41111e-05,5.28227e-05,5.53995e-05,7.27923e-05,9.59828e-05,0.000112087,0.000162333,0.000355587,0.00131541,0.0318701,0.951236,0.0130131,0.000841299,0.000260249,0.00013721,0.000103069,7.79457e-05,7.27923e-05,6.24854e-05,4.89577e-05,
4.8887e-05,4.69316e-05,6.84419e-05,6.25754e-05,5.08425e-05,0.000131017,0.000168171,0.000350031,0.000922987,0.00378777,0.0493544,0.922058,0.020163,0.0016426,0.000551446,0.000228791,0.000136884,9.38631e-05,6.25754e-05,7.03973e-05,
9.98915e-05,8.32429e-05,4.99458e-05,6.10448e-05,5.827e-05,0.000105441,0.000138738,0.000269152,0.000527205,0.00121812,0.00365991,0.0314825,0.931904,0.027065,0.00192569,0.000591025,0.000357945,0.000191459,0.000124864,8.60177e-05,
0.000122105,9.15788e-05,8.47952e-05,6.10525e-05,8.14034e-05,9.15788e-05,9.49706e-05,0.000223859,0.000342573,0.000624093,0.00155345,0.00322561,0.0357293,0.92537,0.028715,0.00217754,0.000732631,0.000359532,0.000172982,0.000145848,
0.000110275,7.23681e-05,9.64908e-05,8.95986e-05,6.8922e-05,7.23681e-05,8.61525e-05,0.000110275,0.000230889,0.000330826,0.000778819,0.00104761,0.00272931,0.0307048,0.92951,0.0307254,0.00204009,0.000682328,0.000317041,0.000196428,
0.000224126,0.000112063,0.000121951,0.000105471,9.8879e-05,8.89911e-05,8.23992e-05,0.000131839,0.000158206,0.00023731,0.000708633,0.000537243,0.000919575,0.00273895,0.0340671,0.936118,0.0207218,0.00183585,0.00064601,0.000346077,
0.00046936,0.000252732,0.000144419,0.000114878,0.000128007,0.00013129,0.000121443,0.000141136,0.000124725,0.000154265,0.000928874,0.000413562,0.000528441,0.000968261,0.00232054,0.0235074,0.947146,0.0201037,0.00161486,0.000685988,
0.00100336,0.000597541,0.000383449,0.000230069,0.000169357,0.000172552,0.000246046,0.00035469,0.000396231,0.00066784,0.00174469,0.000597541,0.000607128,0.000722162,0.00103531,0.00256272,0.0235661,0.940952,0.0219333,0.00205784,
0.00220367,0.00115558,0.000650352,0.000446109,0.000268741,0.000188118,0.000252616,0.000139745,0.000177369,0.000220367,0.000962091,0.00027949,0.000419235,0.000413861,0.000601979,0.00120933,0.0027949,0.0248908,0.939082,0.0236438,
0.0273727,0.00279133,0.00118299,0.000819676,0.000403192,0.000398761,0.000451929,0.000482944,0.000607003,0.00103678,0.00207799,0.000695617,0.000575988,0.000527251,0.000571558,0.000762077,0.00125831,0.00313249,0.0280285,0.926823,


0.931932,0.0257654,0.00326052,0.00119111,0.000739934,0.000439148,0.00025266,0.000228598,0.000180472,0.000240629,0.000631651,0.000174456,0.000192503,0.000222582,0.000282739,0.000372975,0.000727903,0.00113697,0.00282739,0.0292003,
0.0267235,0.935935,0.0220825,0.00239971,0.00118045,0.000734143,0.000556267,0.000556267,0.000585374,0.000934658,0.00207953,0.000498053,0.000397796,0.000297538,0.000274899,0.000297538,0.000430137,0.000643588,0.000979936,0.00241265,
0.00186885,0.0247311,0.942498,0.0219862,0.00267089,0.00107459,0.000611268,0.00039713,0.00028422,0.00026086,0.000992824,0.000151844,9.73357e-05,0.00014795,0.000163524,0.00014795,0.000182991,0.000354302,0.000482785,0.000895489,
0.000854097,0.00206148,0.0251764,0.938653,0.0254754,0.00291169,0.00104433,0.000691042,0.000302816,0.000318345,0.00080751,0.000151408,9.70565e-05,0.000131997,0.000124232,0.000128115,0.000124232,0.000213524,0.000329992,0.000403755,
0.000364546,0.000732467,0.00180585,0.0253292,0.93721,0.0282051,0.00262946,0.00111051,0.000590699,0.000334167,0.000563696,0.000151894,9.45119e-05,9.11365e-05,7.42593e-05,8.7761e-05,0.00011814,0.000111389,0.00011814,0.000276785,
0.000201156,0.000359642,0.000649184,0.00204813,0.0300088,0.935386,0.024925,0.00298076,0.00113379,0.000569941,0.000722332,0.00026516,0.000128008,0.000115817,7.31475e-05,7.00997e-05,8.83866e-05,7.61954e-05,9.44822e-05,0.000103626,
0.000116518,0.000173482,0.000331428,0.000621428,0.00172964,0.0249659,0.935206,0.0314184,0.00281973,0.000989107,0.000649911,0.000243393,0.000194196,0.000137232,7.50893e-05,6.99107e-05,5.69643e-05,6.47321e-05,6.99107e-05,6.73214e-05,
6.96334e-05,8.21317e-05,0.000139267,0.000251752,0.000505289,0.00148551,0.0272267,0.927096,0.0383198,0.00294781,0.000919518,0.000341025,0.000194616,0.000110699,7.32043e-05,5.17787e-05,4.46368e-05,4.82077e-05,4.99932e-05,4.28513e-05,
3.79101e-05,5.30741e-05,4.98246e-05,9.96493e-05,0.000160305,0.000370435,0.00125211,0.0323579,0.931533,0.0307017,0.00227135,0.000566484,0.000206881,0.000103982,6.49887e-05,4.33258e-05,4.00763e-05,1.94966e-05,3.46606e-05,3.24943e-05,
2.07418e-05,1.61325e-05,2.56803e-05,3.21553e-05,5.93721e-05,0.000114903,0.00030136,0.00130772,0.0706181,0.91618,0.010078,0.000816832,0.000199736,8.73571e-05,4.30201e-05,2.7985e-05,2.20588e-05,1.723e-05,1.45961e-05,1.70105e-05,
5.22763e-05,5.80848e-05,6.00209e-05,6.77656e-05,8.58364e-05,0.000120687,0.000161347,0.000370452,0.00131594,0.031005,0.95171,0.0134015,0.000820286,0.000280098,0.000145212,9.55172e-05,7.16379e-05,6.26025e-05,6.26025e-05,5.29217e-05,
1.28395e-05,1.34814e-05,1.25185e-05,1.5279e-05,1.81679e-05,2.8632e-05,4.61579e-05,9.37282e-05,0.000299096,0.00128273,0.0712545,0.919359,0.00653626,0.000683766,0.000177442,7.51109e-05,3.55653e-05,2.29185e-05,1.91308e-05,1.34173e-05,
7.19265e-05,8.02257e-05,6.08609e-05,6.63937e-05,9.12914e-05,0.000132787,0.000168751,0.000235144,0.000539449,0.00116742,0.00358526,0.0313544,0.931722,0.0273708,0.00195585,0.000658404,0.000298772,0.000174284,0.000160451,0.000105123,
0.000127224,0.000103788,0.000127224,9.70919e-05,0.000103788,0.000157356,0.000177444,0.000204228,0.000358236,0.000790127,0.00155012,0.00366271,0.0344409,0.925618,0.0291376,0.0019184,0.000689687,0.000344844,0.00023436,0.000157356,
0.000144484,0.000113523,0.000116963,9.63225e-05,6.88018e-05,0.000106643,9.28825e-05,0.000116963,0.000213286,0.000330249,0.000846262,0.00111115,0.00272455,0.0306099,0.928959,0.0312085,0.00193677,0.000650177,0.000340569,0.000213286,
0.00013603,7.95997e-05,7.00702e-05,6.76411e-05,6.80148e-05,6.44645e-05,6.68936e-05,8.87555e-05,0.000109123,0.000171345,0.000708176,0.000343437,0.000588963,0.00169962,0.0340655,0.946763,0.0133784,0.000918013,0.000376137,0.000237304,
0.000375863,0.000193011,0.000118516,0.000125288,0.000138832,0.000145605,0.000118516,0.000108357,0.000152377,0.000240417,0.000981986,0.000386022,0.000474062,0.000870242,0.00260057,0.0234661,0.945781,0.0212685,0.00172694,0.000728024,
0.000600357,0.000355657,0.000309095,0.000211016,0.0002021,0.000195165,0.000222905,0.00033089,0.000375471,0.0004894,0.0017238,0.000603329,0.000566673,0.00067763,0.000828215,0.00197741,0.0234783,0.947074,0.0182267,0.00155241,
0.00214981,0.00113477,0.000624642,0.000416428,0.000265473,0.000197803,0.000176982,0.000182187,0.000109312,0.000208214,0.000968195,0.000187393,0.000317526,0.000395607,0.00067149,0.00116079,0.00273801,0.0250638,0.939982,0.0230493,
0.0275894,0.00311354,0.00123008,0.00074541,0.000487738,0.000417184,0.000490805,0.000552156,0.000674857,0.000987745,0.00201537,0.000886517,0.000680992,0.000644182,0.000610439,0.000754613,0.00115339,0.00333134,0.0355159,0.918118,


0.932143,0.0266681,0.00323819,0.00140422,0.000696059,0.000508425,0.000332898,0.000254213,0.000199739,0.000230002,0.000665795,0.000163422,0.000260265,0.000211844,0.000326845,0.000381319,0.000623426,0.00108343,0.00278423,0.0278242,
0.027057,0.935244,0.0231476,0.00244541,0.00118495,0.000837018,0.000610531,0.00052847,0.000505493,0.000856712,0.00139175,0.000466104,0.000387326,0.000315113,0.000301983,0.00031183,0.000436562,0.000423433,0.000879689,0.00266861,
0.00194676,0.0240126,0.944112,0.0213725,0.00256394,0.00113529,0.000579076,0.000407639,0.000243822,0.000224773,0.000819088,0.000175247,0.00012953,6.47651e-05,9.90525e-05,0.000144769,0.000205724,0.000342874,0.00052574,0.000895282,
0.000870134,0.00211859,0.0250712,0.93889,0.0251431,0.00287901,0.00120684,0.000624227,0.000385886,0.000291306,0.000749072,0.000234558,0.000117279,9.07966e-05,0.000132412,0.000143761,0.000174027,0.000226992,0.000257257,0.000393452,
0.000367784,0.000738972,0.00202621,0.0247539,0.937521,0.0282921,0.00262216,0.00115103,0.000517621,0.000313297,0.000555081,9.19459e-05,0.000139622,8.17297e-05,9.87567e-05,8.17297e-05,8.17297e-05,0.000132811,0.000187297,0.000245189,
0.000208194,0.000300045,0.00069194,0.0020054,0.0297228,0.935937,0.0250599,0.00279531,0.00106546,0.000575596,0.000642953,0.000183701,0.000119406,0.000113282,6.7357e-05,0.000128591,7.6542e-05,9.18504e-05,8.87887e-05,0.000125529,
0.000114109,0.00016079,0.000300834,0.000562767,0.0019632,0.0237296,0.935412,0.0318132,0.00308614,0.00105032,0.000733931,0.000321581,0.000165977,0.000124483,8.81754e-05,6.48349e-05,8.29886e-05,5.18679e-05,6.48349e-05,0.000108923,
4.53641e-05,0.00010343,0.000127019,0.000210489,0.000508078,0.00153875,0.0266868,0.926897,0.039122,0.00279443,0.00106515,0.000315734,0.000165125,0.000114317,6.71388e-05,6.16951e-05,4.17349e-05,4.35495e-05,4.89932e-05,4.35495e-05,
3.23205e-05,4.27092e-05,5.65608e-05,7.84926e-05,0.000158139,0.000378611,0.00128474,0.030529,0.930903,0.0330442,0.00233285,0.000596774,0.000245866,9.69614e-05,5.65608e-05,3.69377e-05,3.8092e-05,2.77033e-05,2.19317e-05,3.8092e-05,
3.57092e-05,2.67819e-05,3.86849e-05,5.85234e-05,7.24103e-05,0.000157716,0.000387841,0.00156724,0.0340685,0.922716,0.0381582,0.00186977,0.000412639,0.000177554,7.14184e-05,5.75315e-05,4.26526e-05,3.67011e-05,1.68627e-05,2.67819e-05,
2.49198e-05,2.11109e-05,1.84991e-05,1.85345e-05,2.09324e-05,3.18473e-05,5.94832e-05,0.000171066,0.000961304,0.0594714,0.932082,0.0062178,0.000593037,0.000118549,4.89067e-05,2.93888e-05,2.66946e-05,2.82269e-05,2.89005e-05,2.76207e-05,
4.68755e-05,6.25006e-05,7.61726e-05,3.90629e-05,9.17978e-05,0.000109376,0.000197268,0.000359379,0.0009629,0.00374222,0.0464653,0.923599,0.0214983,0.001584,0.000535161,0.00027344,0.000113282,9.17978e-05,8.00789e-05,7.22663e-05,
8.59535e-05,4.15904e-05,8.04081e-05,6.3772e-05,8.04081e-05,9.42716e-05,0.000163589,0.000224588,0.000518494,0.00112017,0.00356569,0.0305163,0.932296,0.027885,0.00197693,0.000632174,0.00028836,0.000149725,0.000116453,9.9817e-05,
7.20285e-05,5.98391e-05,5.42984e-05,5.76228e-05,7.42448e-05,7.75692e-05,7.97855e-05,0.00014849,0.000229383,0.000390062,0.00141398,0.00141176,0.0179528,0.958476,0.0176769,0.0009131,0.000401144,0.000205004,0.000187274,0.00011857,
