0.931188,0.0237167,0.00299914,0.00135833,0.000522896,0.000408701,0.000324556,0.000324556,0.000258443,0.000168288,0.000619061,0.000174299,0.000252433,0.000258443,0.00020435,0.000450773,0.000619061,0.00123812,0.0025063,0.0324075,
0.027037,0.9499,0.0147231,0.00153397,0.000779435,0.000438552,0.000333223,0.000235554,0.000218318,0.000208743,0.0012199,0.000164696,0.00013214,0.000105329,0.000166611,0.000181932,0.000222149,0.000402166,0.000622399,0.00137502,
0.00176262,0.0247349,0.947739,0.0180693,0.00231566,0.000879692,0.000540105,0.000407505,0.000203752,0.000158474,0.000763263,0.000181113,0.000135835,0.000132601,0.000132601,0.000206986,0.000171411,0.000249031,0.000439846,0.000776199,
0.00135022,0.00314645,0.0405205,0.9274,0.0181471,0.00267709,0.00134332,0.000864929,0.000612194,0.000391846,0.00103908,0.000224595,0.000163535,0.000165128,0.000165659,0.000185835,0.000225657,0.000306362,0.000403527,0.000666882,
0.000378594,0.000725044,0.00227871,0.0291803,0.93521,0.0255123,0.00291089,0.00108935,0.000617895,0.00034645,0.00050003,0.000153581,0.000142866,0.000110721,8.21478e-05,0.000110721,0.000128579,0.000117864,0.000185726,0.00021787,
0.000306127,0.000504071,0.00103762,0.003564,0.0854527,0.887472,0.015367,0.00272165,0.00117192,0.000596177,0.000588809,0.00022005,0.000148709,0.000118566,0.000102489,0.000102824,9.2441e-05,0.000112202,0.00014603,0.000174834,
0.00023845,0.000306829,0.000568948,0.001457,0.0052722,0.0764293,0.886711,0.0200947,0.00429473,0.0019453,0.00106952,0.000436574,0.000232752,0.000170948,0.000126238,0.000108705,0.000109143,0.000111335,0.000135881,0.000180591,
6.9019e-05,6.72027e-05,0.00012714,0.00023975,0.000508561,0.0014494,0.0319721,0.928266,0.0324662,0.00298053,0.000926308,0.000365074,0.000185262,8.71819e-05,7.81004e-05,5.44887e-05,3.26932e-05,2.90606e-05,5.26724e-05,4.35909e-05,
4.4731e-05,4.35841e-05,6.53761e-05,8.48743e-05,0.000159426,0.000381934,0.00126967,0.0378665,0.929349,0.0273272,0.00228014,0.00054136,0.000223655,0.000123871,5.50536e-05,5.39066e-05,3.78493e-05,2.98207e-05,3.55554e-05,2.63798e-05,
8.75252e-05,0.000110049,0.000127633,0.000188683,0.000355633,0.000663848,0.00189533,0.00850299,0.0707883,0.893862,0.0195584,0.00205595,0.000767377,0.000357411,0.000213577,0.000130794,9.93797e-05,8.25859e-05,7.90295e-05,7.32999e-05,
0.000112462,0.000116701,0.000121358,0.00012535,0.000153958,0.000230518,0.000407861,0.00122006,0.00688777,0.0594379,0.923728,0.00553961,0.000811508,0.000322405,0.000189614,0.000134935,0.000120569,0.000112191,0.000108741,0.000118105,
5.56099e-05,4.6022e-05,4.21868e-05,8.2456e-05,6.51978e-05,0.000113137,0.000180253,0.000395022,0.00100098,0.00351301,0.0569215,0.916666,0.018125,0.00175267,0.000471725,0.000226275,0.000130396,9.01264e-05,6.13626e-05,6.13626e-05,
0.000271052,0.000210401,0.000167258,0.000145843,0.000166476,0.0002277,0.000385579,0.000858956,0.00227825,0.00807684,0.0208796,0.0729277,0.873083,0.0159194,0.00200006,0.000864114,0.00048609,0.000383703,0.000347073,0.000320969,
0.000270648,0.000226947,0.000178585,0.000159336,0.000156093,0.000194323,0.000283076,0.000501714,0.00108266,0.00278543,0.0057065,0.00762534,0.042877,0.91946,0.0151011,0.00138309,0.000753788,0.000507118,0.000404452,0.000342717,
0.000291006,0.000232758,0.000189052,0.000161531,0.000157074,0.000177637,0.000228927,0.000338386,0.000612739,0.00128459,0.00295572,0.00253188,0.00341959,0.0337456,0.93581,0.0150533,0.00125143,0.000722902,0.00046919,0.000366846,
0.000385704,0.000287371,0.000224599,0.000185946,0.000179555,0.000190378,0.000255521,0.000348288,0.000536089,0.000907157,0.0022933,0.00137027,0.00176391,0.00258438,0.0340877,0.935528,0.0161334,0.00147149,0.00075069,0.000516402,
0.000606652,0.000427404,0.000327885,0.000281899,0.000259546,0.000302827,0.000387112,0.000471682,0.00069834,0.00110738,0.00265284,0.0012422,0.00126385,0.00163943,0.00292121,0.0236241,0.938585,0.020208,0.00204092,0.000951337,
0.000804763,0.000522346,0.000368415,0.000292849,0.000230514,0.000225425,0.000255703,0.000308624,0.000373758,0.000488506,0.00184945,0.000588497,0.000679838,0.000817739,0.00135408,0.00275726,0.023561,0.945663,0.0172356,0.0016225,
0.00198505,0.00108919,0.000608247,0.000363062,0.0002499,0.000216894,0.000245185,0.000226324,0.000292336,0.000245185,0.00110333,0.000202749,0.000410213,0.000396068,0.000584671,0.0011552,0.00241884,0.0249617,0.943094,0.0201523,
0.0274241,0.00312483,0.00128465,0.000709287,0.000476164,0.000540645,0.000515845,0.000500965,0.000580325,0.00103169,0.00191458,0.000813448,0.000729127,0.000729127,0.000610086,0.000813448,0.00124993,0.00360595,0.0309656,0.92238,


0.930931,0.0240359,0.00300298,0.00131794,0.000800395,0.000385152,0.000355062,0.000282846,0.000216648,0.000222666,0.000728179,0.000228684,0.00021063,0.00024072,0.00024072,0.000517549,0.000619855,0.0012036,0.00267801,0.0317811,
0.0270552,0.94615,0.0149959,0.00154024,0.000920716,0.000629309,0.000525104,0.000414781,0.000412946,0.000503284,0.00162833,0.000281211,0.000246952,0.000212896,0.000218402,0.000254905,0.000355031,0.000528774,0.000888292,0.00223806,
0.00217982,0.0253962,0.945176,0.0185613,0.00241291,0.00111617,0.000535107,0.00044647,0.000315155,0.000219952,0.000997991,0.000124749,0.000157578,0.0001149,0.000210103,0.000170709,0.000200255,0.000288892,0.000551521,0.000823999,
0.00105157,0.00219291,0.0288412,0.934948,0.0247888,0.00315043,0.00118408,0.000666849,0.000388995,0.000320601,0.00072242,0.000183811,0.000115416,0.000106867,0.000119691,0.000102592,0.000158163,0.000196635,0.00026503,0.000495862,
0.000243572,0.000365881,0.000756851,0.0167229,0.963306,0.0143258,0.00116455,0.000560321,0.000321975,0.000232073,0.00122204,0.000121263,7.63123e-05,5.33141e-05,6.16771e-05,7.42216e-05,8.67661e-05,7.73577e-05,9.30383e-05,0.000133808,
0.000215983,0.000346882,0.000719945,0.00210747,0.0356733,0.930542,0.0237582,0.00309576,0.00126318,0.000625043,0.000605408,0.000199621,0.000143989,8.18119e-05,8.50844e-05,0.000111264,8.50844e-05,8.18119e-05,0.000111264,0.000147261,
0.000137015,0.000199059,0.000299881,0.000589421,0.00178378,0.0278036,0.935673,0.0276718,0.003035,0.0010987,0.000672147,0.000310222,0.000217155,0.000103407,6.46295e-05,6.20444e-05,6.20444e-05,5.6874e-05,6.97999e-05,9.04814e-05,
5.98707e-05,6.16849e-05,0.000128813,0.000263068,0.000507994,0.00151854,0.0315791,0.928589,0.0326241,0.00286654,0.000908946,0.000342896,0.000175984,9.07131e-05,7.6199e-05,6.16849e-05,3.26567e-05,2.72139e-05,4.1728e-05,4.35423e-05,
3.11994e-05,5.08434e-05,7.39541e-05,7.39541e-05,0.000166397,0.00039057,0.00133464,0.0366928,0.929775,0.0280205,0.00227178,0.0005743,0.000204529,0.000103998,7.39541e-05,4.73768e-05,3.58215e-05,2.42662e-05,2.54217e-05,2.88883e-05,
3.66748e-05,1.48682e-05,4.36133e-05,7.0376e-05,8.72266e-05,0.000170488,0.000411353,0.00155422,0.0410302,0.921533,0.0323512,0.00181689,0.000439107,0.000165532,8.62354e-05,5.55079e-05,4.85694e-05,2.97364e-05,3.07276e-05,2.47803e-05,
5.48112e-05,5.73905e-05,6.83528e-05,7.67357e-05,8.44737e-05,0.000116071,0.000170237,0.000350792,0.00132837,0.0367609,0.94759,0.0117618,0.000820878,0.000252776,0.000136061,0.000102529,7.99599e-05,7.09321e-05,5.09422e-05,6.57734e-05,
0.000206357,0.000165889,0.000133419,0.000126401,0.000149237,0.000245399,0.00053314,0.00134326,0.00502909,0.0320268,0.134732,0.80157,0.0185708,0.00289727,0.000862628,0.000382862,0.000257768,0.000251822,0.000265827,0.000249205,
5.26778e-05,4.71328e-05,6.65404e-05,8.0403e-05,6.65404e-05,0.000133081,0.000169124,0.000271707,0.000565594,0.00116446,0.00355714,0.0353662,0.931167,0.0239268,0.0019574,0.00071531,0.000260617,0.000185759,0.000146943,9.98106e-05,
0.000138686,0.000101478,6.76519e-05,0.00010486,7.77997e-05,0.000101478,0.000115008,0.000230016,0.000301051,0.000490476,0.00158305,0.00334539,0.039343,0.924592,0.0258633,0.00201941,0.000737406,0.000328112,0.000223251,0.000236782,
0.000146543,8.86072e-05,8.17912e-05,9.54231e-05,8.51992e-05,8.17912e-05,9.88311e-05,0.000153359,0.000180622,0.000327165,0.000879256,0.000978087,0.00269229,0.0337321,0.930498,0.0266537,0.00192891,0.000685002,0.000412364,0.00020107,
0.000266611,0.00019854,9.35974e-05,7.65797e-05,8.22522e-05,8.50885e-05,7.94159e-05,0.00012196,0.000136142,0.000207049,0.000760124,0.000470823,0.000907611,0.00229739,0.0338397,0.940254,0.0177807,0.00151174,0.00051904,0.000311991,
0.000379287,0.000203796,0.000181152,0.000141525,7.92541e-05,0.000101898,8.20846e-05,0.000107559,0.000172661,0.000155678,0.000936897,0.000305694,0.000444389,0.000789711,0.00227856,0.0237083,0.950016,0.0178067,0.00148884,0.00061988,
0.000721351,0.000412581,0.000311432,0.000215607,0.000186327,0.000258196,0.00025021,0.000258196,0.000383301,0.000473802,0.00144536,0.000508406,0.000535024,0.000596246,0.000947605,0.00212413,0.0233414,0.946753,0.0184038,0.00187392,
0.00192128,0.000879642,0.000546526,0.000404402,0.000354936,0.000381089,0.000469113,0.000566552,0.000775478,0.00121336,0.0029311,0.00107422,0.000803275,0.000772938,0.000816576,0.00112802,0.00240534,0.0251596,0.937354,0.0200427,
0.0219313,0.00268026,0.0013413,0.000864409,0.000663302,0.000551575,0.000525702,0.000501004,0.000562748,0.00070564,0.00167942,0.000593326,0.000579801,0.000574509,0.000730337,0.00103376,0.00186465,0.00393571,0.0375977,0.921084,


0.930617,0.0245276,0.00311925,0.00115658,0.000730161,0.000519875,0.000309588,0.000175239,0.000257017,0.000257017,0.000625018,0.000169397,0.000169397,0.000198604,0.000268699,0.000391367,0.000636701,0.00125004,0.00287392,0.0317474,
0.0270907,0.937844,0.0213196,0.00238285,0.00103698,0.000567345,0.00046018,0.000438117,0.000491699,0.000759613,0.00169258,0.000488547,0.000356167,0.000330952,0.000324648,0.000349863,0.00037823,0.000579953,0.000923512,0.00218428,
0.00185917,0.0248042,0.947171,0.0181369,0.00234457,0.000983011,0.000589196,0.000402973,0.000250332,0.000152641,0.00118755,0.000116008,9.76905e-05,9.46377e-05,0.000112955,0.000164853,0.000189275,0.000262543,0.00036634,0.000714362,
0.000892938,0.00217224,0.0295013,0.934253,0.0249894,0.00319826,0.00131794,0.0005495,0.000429297,0.000321973,0.000738391,0.000137375,0.000150254,0.000128789,7.72734e-05,0.000120203,0.000137375,0.000167426,0.000270457,0.000446469,
0.000544411,0.00101136,0.00277399,0.056006,0.915765,0.0168742,0.00238364,0.00119571,0.000649139,0.000448771,0.000731363,0.000220707,0.000171373,0.000117711,0.0001255,0.000136319,0.000135886,0.000152331,0.000241912,0.000315049,
0.000190195,0.000327923,0.000750943,0.00197081,0.0354648,0.931195,0.0237711,0.0030628,0.00111822,0.000606657,0.000544352,0.000183637,0.000150844,0.000111494,6.23053e-05,8.19807e-05,6.55845e-05,0.000101656,7.87014e-05,0.000160682,
0.000106819,0.000152945,0.000288896,0.000594786,0.00181106,0.0287561,0.935552,0.0271489,0.00296422,0.00104391,0.000650623,0.000237914,0.000155373,0.000116529,5.82647e-05,7.04032e-05,5.82647e-05,7.52586e-05,7.76863e-05,8.0114e-05,
6.17285e-05,7.23105e-05,0.000151676,0.000216932,0.000520283,0.00156967,0.0310283,0.927751,0.0339048,0.00279189,0.000984129,0.000347443,0.00017284,0.000107584,6.34922e-05,6.52558e-05,5.99648e-05,3.70371e-05,3.70371e-05,5.64375e-05,
3.69969e-05,3.46846e-05,6.12761e-05,8.67114e-05,0.000166486,0.000398873,0.00131223,0.0359205,0.929878,0.0286506,0.00237705,0.000552641,0.000190765,0.000123708,4.97145e-05,4.39338e-05,3.8153e-05,2.19669e-05,1.84984e-05,3.69969e-05,
3.17394e-05,2.87638e-05,4.06661e-05,6.64544e-05,8.72834e-05,0.00015473,0.000382857,0.0015592,0.0400482,0.922,0.0329951,0.00174567,0.000440384,0.000147787,7.93485e-05,6.05033e-05,3.66987e-05,3.27313e-05,2.28127e-05,3.86824e-05,
4.52356e-05,5.68676e-05,5.88063e-05,7.04383e-05,8.65939e-05,0.00011632,0.000180942,0.000386441,0.0013338,0.0360754,0.948086,0.0119538,0.000794208,0.000281107,0.000137646,9.5641e-05,6.72072e-05,6.84997e-05,5.55752e-05,4.9113e-05,
5.3198e-05,4.55982e-05,3.79985e-05,6.07977e-05,8.92966e-05,0.000125395,0.000157694,0.000336287,0.000949964,0.00372576,0.0542429,0.91836,0.0189746,0.00172133,0.00050918,0.000227991,0.000146294,9.68963e-05,8.16969e-05,5.69978e-05,
6.91387e-05,5.80765e-05,6.63731e-05,8.5732e-05,7.19042e-05,0.000143808,0.000135512,0.000273789,0.000519923,0.00116706,0.00372796,0.0345666,0.930751,0.0250531,0.00195524,0.000641607,0.000320804,0.000176995,0.00012445,9.12631e-05,
0.000124363,0.000117641,0.00011428,8.73906e-05,9.74741e-05,9.41129e-05,0.000137808,0.000255449,0.000379813,0.000789876,0.0016705,0.00339143,0.037746,0.925674,0.0257063,0.00208057,0.000709208,0.000376452,0.000275616,0.00017142,
0.000109875,9.95739e-05,9.61403e-05,7.89724e-05,8.2406e-05,9.61403e-05,0.000116742,0.000137343,0.000247218,0.000329624,0.00082406,0.00110905,0.00280524,0.0339513,0.929412,0.0275099,0.00180606,0.000624912,0.000346792,0.000216316,
0.000177821,0.000149596,0.000115725,8.46769e-05,0.00012137,8.74994e-05,7.62092e-05,9.59671e-05,0.000169354,0.000234273,0.00105564,0.000539109,0.000843946,0.00236248,0.0339328,0.939216,0.018293,0.00152418,0.000623786,0.000296369,
0.000363413,0.000299453,0.000165716,0.000104663,0.000104663,0.000127921,0.000104663,9.30338e-05,0.000125014,0.000154087,0.00117455,0.000348877,0.000441911,0.000837304,0.00210489,0.0233195,0.950332,0.017627,0.00156995,0.000601812,
0.00077977,0.000489733,0.000306678,0.000173546,0.000156905,0.000149773,0.000235357,0.000237735,0.000290036,0.000416036,0.00153814,0.000492111,0.000446941,0.000639506,0.0008606,0.00222757,0.023462,0.946234,0.0189498,0.00191376,
0.00221469,0.00104399,0.000532133,0.000364891,0.000228057,0.000217921,0.000202717,0.00017231,0.000162174,0.000141902,0.00108454,0.000283804,0.000359823,0.000369959,0.000628424,0.00114029,0.00280764,0.0262418,0.939403,0.0224003,
0.0275557,0.00344927,0.00117381,0.000678309,0.000476259,0.000404099,0.000495502,0.000466638,0.000846683,0.00107279,0.00208303,0.000798576,0.000745658,0.000702362,0.000586905,0.000837062,0.00147688,0.00358397,0.0304662,0.9221,


0.931381,0.0242579,0.00346713,0.00133862,0.000560771,0.000464295,0.000283401,0.000229132,0.000211043,0.000217073,0.000717546,0.000156775,0.000156775,0.000138685,0.000217073,0.00028943,0.000627099,0.00133862,0.00276768,0.0311801,
0.0270279,0.952539,0.013349,0.0011136,0.00064711,0.00048071,0.000317155,0.000186311,0.000136533,0.000160711,0.00126293,9.6711e-05,9.81332e-05,0.000125155,0.000137955,0.000147911,0.000214755,0.000374044,0.00048071,0.00110364,
0.00182002,0.0246538,0.95184,0.0140673,0.00146858,0.000840579,0.000555208,0.000400121,0.000274475,0.000248743,0.00139022,0.000167606,0.000125646,0.000130746,0.000151842,0.000153928,0.000210261,0.000292557,0.000451353,0.00075666,
0.0010488,0.00218537,0.0284976,0.935014,0.0250001,0.00315518,0.00126822,0.000645079,0.000394946,0.000329122,0.000737233,0.00015359,0.000127261,0.000100931,0.000114096,0.000171143,0.000162367,0.000175532,0.000276462,0.000443218,
0.00036153,0.000687266,0.00198663,0.0276982,0.93496,0.0274083,0.00306764,0.00115976,0.000672947,0.000332894,0.000551244,0.000150339,0.000114544,0.000118124,6.80107e-05,7.15902e-05,8.59082e-05,0.000107385,0.000200452,0.000196873,
0.000150546,0.000327274,0.000746186,0.00200619,0.0341249,0.931799,0.0244179,0.00289965,0.0013091,0.000592367,0.000540003,0.000222547,0.000140728,0.000108001,0.000114546,9.81823e-05,9.49096e-05,9.49096e-05,0.000114546,9.81823e-05,
0.000144803,0.000142217,0.000299949,0.000612826,0.00185399,0.0268118,0.935454,0.028945,0.00303051,0.00108343,0.000641269,0.000258576,0.00013446,0.00013446,5.68868e-05,8.79159e-05,6.72298e-05,4.91295e-05,8.53302e-05,0.000106016,
6.35441e-05,6.69789e-05,0.000137393,0.000273068,0.0005032,0.00157658,0.0308807,0.927768,0.0339755,0.00279594,0.00105105,0.000312568,0.000152849,0.000120219,8.07181e-05,5.32396e-05,3.43481e-05,4.637e-05,5.15222e-05,5.66744e-05,
4.26864e-05,4.03791e-05,4.38401e-05,8.88339e-05,0.000161516,0.000396868,0.00127136,0.0349602,0.930466,0.0291283,0.00228315,0.000568768,0.000219201,9.11413e-05,5.76844e-05,4.15327e-05,2.76885e-05,4.03791e-05,2.88422e-05,4.15327e-05,
3.76861e-05,4.66117e-05,2.97522e-05,6.4463e-05,8.92565e-05,0.000181488,0.000360001,0.00162546,0.0388732,0.922562,0.0335624,0.00174546,0.000363968,0.000169587,8.42978e-05,5.75209e-05,3.86778e-05,3.86778e-05,3.47109e-05,3.47109e-05,
7.35094e-05,5.99682e-05,7.09301e-05,7.28645e-05,8.06024e-05,0.000123805,0.00017926,0.000380443,0.00132768,0.034904,0.948795,0.0123405,0.000815051,0.000265021,0.000128964,8.96298e-05,8.31816e-05,8.64057e-05,6.0613e-05,6.25474e-05,
5.21667e-05,4.05741e-05,5.79629e-05,5.02346e-05,6.95555e-05,0.000113994,0.000181617,0.000380623,0.000995031,0.00368451,0.0529318,0.919518,0.0190544,0.00170797,0.00050621,0.000233784,0.000181617,0.000104333,8.30802e-05,5.21667e-05,
7.19239e-05,8.57555e-05,6.3625e-05,7.19239e-05,8.85218e-05,0.000102353,0.000163212,0.000287696,0.00056156,0.00118675,0.00345788,0.03363,0.931354,0.0254998,0.00208303,0.000627951,0.000293228,0.00017981,9.68207e-05,9.40544e-05,
0.00011164,7.78097e-05,0.000118406,0.000118406,6.42776e-05,0.000121789,0.000182684,0.000206365,0.000284175,0.000487156,0.00138704,0.00331199,0.0382012,0.925147,0.0267124,0.00203997,0.000734118,0.000314622,0.000243578,0.000135321,
0.000172363,6.89453e-05,8.61816e-05,5.1709e-05,6.89453e-05,6.5498e-05,8.27344e-05,0.000175811,0.000220625,0.000296465,0.000703242,0.000968682,0.0025889,0.0325422,0.9304,0.0284606,0.00179258,0.00065498,0.000420566,0.000179258,
0.000139416,0.000160631,8.18311e-05,7.88003e-05,7.27387e-05,0.000121231,7.27387e-05,0.0001182,0.000178816,0.000260647,0.000727387,0.000415217,0.000921357,0.00243675,0.0335235,0.939003,0.0191182,0.00164571,0.000575848,0.00034854,
0.000383786,0.000284841,0.00019789,9.29482e-05,9.89449e-05,8.39532e-05,7.19599e-05,0.000101943,0.00012593,0.00019789,0.00114836,0.000365796,0.000509716,0.000812547,0.00201488,0.0236598,0.949097,0.0186766,0.00138523,0.000689616,
0.000936108,0.000496594,0.000345332,0.000282545,0.000205487,0.000245443,0.000245443,0.000299669,0.000362456,0.000656417,0.00175235,0.000639293,0.000605045,0.000650709,0.00114445,0.00239164,0.0234484,0.944413,0.0190247,0.00185509,
0.00216807,0.00100065,0.000486029,0.000271604,0.000185835,0.000257309,0.00014295,0.00013342,0.0001906,0.000176305,0.00110071,0.000204895,0.000309724,0.000443144,0.000681394,0.00106259,0.00286852,0.0246398,0.942863,0.0208135,
0.0138235,0.000896133,0.000464821,0.000297279,0.000259475,0.000183007,0.000141766,0.000170119,0.000164964,0.000240573,0.00163847,0.000203627,0.000201909,0.000199332,0.000321336,0.000323914,0.000468257,0.00095198,0.0141001,0.964949,


0.915495,0.0194285,0.00254658,0.00127211,0.000840199,0.000648063,0.000508293,0.000489,0.000523648,0.000624046,0.00128943,0.000401201,0.000360648,0.000350017,0.000420493,0.000566957,0.000833112,0.00135676,0.00363286,0.0484134,
0.0270468,0.941911,0.0187735,0.00199887,0.000939917,0.000493519,0.000463759,0.000416639,0.000431519,0.000582798,0.00172607,0.000342239,0.000280239,0.000317439,0.000215759,0.000270319,0.000381919,0.000515838,0.000860557,0.00203111,
0.00135047,0.0246723,0.951434,0.0160772,0.00170146,0.000687006,0.000438742,0.000267526,0.000239703,0.000134833,0.00110863,0.00010273,6.63464e-05,7.06268e-05,0.00010701,0.000115571,0.000181917,0.000278227,0.000327451,0.000637781,
0.000826263,0.0021787,0.0271187,0.936489,0.0249112,0.00308718,0.0014141,0.000628946,0.000419298,0.000238424,0.000818041,0.00016032,0.000168541,0.000172652,0.000139766,0.000102769,0.000189095,0.000193206,0.000263089,0.000480959,
0.000379755,0.000863406,0.00194893,0.0272421,0.935413,0.0274929,0.00295206,0.00111061,0.000616207,0.000361842,0.000533807,0.00017913,0.000121808,0.000111061,7.88172e-05,0.000111061,6.09042e-05,0.000100313,0.000143304,0.00017913,
0.000206692,0.000351049,0.0006332,0.00208005,0.0331528,0.932582,0.0243339,0.00317584,0.00122703,0.000538056,0.000646323,0.000206692,0.000170603,9.84249e-05,0.000111548,8.85824e-05,5.90549e-05,0.000108267,0.000121391,0.000108267,
0.000100982,0.000170893,0.000339196,0.000608482,0.00185911,0.0259187,0.935519,0.0297871,0.00300357,0.00104866,0.000670625,0.00025375,0.000152768,0.000119107,5.4375e-05,7.76786e-05,5.17857e-05,8.02678e-05,0.000100982,8.28571e-05,
8.02913e-05,8.74283e-05,0.000114192,0.000269422,0.000501375,0.00148093,0.0298416,0.927609,0.0353193,0.00282804,0.000942085,0.000344361,0.000206973,9.45653e-05,5.88803e-05,3.03323e-05,4.46063e-05,5.70961e-05,4.10378e-05,4.81748e-05,
3.69827e-05,3.46713e-05,5.43183e-05,9.70795e-05,0.000169889,0.000367515,0.00130711,0.0340576,0.930407,0.0299721,0.00235765,0.000566297,0.000194159,0.000116727,6.12526e-05,5.08512e-05,5.20069e-05,2.19585e-05,3.81384e-05,3.69827e-05,
2.18217e-05,3.67002e-05,4.56272e-05,6.84408e-05,8.43112e-05,0.000183501,0.000398742,0.00155331,0.0379926,0.922393,0.034522,0.00185385,0.000373945,0.00018846,8.33193e-05,5.753e-05,4.06677e-05,3.67002e-05,2.47974e-05,4.06677e-05,
5.2296e-05,5.68154e-05,5.55241e-05,6.90823e-05,8.45774e-05,0.000127835,0.000182713,0.000349285,0.00134549,0.0339149,0.94979,0.0124232,0.000767007,0.000287951,0.000122024,0.00010782,7.68299e-05,7.81211e-05,5.29416e-05,5.55241e-05,
3.50064e-05,3.69512e-05,6.61233e-05,7.58473e-05,6.22337e-05,0.000110854,0.000175032,0.000385071,0.000970457,0.003594,0.0525836,0.919687,0.0194286,0.00170948,0.000503704,0.00019448,0.000147805,9.52953e-05,8.16817e-05,5.63993e-05,
7.72955e-05,7.72955e-05,8.28167e-05,5.79717e-05,8.00561e-05,0.000104901,0.000168394,0.000265013,0.000491379,0.00124777,0.00369914,0.0333834,0.931212,0.0257725,0.00184957,0.00069842,0.000361633,0.000165633,0.000115943,8.83378e-05,
0.000128495,9.46803e-05,9.80618e-05,7.43917e-05,8.4536e-05,0.000128495,0.000138639,0.000196124,0.000328,0.000578226,0.00143711,0.00318532,0.0365669,0.925679,0.0277684,0.00211002,0.000689814,0.00037534,0.000199505,0.000138639,
0.00015168,6.5498e-05,6.20508e-05,6.20508e-05,7.23926e-05,8.27344e-05,0.000110312,0.000175811,0.000230967,0.000261992,0.000813555,0.00104797,0.00267163,0.0327249,0.929231,0.0289432,0.00198218,0.000710137,0.000334385,0.000265439,
0.000229087,0.000123831,7.73941e-05,8.35856e-05,9.90645e-05,8.66814e-05,9.28729e-05,0.000105256,0.000170267,0.000256948,0.000625344,0.000507705,0.000984453,0.00246732,0.0338862,0.937949,0.0195064,0.00169648,0.000647015,0.000405545,
0.000342859,0.000264492,0.000176328,9.46945e-05,0.000120817,0.000130613,0.000101225,0.000101225,0.00014694,0.000137144,0.00102531,0.000385309,0.000486534,0.00101878,0.00227593,0.0235038,0.947474,0.0197487,0.00171756,0.00074776,
0.000907871,0.000489089,0.000281226,0.000293453,0.000204806,0.000217033,0.000207863,0.000247601,0.000431009,0.000675554,0.00173932,0.000544111,0.000565509,0.000696951,0.000953723,0.00247601,0.0235496,0.941095,0.0223116,0.00211225,
0.00236636,0.00106868,0.000549607,0.000417294,0.000234092,0.00019338,0.000137402,0.000111957,0.000183202,0.000162847,0.00100761,0.000284981,0.000371494,0.000463095,0.000636119,0.00117046,0.00272259,0.0250478,0.941401,0.0214703,
0.0266307,0.00325235,0.0013286,0.000741837,0.00050294,0.000473602,0.000561616,0.000561616,0.00057419,0.00089691,0.00203691,0.000871763,0.000662204,0.000569999,0.00064544,0.000779557,0.0013286,0.00341999,0.0369116,0.91725,


0.931975,0.02525,0.00289467,0.00138703,0.000741759,0.000482445,0.000277406,0.00021107,0.00021107,0.000192978,0.000723668,0.000180917,0.000192978,0.000186947,0.000271375,0.000404048,0.000572903,0.00119405,0.00267154,0.0299779,
0.0270471,0.94339,0.0181647,0.00179907,0.000892754,0.000571815,0.000411345,0.000418125,0.000427166,0.000598936,0.00169284,0.000368402,0.000237314,0.000239575,0.000255396,0.000207933,0.000300598,0.000483669,0.00066448,0.00182845,
0.0021572,0.0247783,0.942765,0.0215129,0.00268172,0.00121072,0.000630992,0.000366764,0.000303665,0.000236622,0.000871558,0.000193241,0.000141973,0.000126198,0.000122255,0.000197185,0.000201129,0.00025634,0.000406201,0.000840008,
0.00105351,0.00255317,0.0374578,0.925632,0.0253255,0.00293559,0.00113599,0.000719837,0.000446149,0.000262441,0.000551125,0.000153715,0.00013122,0.000134969,0.000127471,0.000153715,0.000149966,0.000243695,0.000333675,0.000498637,
0.000379345,0.000708588,0.00205061,0.0270051,0.934778,0.0282863,0.00307055,0.0012454,0.000565439,0.000297034,0.00059049,0.000135992,0.000114519,9.30469e-05,6.79958e-05,8.58894e-05,7.15745e-05,0.00013957,0.000103783,0.000211145,
0.00021189,0.000404221,0.000687827,0.0020211,0.0325267,0.932612,0.0250747,0.00303492,0.0012094,0.000616111,0.000596552,0.000189071,0.000143433,0.000153213,9.45355e-05,8.4756e-05,7.82363e-05,6.51969e-05,8.80158e-05,0.000107575,
9.58373e-05,0.000186494,0.000279741,0.000600926,0.00163959,0.0260911,0.934955,0.0304737,0.00298391,0.00109047,0.000704534,0.000233118,0.000176133,8.80667e-05,6.99353e-05,5.43941e-05,4.40333e-05,6.99353e-05,7.77059e-05,8.54765e-05,
3.98689e-05,7.79257e-05,0.00014679,0.000251899,0.000569039,0.00153495,0.0285625,0.927654,0.0362372,0.00293399,0.0010529,0.000328013,0.000183035,0.000125043,6.52401e-05,5.98034e-05,2.35589e-05,3.44323e-05,5.79912e-05,6.16156e-05,
3.00754e-05,3.70159e-05,4.51131e-05,0.000105264,0.000207058,0.000411802,0.00135918,0.033327,0.930181,0.030803,0.00237827,0.000583001,0.000218625,0.000106421,6.47779e-05,3.93294e-05,3.93294e-05,2.77619e-05,1.8508e-05,1.73512e-05,
3.5667e-05,3.07133e-05,4.45838e-05,6.34081e-05,9.21399e-05,0.000157529,0.000403236,0.0015743,0.036745,0.922874,0.0352945,0.00184577,0.000396301,0.000178335,8.12416e-05,5.15191e-05,4.75561e-05,3.1704e-05,3.1704e-05,2.08058e-05,
5.94081e-05,5.23049e-05,6.65112e-05,6.90942e-05,7.81345e-05,0.000114296,0.000184682,0.000336431,0.00132764,0.0327765,0.950613,0.0126765,0.000865937,0.000275731,0.000140126,9.16951e-05,7.9426e-05,7.36144e-05,5.81166e-05,6.06996e-05,
5.25842e-05,6.42696e-05,5.45318e-05,5.64794e-05,7.5955e-05,0.000112959,0.000202547,0.000430412,0.000965992,0.00367505,0.0507418,0.920896,0.0198846,0.00162037,0.00054337,0.00022397,0.000157753,0.000107116,6.62172e-05,6.81647e-05,
7.1942e-05,6.9175e-05,6.9175e-05,8.02431e-05,7.7476e-05,0.000124515,0.000171554,0.000290535,0.000500827,0.00123685,0.00364968,0.0322549,0.931409,0.0267209,0.00189816,0.000641944,0.000323739,0.00016602,0.000124515,0.000118981,
0.000131194,7.4007e-05,0.00012783,8.40989e-05,6.39152e-05,0.000121102,0.000131194,0.000188382,0.000373399,0.000642516,0.00167861,0.0036869,0.0365057,0.92459,0.0280117,0.00212602,0.000743434,0.000370035,0.000228749,0.000121102,
0.000104496,7.37618e-05,5.53213e-05,2.89778e-05,5.88338e-05,7.20056e-05,7.63961e-05,7.11274e-05,0.000129083,0.000210748,0.00121795,0.00049438,0.00101422,0.0156753,0.963085,0.0162899,0.000641025,0.000335441,0.000227432,0.000138742,
0.000197953,0.000116258,0.0001194,7.22684e-05,8.16947e-05,8.79789e-05,0.000103689,0.000125684,0.000147679,0.000185384,0.000876647,0.000430468,0.000864079,0.00249169,0.03352,0.938141,0.0198738,0.00166217,0.00061271,0.000289074,
0.000392299,0.00027362,0.000197798,0.000145052,0.000115382,9.23057e-05,7.91191e-05,8.9009e-05,0.000112085,0.000158238,0.00115712,0.00032307,0.000415375,0.000946133,0.00241643,0.0236335,0.94726,0.0198754,0.00158238,0.000735149,
0.000892171,0.000403536,0.000310201,0.000252553,0.00019216,0.00018667,0.000244318,0.00038981,0.000420007,0.000546283,0.00176513,0.000603931,0.000496871,0.000741188,0.00111178,0.00254749,0.0233529,0.943535,0.020078,0.00192983,
0.002294,0.000998505,0.000578621,0.000348197,0.000225304,0.00018946,0.00019458,0.000163857,0.000102411,0.000256027,0.000957541,0.000220183,0.000317473,0.000481331,0.000732237,0.00113676,0.00281118,0.0249626,0.94074,0.0222897,
0.027297,0.00286161,0.00137495,0.000558573,0.000459748,0.000421078,0.000429671,0.000425375,0.00058865,0.000786299,0.00178743,0.000554276,0.000459748,0.00056287,0.000507012,0.000756222,0.00121597,0.0028745,0.0278556,0.928223,


0.930953,0.0259701,0.00311521,0.00142805,0.00077127,0.000445891,0.000307303,0.000265124,0.000241022,0.000228971,0.000602555,0.000241022,0.000192818,0.000180766,0.000283201,0.000349482,0.000602555,0.00120511,0.00280188,0.0298144,
0.0268284,0.940956,0.0193384,0.00214929,0.000974347,0.000703405,0.000435069,0.000356913,0.000479358,0.000604408,0.00170901,0.000484568,0.000307414,0.000299599,0.00025531,0.000265731,0.000356913,0.000547093,0.000815429,0.00213366,
0.00146661,0.0245964,0.950192,0.0165483,0.00183716,0.000929833,0.000500413,0.000299555,0.000212979,0.000171422,0.00110991,0.000129865,0.000121207,0.00012467,0.000126402,0.000155838,0.000185274,0.000289166,0.000393058,0.0006095,
0.000802607,0.00218859,0.027846,0.935974,0.025297,0.00281656,0.00122992,0.000668839,0.00045704,0.000297262,0.000813754,0.000118905,0.000126336,0.000100326,0.000100326,0.000130052,0.000126336,0.000178357,0.000319556,0.000408735,
0.00034699,0.000790565,0.00208552,0.0259921,0.935438,0.0287966,0.00284746,0.00109821,0.00069398,0.000314795,0.000479347,0.000196747,8.58532e-05,6.79671e-05,7.15443e-05,0.000103739,0.000110894,9.30076e-05,0.000125203,0.000261137,
0.000184908,0.000293303,0.000733257,0.00197979,0.0316161,0.933663,0.0251125,0.00306055,0.00122741,0.000535596,0.000637615,0.000213601,0.000117959,9.88303e-05,8.6078e-05,5.10092e-05,7.97019e-05,7.97019e-05,8.92661e-05,0.000140275,
0.000107696,0.000174708,0.000306337,0.00062464,0.00173032,0.0262133,0.934803,0.0302603,0.00304183,0.00106021,0.000658145,0.00029437,0.000155562,0.000100517,7.65842e-05,8.37639e-05,5.02584e-05,7.65842e-05,7.65842e-05,0.000105303,
8.92339e-05,0.000120431,0.000182367,0.000325967,0.000792553,0.00262724,0.0701227,0.901879,0.0179532,0.00324683,0.00136535,0.000459245,0.000239027,0.000146582,8.80869e-05,7.52409e-05,6.5377e-05,6.6524e-05,7.40939e-05,8.05169e-05,
3.85581e-05,4.86566e-05,4.68205e-05,0.000100067,0.000168921,0.000415876,0.00146245,0.0344893,0.931143,0.0286881,0.00223086,0.000566437,0.000235021,0.000124855,6.51815e-05,4.03942e-05,4.59025e-05,2.93776e-05,2.84595e-05,3.21317e-05,
3.07344e-05,2.77601e-05,4.06487e-05,5.35373e-05,0.0001041,0.000168543,0.000371787,0.00152284,0.0357639,0.922568,0.0366393,0.00183018,0.000465973,0.000149706,8.22888e-05,5.0563e-05,3.47001e-05,3.37087e-05,2.37943e-05,3.76744e-05,
5.28655e-05,4.89973e-05,5.47996e-05,7.02725e-05,9.34817e-05,0.000111533,0.000165044,0.00035652,0.00131455,0.0319095,0.951177,0.0130391,0.000842625,0.00025917,0.000137966,0.000105086,7.92983e-05,7.28513e-05,5.99573e-05,4.89973e-05,
4.87261e-05,4.67771e-05,7.40637e-05,6.23694e-05,5.06751e-05,0.000130586,0.000165669,0.000350828,0.000929694,0.00378115,0.0493323,0.922067,0.0201765,0.00163915,0.000547681,0.000231936,0.000138382,9.35541e-05,6.23694e-05,7.01656e-05,
9.9843e-05,8.32025e-05,5.26949e-05,6.10152e-05,5.82418e-05,0.000110937,0.000138671,0.000269021,0.000529723,0.0012203,0.00365259,0.0316891,0.931746,0.0269992,0.00193307,0.000590738,0.000357771,0.000194139,0.000127577,8.59759e-05,
0.000122218,9.50583e-05,8.14786e-05,6.11089e-05,8.14786e-05,9.16634e-05,9.16634e-05,0.000227461,0.000339494,0.000617879,0.00154809,0.00322519,0.0355586,0.925522,0.028745,0.00217616,0.000736702,0.000359864,0.000173142,0.000145982,
0.000110211,7.2326e-05,9.64347e-05,9.29906e-05,6.88819e-05,7.2326e-05,8.61024e-05,0.000110211,0.000230754,0.000330633,0.000754257,0.00106078,0.00272772,0.0308591,0.929362,0.030742,0.00203546,0.000681931,0.000313413,0.000192869,
0.000223698,0.000111849,0.000121718,0.00010527,9.86904e-05,9.2111e-05,8.2242e-05,0.000131587,0.000157905,0.000240147,0.00071715,0.000539507,0.00091782,0.00273701,0.0341304,0.936012,0.0207513,0.00183893,0.000644777,0.000345416,
0.000468467,0.000252251,0.000144144,0.000111384,0.000127764,0.00013104,0.000121212,0.000144144,0.000124488,0.000153972,0.000930382,0.000416051,0.000527435,0.000969694,0.0023194,0.0235773,0.947089,0.0200949,0.00161179,0.000684682,
0.000993419,0.000588459,0.000379651,0.00022779,0.000167679,0.000174007,0.000243609,0.000357504,0.00039547,0.000661225,0.00178119,0.00059795,0.000601114,0.000718173,0.00102506,0.00255315,0.0237598,0.940793,0.0219375,0.00204379,
0.00221578,0.00114832,0.000646942,0.000436686,0.00027495,0.000188691,0.000247994,0.00013478,0.000177909,0.000221039,0.000932675,0.000280342,0.000420512,0.000420512,0.000609204,0.00121841,0.00280881,0.0250474,0.93902,0.0235487,
0.0274448,0.00278934,0.00118591,0.000812817,0.000399746,0.000399746,0.000453045,0.000488578,0.000608502,0.00103934,0.00208312,0.000697335,0.000572969,0.000528553,0.000572969,0.000759517,0.00125698,0.00314023,0.0276447,0.927122,


0.931956,0.0257773,0.00325823,0.00119028,0.000739414,0.000438839,0.000258494,0.000222425,0.000180345,0.00024046,0.000631207,0.000168322,0.000192368,0.000222425,0.000288552,0.000372713,0.000721379,0.00114218,0.00281939,0.0291798,
0.0268012,0.935888,0.0220505,0.00239476,0.00118607,0.000733616,0.000552636,0.000555868,0.000581722,0.000933987,0.00208774,0.000500928,0.00039751,0.000297325,0.000274702,0.000297325,0.000429828,0.000646358,0.000976001,0.00241415,
0.00186943,0.0248283,0.942383,0.0219891,0.00267562,0.00107492,0.000619248,0.000397253,0.000280414,0.000260941,0.00100871,0.000147996,9.7366e-05,0.000147996,0.00016747,0.000147996,0.000183048,0.000350518,0.000479041,0.000891873,
0.000854356,0.0020621,0.0251763,0.938677,0.0254676,0.00291646,0.00104853,0.000691251,0.000302908,0.000314558,0.000788337,0.000151454,9.70859e-05,0.000132037,0.00012427,0.000128153,0.00012427,0.000213589,0.000326209,0.000403877,
0.000364612,0.000732601,0.00180281,0.0253676,0.937172,0.0282034,0.00263331,0.00111747,0.000584055,0.000334228,0.000563799,0.000151922,9.45291e-05,9.45291e-05,7.42729e-05,8.7777e-05,0.000111409,0.000111409,0.000118161,0.000280211,
0.000204134,0.00035952,0.000642871,0.00204744,0.0299225,0.935478,0.0249257,0.00297671,0.00113645,0.000572795,0.000712947,0.000271164,0.000131012,0.000115778,7.31228e-05,7.0076e-05,8.83567e-05,7.61696e-05,9.14035e-05,0.000103591,
0.000116384,0.000175869,0.000331048,0.000623301,0.00173024,0.0249424,0.935254,0.0313978,0.00281908,0.000987971,0.000651751,0.000237941,0.000193973,0.000139661,7.5003e-05,6.98304e-05,5.68989e-05,6.20715e-05,6.72441e-05,6.72441e-05,
6.96879e-05,8.2196e-05,0.000141163,0.000253735,0.000511045,0.00148668,0.0272658,0.927078,0.0382926,0.00294833,0.00091309,0.000339505,0.000196556,0.000108999,7.32616e-05,5.18192e-05,4.46717e-05,4.82455e-05,5.00323e-05,4.46717e-05,
3.90267e-05,5.42038e-05,4.98675e-05,9.97349e-05,0.000158275,0.000370754,0.00125319,0.0323087,0.931568,0.0307173,0.00226897,0.000566971,0.00020489,0.000105155,6.50445e-05,4.22789e-05,4.11949e-05,1.95134e-05,3.46904e-05,3.25223e-05,
2.07423e-05,1.61329e-05,2.5681e-05,3.21561e-05,5.93736e-05,0.000114796,0.000301148,0.00130808,0.0706176,0.91618,0.0100783,0.000816853,0.000199741,8.73593e-05,4.31309e-05,2.79857e-05,2.20593e-05,1.72304e-05,1.45965e-05,1.70109e-05,
5.23121e-05,5.81246e-05,6.00621e-05,6.7812e-05,8.97702e-05,0.000119478,0.000160811,0.000368768,0.00131491,0.0310314,0.951669,0.0134132,0.000821494,0.000282227,0.000146603,9.62285e-05,7.03953e-05,6.00621e-05,6.32912e-05,5.36038e-05,
1.28381e-05,1.348e-05,1.25171e-05,1.53415e-05,1.81658e-05,2.86289e-05,4.62812e-05,9.38462e-05,0.000299255,0.00128271,0.0712504,0.91936,0.00653913,0.000683755,0.000177486,7.51026e-05,3.56256e-05,2.29159e-05,1.91287e-05,1.34158e-05,
7.18707e-05,8.01634e-05,6.08136e-05,6.63421e-05,8.84562e-05,0.000132684,0.00016862,0.00024049,0.000544558,0.00116652,0.00360459,0.0315678,0.931543,0.0273164,0.00195433,0.000660657,0.000295775,0.000174148,0.000160327,0.000102277,
0.000127341,0.000103883,0.000127341,9.71811e-05,0.000100532,0.0001575,0.000177607,0.000204415,0.000358565,0.000790853,0.00155155,0.00366272,0.0343016,0.925727,0.0291677,0.00191681,0.000693672,0.000341809,0.000234575,0.0001575,
0.000144388,0.000116886,0.000116886,8.93833e-05,6.87564e-05,0.000106572,8.93833e-05,0.000116886,0.000213145,0.000336906,0.000856017,0.00110698,0.00272619,0.0306516,0.928927,0.0311982,0.00193205,0.000649748,0.000340344,0.000213145,
0.000135959,7.93715e-05,7.00337e-05,6.76059e-05,6.79794e-05,6.46178e-05,6.72323e-05,8.88961e-05,0.000109066,0.000171442,0.000709301,0.000343819,0.000588843,0.00169874,0.0340683,0.946754,0.0133841,0.000917721,0.000375754,0.000237368,
0.000375065,0.000192601,0.000118264,0.000125022,0.000138537,0.000148674,0.000118264,0.000108127,0.000145295,0.000243285,0.00100355,0.000385202,0.000473054,0.000868393,0.00259166,0.0235209,0.945697,0.0212908,0.00173003,0.000726477,
0.000600279,0.000355611,0.000308064,0.000210989,0.000203065,0.00019514,0.000222876,0.000329856,0.000375422,0.000489336,0.00172555,0.00060325,0.000564619,0.000677542,0.000829098,0.00197815,0.0234921,0.94706,0.0182273,0.00155221,
0.00215227,0.0011336,0.000616426,0.000412692,0.000261198,0.00019851,0.000177614,0.000182838,0.000104479,0.000208958,0.000919415,0.000193286,0.000318661,0.000386572,0.000679114,0.00116494,0.00275825,0.0251533,0.939998,0.0229802,
0.0276037,0.00311967,0.0012325,0.00074995,0.000488697,0.000418005,0.000491771,0.000553242,0.000676184,0.000989688,0.00201933,0.00088826,0.000676184,0.000645449,0.000608566,0.000756097,0.00115566,0.00333482,0.0352968,0.918295,


0.932093,0.0267733,0.00323627,0.00139734,0.000695646,0.000514173,0.000320602,0.000254062,0.00019962,0.000229866,0.000653302,0.000157276,0.000260111,0.000211718,0.000326651,0.000375044,0.000617008,0.00107674,0.00277653,0.0278319,
0.0272912,0.935169,0.0230297,0.00243514,0.00117199,0.000833417,0.00060553,0.000533908,0.000504608,0.000849695,0.00140965,0.000462286,0.000384153,0.000312532,0.000299509,0.000312532,0.000439497,0.00042322,0.000872484,0.00265977,
0.00194753,0.0241135,0.944002,0.0213809,0.00257257,0.00113193,0.000583115,0.000403988,0.000247729,0.000228672,0.000811787,0.000175316,0.00012577,6.47905e-05,9.52802e-05,0.000144826,0.000205805,0.000339198,0.000529758,0.000895634,
0.000870312,0.0021228,0.0250499,0.938885,0.0251482,0.0028796,0.00121844,0.000624354,0.000389748,0.000291365,0.000749225,0.000230822,0.000117303,9.08152e-05,0.000132439,0.000140007,0.000174062,0.000230822,0.00025731,0.000397316,
0.000364436,0.000732279,0.00202654,0.024734,0.937532,0.0282932,0.00262258,0.0011478,0.00052111,0.000313347,0.000565387,9.19606e-05,0.000139644,8.17428e-05,9.87725e-05,8.17428e-05,8.17428e-05,0.000132832,0.000190733,0.000248634,
0.000208123,0.000299942,0.000691703,0.00199859,0.029682,0.935962,0.0250788,0.00279436,0.00106816,0.000575399,0.000639672,0.000186698,0.000122425,0.000113243,6.73339e-05,0.000128547,7.65158e-05,9.18189e-05,8.87583e-05,0.000125486,
0.000113994,0.000160628,0.00030053,0.00056738,0.00196381,0.0237885,0.935386,0.0317888,0.00308302,0.00104926,0.000722826,0.000323847,0.0001684,0.000121766,9.06771e-05,6.47694e-05,8.29048e-05,5.18155e-05,6.47694e-05,0.000106222,
4.72118e-05,0.000103503,0.000127109,0.000207006,0.000504803,0.00153983,0.0267146,0.926847,0.039144,0.00279639,0.00106045,0.000321403,0.000165241,0.000116214,6.7186e-05,6.17385e-05,4.17643e-05,4.35801e-05,4.72118e-05,4.35801e-05,
3.23508e-05,4.27492e-05,5.66138e-05,7.97215e-05,0.000155977,0.000378966,0.00128825,0.0304906,0.930924,0.0330602,0.00233041,0.000597334,0.000248408,9.82077e-05,5.54584e-05,3.58169e-05,3.81277e-05,2.77292e-05,2.19523e-05,3.69723e-05,
3.5722e-05,2.67915e-05,3.86988e-05,5.85443e-05,7.24362e-05,0.000158764,0.000386988,0.0015678,0.034043,0.922752,0.0381471,0.00186945,0.000412787,0.000176625,7.1444e-05,5.85443e-05,4.26679e-05,3.67143e-05,1.68687e-05,2.67915e-05,
2.49209e-05,2.10983e-05,1.84899e-05,1.85387e-05,2.09064e-05,3.18403e-05,5.94741e-05,0.000171055,0.000960995,0.0594728,0.93208,0.00621803,0.000593043,0.000118554,4.88971e-05,2.93851e-05,2.67025e-05,2.82147e-05,2.88866e-05,2.76136e-05,
4.67062e-05,6.2275e-05,7.58976e-05,3.89219e-05,9.14664e-05,0.000110927,0.000196555,0.000356135,0.000957478,0.00373261,0.0464279,0.923591,0.0215783,0.00157634,0.00053323,0.000270507,0.000110927,9.14664e-05,7.97898e-05,7.20055e-05,
8.59221e-05,3.88035e-05,8.03787e-05,6.37486e-05,8.03787e-05,9.70088e-05,0.000163529,0.000224506,0.000518304,0.00111976,0.00355052,0.030652,0.932252,0.0278083,0.00197621,0.000634715,0.000288255,0.000149671,0.000116411,9.97805e-05,
7.20341e-05,5.98437e-05,5.54108e-05,5.6519e-05,7.42505e-05,7.75751e-05,8.08998e-05,0.000149609,0.000228293,0.0003912,0.00140743,0.00141298,0.0179365,0.958475,0.0176927,0.000916495,0.000401174,0.000206128,0.000187289,0.000118579,
