0.931294,0.0237346,0.00299767,0.00136039,0.000529709,0.00040932,0.000325049,0.000325049,0.000264854,0.000168544,0.000607961,0.000174563,0.000252816,0.000258835,0.00020466,0.000457476,0.00062602,0.00124,0.0025101,0.0322581,
0.02697,0.949936,0.014741,0.00153485,0.000781795,0.000440718,0.000337245,0.000235688,0.000218443,0.000206946,0.00121868,0.00016479,0.000132215,0.000105389,0.00016479,0.000182036,0.000222275,0.000402394,0.000624669,0.00137964,
0.00176919,0.0246166,0.947862,0.0180639,0.0023158,0.000876509,0.000546605,0.000410763,0.000203764,0.000158483,0.00075037,0.000184358,0.000135843,0.000132608,0.000132608,0.000203764,0.000174655,0.000249045,0.000439872,0.00077301,
0.00135033,0.00314689,0.0403788,0.927527,0.0181567,0.00267783,0.00134343,0.000864809,0.000611953,0.00039097,0.00104383,0.000224702,0.000164144,0.000165206,0.000165737,0.000185923,0.000225764,0.000305446,0.000403719,0.000666668,
0.000373424,0.000725509,0.00226188,0.0299877,0.93453,0.0253999,0.00290559,0.00108471,0.000618816,0.000344972,0.000512124,0.000152926,0.000142257,0.000110249,8.17976e-05,0.000110249,0.000131587,0.000120918,0.000184934,0.000220498,
0.000305958,0.000504463,0.00103771,0.00356237,0.0854563,0.887477,0.0153605,0.00271948,0.00117161,0.000595513,0.000591162,0.000219928,0.000148627,0.0001185,0.000102432,0.000103102,9.23899e-05,0.00011214,0.000145949,0.000174738,
0.000238589,0.000306445,0.000568237,0.00145649,0.0052691,0.0766152,0.886555,0.0200739,0.00429023,0.00194242,0.00107081,0.000436028,0.000232023,0.000171171,0.000127394,0.000108569,0.000109007,0.000111634,0.000135711,0.000181678,
7.06982e-05,6.70726e-05,0.000128707,0.000237473,0.000505764,0.00144659,0.0320118,0.928289,0.032416,0.00297476,0.00092814,0.000364367,0.00018309,8.70131e-05,7.79492e-05,5.43832e-05,3.26299e-05,2.90044e-05,5.25704e-05,4.35066e-05,
4.46458e-05,4.3501e-05,6.63963e-05,8.47125e-05,0.000160267,0.000382351,0.0012684,0.0381069,0.929162,0.0272751,0.00228266,0.000539184,0.000224374,0.000123634,5.49486e-05,5.38039e-05,3.66324e-05,2.86191e-05,3.54877e-05,2.63296e-05,
8.72557e-05,0.000110155,0.000127528,0.000188528,0.00035534,0.000663696,0.00189456,0.00849599,0.0708858,0.893789,0.0195431,0.00205446,0.000767732,0.000358301,0.000213599,0.000130489,9.92978e-05,8.25179e-05,7.89645e-05,7.3437e-05,
0.000112405,0.000116717,0.0001213,0.00012539,0.000153996,0.000230403,0.000407782,0.00122022,0.00688719,0.0594355,0.923732,0.00553936,0.000811672,0.000322431,0.0001896,0.000134925,0.000120561,0.000112134,0.000108783,0.000118072,
5.56452e-05,4.60512e-05,4.22136e-05,8.25084e-05,6.52392e-05,0.000115128,0.000178448,0.000393354,0.00100353,0.00351524,0.0570152,0.916565,0.0181231,0.0017557,0.000473944,0.0002245,0.000130478,9.01836e-05,6.14016e-05,6.33204e-05,
0.000271069,0.000210414,0.000167164,0.000145852,0.000166435,0.00022761,0.000385395,0.000858958,0.00227834,0.00807662,0.0208809,0.0728968,0.873111,0.0159213,0.00200008,0.000864064,0.000486069,0.000383675,0.000346939,0.000320937,
0.000270556,0.000226803,0.000178525,0.000159282,0.000156041,0.000194325,0.000283047,0.000501613,0.00108229,0.00278476,0.00570592,0.0076229,0.0429392,0.919407,0.0150975,0.00138276,0.0007536,0.000506947,0.000404247,0.000342601,
0.000290908,0.000232742,0.000189039,0.000161364,0.000156985,0.000177703,0.000228911,0.000338441,0.000612775,0.00128426,0.00295544,0.0025317,0.00341967,0.0337528,0.935804,0.0150528,0.00125151,0.000722852,0.000469236,0.000366821,
0.000385754,0.000287332,0.000224877,0.000186024,0.000179531,0.000190455,0.000255589,0.000348241,0.000536016,0.000906827,0.00229288,0.00137019,0.00176367,0.00258424,0.0340995,0.935519,0.0161312,0.00147139,0.000750485,0.000516538,
0.000606909,0.000427343,0.000327947,0.000281952,0.000259738,0.000302743,0.000387186,0.000471629,0.000697903,0.00110702,0.00265234,0.0012423,0.00126423,0.00163959,0.00292176,0.0236005,0.938606,0.0202106,0.00204059,0.00095166,
0.000804805,0.000522373,0.000368434,0.000292865,0.00023078,0.000225692,0.000255716,0.00030864,0.000373778,0.000488786,0.00184853,0.000588274,0.000679873,0.000817782,0.00135491,0.00275741,0.0235462,0.945676,0.0172368,0.00162259,
0.00197991,0.00108636,0.000597265,0.000362121,0.000249252,0.000221035,0.000239847,0.000230441,0.000291578,0.000249252,0.00109107,0.000197521,0.00040915,0.000395041,0.000583156,0.0011522,0.00238906,0.0248782,0.943236,0.0201612,
0.0273631,0.00311844,0.00128203,0.000702887,0.000475191,0.00053459,0.00051479,0.000499941,0.000579139,0.00102958,0.00191561,0.000811785,0.000727636,0.000732586,0.000608839,0.000816735,0.00123748,0.00359858,0.031625,0.921826,


0.93107,0.0240561,0.00300324,0.0013207,0.0008081,0.000385958,0.000355805,0.000283438,0.000217102,0.000223132,0.000723672,0.000235193,0.000211071,0.000241224,0.000241224,0.000518632,0.000627182,0.00120009,0.00267759,0.0316003,
0.0270426,0.946159,0.0149972,0.00153994,0.000921189,0.000629353,0.000525141,0.000414606,0.000412975,0.000502912,0.00162987,0.000281231,0.000246969,0.000212912,0.000218418,0.000254923,0.00035526,0.000528812,0.000888355,0.00223822,
0.00218709,0.0249704,0.945567,0.0185968,0.00241436,0.00111001,0.000536891,0.00044137,0.000316206,0.000210804,0.0010112,0.000125165,0.000154809,0.000115283,0.000204216,0.000174572,0.000200922,0.000286561,0.00055336,0.000823452,
0.00104693,0.00217897,0.0287863,0.935073,0.0246837,0.00314079,0.00117886,0.000680929,0.000391534,0.000319186,0.000778813,0.000183,0.000114907,0.000106395,0.000119163,0.000102139,0.000161721,0.000195767,0.00026386,0.000493674,
0.000243958,0.000365937,0.00075481,0.0172001,0.96285,0.0142955,0.00116558,0.000557767,0.000321107,0.00023249,0.0012323,0.000120936,7.71491e-05,5.42129e-05,6.15107e-05,7.40214e-05,8.65321e-05,7.71491e-05,9.27874e-05,0.000136575,
0.000215361,0.000345883,0.00071787,0.00209161,0.0359033,0.93036,0.0237126,0.00309011,0.00126606,0.000623242,0.000636294,0.000199046,0.000143574,8.15762e-05,8.48392e-05,0.000107681,8.48392e-05,7.83131e-05,0.000110944,0.000146837,
0.000134257,0.000198804,0.000302079,0.000588667,0.00177891,0.0280598,0.935466,0.0276363,0.00303628,0.00109988,0.000671286,0.000307243,0.000214295,0.000103275,6.45468e-05,6.19649e-05,6.19649e-05,5.42193e-05,6.97105e-05,9.03655e-05,
6.15741e-05,6.15741e-05,0.000128581,0.000262596,0.000507081,0.00151762,0.0316111,0.928619,0.0325691,0.00285957,0.000910935,0.00034228,0.000173856,9.23612e-05,7.60622e-05,6.15741e-05,3.25981e-05,2.71651e-05,4.16531e-05,4.34641e-05,
3.11367e-05,5.07413e-05,7.49587e-05,7.38055e-05,0.000166062,0.000389785,0.00133196,0.0368808,0.929637,0.0279723,0.00226952,0.000575452,0.000202965,0.000104942,7.61119e-05,4.61284e-05,3.57495e-05,2.53706e-05,2.65239e-05,2.88303e-05,
3.66427e-05,1.38648e-05,4.25848e-05,6.83337e-05,8.71502e-05,0.000170339,0.000410002,0.00155187,0.0412032,0.921401,0.0323248,0.0018153,0.000436741,0.000164397,8.61599e-05,5.54592e-05,4.75365e-05,2.97103e-05,2.97103e-05,2.47586e-05,
5.40599e-05,5.85649e-05,6.69313e-05,7.65849e-05,8.17334e-05,0.00011713,0.000169903,0.000347528,0.0013264,0.0367363,0.947645,0.0117381,0.000819265,0.000253567,0.000140942,0.000104258,7.7872e-05,6.75749e-05,5.14856e-05,6.69313e-05,
0.000206331,0.000165868,0.000133461,0.000126415,0.000149189,0.000245397,0.000533042,0.00134314,0.00502844,0.0320225,0.134742,0.801569,0.0185684,0.00289699,0.000862547,0.000382812,0.000257825,0.000251789,0.000265792,0.000249173,
5.26093e-05,4.70715e-05,6.64538e-05,8.30673e-05,6.64538e-05,0.000135677,0.000168903,0.000271353,0.000564858,0.00116294,0.00356359,0.0350932,0.931445,0.0239178,0.00195485,0.000714379,0.000263046,0.000185517,0.000143983,9.96807e-05,
0.00013846,0.000101312,6.75416e-05,0.000108066,7.76728e-05,0.000101312,0.000118198,0.000229641,0.000303937,0.000489676,0.00159398,0.0033298,0.0397009,0.924283,0.0258076,0.00202625,0.00073958,0.000330954,0.00021951,0.000233018,
0.000146525,9.20042e-05,8.17815e-05,9.54117e-05,8.5189e-05,8.17815e-05,9.88193e-05,0.000156748,0.000177193,0.000327126,0.000885966,0.00097797,0.00269197,0.0337826,0.930455,0.0266403,0.00192186,0.00068492,0.000412315,0.000204454,
0.000266691,0.0001986,9.64627e-05,7.66027e-05,8.2277e-05,8.2277e-05,8.2277e-05,0.000121997,0.000136183,0.000204274,0.000751841,0.000473802,0.000907884,0.00229808,0.0338272,0.940253,0.0177974,0.00151219,0.000519196,0.000312085,
0.000379628,0.000203979,0.000186981,0.000141652,8.21583e-05,0.00010199,8.21583e-05,0.000107656,0.000172816,0.000152984,0.00092074,0.000303136,0.000444788,0.000784754,0.00228343,0.0236389,0.950082,0.0178199,0.00149302,0.000617604,
0.000721526,0.000412681,0.000308845,0.000215659,0.000186372,0.000258258,0.000250271,0.000260921,0.000383394,0.000471255,0.00144305,0.000511192,0.000537816,0.000593728,0.000945172,0.00212464,0.0232672,0.946823,0.0184109,0.00187437,
0.00192065,0.000879422,0.000546688,0.000404151,0.000354846,0.000380844,0.000468995,0.00056641,0.000775283,0.00121335,0.00293081,0.00107395,0.000803223,0.000773042,0.00081652,0.00112729,0.00240399,0.0251871,0.937334,0.0200393,
0.0219098,0.00267749,0.00133992,0.000863516,0.000663204,0.000551005,0.000525159,0.000499899,0.000562166,0.000704911,0.00168474,0.000592125,0.000579789,0.00057509,0.000731345,0.00103387,0.00186273,0.00393223,0.0377439,0.920967,


0.930408,0.0245483,0.00312922,0.0011581,0.000736976,0.000520562,0.000315847,0.000181319,0.000251508,0.000257357,0.000631693,0.000169621,0.000169621,0.000198866,0.000269055,0.000391884,0.000637542,0.00125169,0.00288356,0.0318888,
0.0270314,0.937859,0.0213318,0.00239087,0.00104088,0.000567754,0.000460511,0.000438432,0.000498361,0.000763313,0.00169695,0.000488899,0.000356423,0.00033119,0.000324881,0.00034696,0.000378502,0.00058037,0.000921022,0.00219216,
0.0018592,0.0247283,0.947197,0.0181616,0.0023385,0.000989132,0.000592258,0.000399927,0.000253389,0.000152644,0.00120283,0.000112956,9.7692e-05,9.46392e-05,0.000112956,0.000164855,0.000192331,0.000262547,0.000363292,0.000723532,
0.000888813,0.00216648,0.0296257,0.934215,0.0249209,0.00317494,0.0013204,0.000542689,0.000427314,0.000329032,0.000760619,0.00013674,0.00014956,0.000128194,7.69165e-05,0.000119648,0.00013674,0.000166652,0.000269208,0.000444406,
0.000544334,0.00101035,0.00277359,0.0560318,0.915743,0.0168709,0.0023833,0.00119511,0.000649047,0.000448708,0.000734721,0.000220676,0.000170916,0.000117694,0.00012505,0.0001363,0.000135434,0.000152742,0.000241445,0.000315004,
0.000189647,0.000326977,0.000748777,0.00196513,0.0356372,0.931083,0.0237254,0.00304742,0.00111826,0.000604907,0.000555861,0.000186377,0.000150409,0.000111172,6.21256e-05,8.17442e-05,6.53954e-05,0.000101363,7.84745e-05,0.000160219,
0.000106649,0.000152702,0.000288438,0.000593843,0.00180577,0.0289965,0.935371,0.0271083,0.00295952,0.00104225,0.000644744,0.000237537,0.000155126,0.000116345,6.05962e-05,7.02916e-05,5.81724e-05,7.51393e-05,7.75632e-05,7.9987e-05,
6.16394e-05,7.0445e-05,0.000151457,0.000216618,0.000521293,0.0015674,0.0310081,0.927833,0.0338629,0.00278786,0.000980946,0.000343419,0.00017259,0.00010919,6.16394e-05,6.51616e-05,5.81171e-05,3.69836e-05,3.69836e-05,5.45949e-05,
3.69231e-05,3.57692e-05,6.11538e-05,8.65384e-05,0.000166154,0.000400384,0.00130846,0.036105,0.92974,0.0286131,0.00237346,0.000549231,0.000192692,0.000123461,4.96154e-05,4.26923e-05,3.80769e-05,2.07692e-05,1.96154e-05,3.69231e-05,
3.17139e-05,2.87407e-05,4.06334e-05,6.64009e-05,8.72132e-05,0.000154605,0.000382549,0.00155794,0.0401171,0.921967,0.0329606,0.00174525,0.000439039,0.000148659,7.92847e-05,6.14456e-05,3.66692e-05,3.27049e-05,2.27943e-05,3.96423e-05,
4.44951e-05,5.54577e-05,5.48128e-05,7.02894e-05,9.02799e-05,0.000117364,0.000181205,0.000385624,0.00133098,0.036041,0.948143,0.0119331,0.000791884,0.000285027,0.000138644,9.67285e-05,6.771e-05,6.89997e-05,5.61025e-05,4.77194e-05,
5.32285e-05,4.56244e-05,3.80204e-05,6.08326e-05,8.74468e-05,0.000125467,0.000155883,0.000334579,0.000950509,0.00372409,0.0543425,0.918271,0.0189703,0.00172422,0.000507572,0.000226221,0.000146378,9.69519e-05,8.17438e-05,5.70305e-05,
6.90274e-05,5.7983e-05,6.62663e-05,8.28329e-05,7.17885e-05,0.000143577,0.000135294,0.000273349,0.000524608,0.00116794,0.00371644,0.0343977,0.930931,0.0250542,0.00195209,0.000643335,0.000317526,0.000179471,0.000124249,9.11162e-05,
0.000124159,0.000117448,0.000114092,8.72472e-05,9.73141e-05,9.06028e-05,0.000140938,0.00025503,0.000382545,0.000795291,0.00168119,0.00339593,0.0380028,0.925478,0.0256406,0.0020738,0.000708044,0.000372478,0.00027852,0.000164427,
0.000112531,9.88911e-05,9.5481e-05,7.84308e-05,8.18409e-05,9.5481e-05,0.000115941,0.000136401,0.000255753,0.000327363,0.000852509,0.00110144,0.00278941,0.0341617,0.929317,0.0274065,0.00179709,0.000617217,0.000344414,0.000214832,
0.000177912,0.000146848,0.000115784,8.75439e-05,0.000121432,8.75439e-05,7.62479e-05,9.60159e-05,0.00016944,0.000234392,0.00104488,0.000536559,0.000844375,0.00236369,0.0338795,0.939293,0.0182797,0.00152496,0.000624103,0.00029652,
0.00036379,0.000299763,0.000165888,0.000104771,0.000101861,0.000128054,0.000101861,9.31302e-05,0.000125144,0.000154247,0.00116413,0.000352149,0.000442368,0.000832351,0.00210707,0.0232418,0.950426,0.0176307,0.00156284,0.000602436,
0.00078254,0.000487601,0.000306832,0.000176012,0.000156984,0.000147469,0.000235475,0.000235475,0.000290182,0.000413866,0.00153654,0.000492358,0.000442408,0.000642206,0.000861031,0.00222393,0.0234025,0.946295,0.018957,0.00191472,
0.00223491,0.00104602,0.000530664,0.000352075,0.000229614,0.000219409,0.000198999,0.000173486,0.000163281,0.000142871,0.00106133,0.000280639,0.00036228,0.000377588,0.000632714,0.00114807,0.00280639,0.0253596,0.940188,0.022492,
0.0275016,0.0034275,0.0011713,0.00067686,0.000484843,0.000403235,0.000494444,0.000465641,0.000844874,0.00107049,0.00211699,0.00079687,0.000744066,0.000696061,0.000580851,0.000835274,0.00147373,0.00357151,0.0310827,0.921561,


0.931355,0.0242783,0.00346574,0.00134041,0.000555485,0.000458879,0.00028378,0.00022944,0.000205288,0.000217364,0.000688319,0.000163023,0.000156985,0.000138871,0.000223402,0.000301894,0.000633978,0.00133437,0.00276535,0.0312038,
0.0269969,0.952551,0.0133626,0.00111687,0.00064451,0.000480893,0.000317276,0.000187804,0.000136585,0.000160772,0.00126199,9.67477e-05,9.81705e-05,0.000125203,0.000136585,0.000147967,0.00021626,0.000375609,0.000482316,0.00110406,
0.00182045,0.0245983,0.951898,0.0140675,0.00146828,0.000840903,0.000554574,0.000399238,0.000274041,0.000248538,0.00138945,0.000167624,0.00012566,0.000130761,0.000151859,0.000153945,0.000210516,0.000292589,0.000451171,0.000756975,
0.0010438,0.00217932,0.0284141,0.93521,0.024942,0.00314014,0.00125343,0.000637635,0.000393063,0.000327552,0.000746819,0.000152858,0.000126654,0.000100449,0.000113551,0.000170327,0.000161593,0.000170327,0.000275144,0.000441104,
0.000360029,0.000684411,0.00198194,0.0281179,0.93466,0.0272909,0.00306559,0.00114782,0.000677282,0.000327947,0.000570343,0.000149715,0.000114069,0.000117633,6.77282e-05,7.12929e-05,8.91161e-05,0.000106939,0.000203185,0.000196055,
0.00015009,0.000329546,0.000753715,0.00200012,0.0342761,0.931696,0.0243799,0.00289087,0.00131166,0.000577522,0.000548156,0.000225136,0.000140302,0.000107674,0.000114199,9.7885e-05,9.46222e-05,9.46222e-05,0.000114199,9.7885e-05,
0.000144589,0.000142007,0.000302088,0.000611922,0.00184868,0.0269375,0.935389,0.0289153,0.00302863,0.00107926,0.000632578,0.000255613,0.00013168,0.000134261,5.93849e-05,8.26224e-05,6.45488e-05,4.90571e-05,8.52044e-05,0.00010586,
6.3435e-05,6.68639e-05,0.000137157,0.000274314,0.000502337,0.00157387,0.0309014,0.927802,0.0339292,0.00278943,0.00105268,0.000312032,0.000152587,0.000118298,8.22941e-05,5.14338e-05,3.42892e-05,4.62904e-05,5.31483e-05,5.65772e-05,
4.26102e-05,4.03069e-05,4.37618e-05,8.86752e-05,0.000162379,0.00039616,0.0012714,0.0351027,0.93036,0.0290912,0.00228137,0.000567752,0.000222264,9.09785e-05,5.75813e-05,4.26102e-05,2.7639e-05,4.03069e-05,2.87907e-05,4.14586e-05,
3.86433e-05,4.65701e-05,2.97256e-05,6.53963e-05,8.91768e-05,0.000182317,0.00035968,0.001625,0.0389663,0.9225,0.0335325,0.0017439,0.000366616,0.000168445,8.42225e-05,5.64786e-05,3.76524e-05,3.76524e-05,3.46799e-05,3.46799e-05,
7.40088e-05,5.66328e-05,6.95039e-05,7.20781e-05,8.10879e-05,0.000122919,0.000178908,0.000380985,0.00133023,0.034862,0.948857,0.0123286,0.000810236,0.000263858,0.000130642,8.75235e-05,8.36621e-05,8.55928e-05,6.17813e-05,6.24248e-05,
5.21935e-05,4.05949e-05,5.79928e-05,5.02604e-05,6.95913e-05,0.000117919,0.000181711,0.000378886,0.000995542,0.00369027,0.0530015,0.919429,0.0190642,0.00171079,0.000504537,0.000233904,0.000181711,0.000104387,8.31229e-05,5.21935e-05,
7.45751e-05,8.56233e-05,6.07649e-05,7.45751e-05,8.83853e-05,0.00010772,0.000160198,0.000281728,0.000560694,0.00118768,0.00346636,0.0334428,0.931601,0.0254439,0.00207982,0.000626983,0.000292776,0.000179533,9.11474e-05,9.39094e-05,
0.000111504,7.7715e-05,0.000118262,0.000121641,6.08205e-05,0.000121641,0.00018584,0.000206114,0.000283829,0.000486564,0.00138873,0.00331472,0.0384656,0.924907,0.02669,0.00203749,0.000733225,0.00031086,0.000243282,0.000135157,
0.000172388,6.89553e-05,8.27464e-05,5.17165e-05,6.89553e-05,6.55075e-05,8.27464e-05,0.000179284,0.000224105,0.000299956,0.000693001,0.000965374,0.00258238,0.0324986,0.930414,0.0285061,0.00178249,0.000658523,0.000424075,0.000179284,
0.000139471,0.000160695,8.48953e-05,7.88314e-05,7.27674e-05,0.000121279,7.27674e-05,0.000115215,0.000178887,0.000257718,0.00073677,0.000412349,0.000924752,0.00243771,0.0335033,0.939006,0.0191348,0.0016403,0.000576075,0.000345645,
0.000385508,0.000283902,0.000197237,9.26416e-05,0.000104595,8.36763e-05,7.17225e-05,0.000101607,0.000125514,0.000194248,0.00117744,0.000364589,0.000514011,0.000815844,0.00200823,0.0239583,0.948808,0.0186389,0.00138365,0.000690329,
0.000936541,0.000505389,0.000342637,0.000282675,0.000205582,0.000245556,0.000245556,0.000299807,0.000362624,0.000656721,0.00174174,0.000642444,0.000599615,0.00065101,0.00115069,0.00238989,0.0233621,0.944516,0.0190106,0.00185309,
0.00216251,0.00099808,0.000484782,0.00027566,0.000180605,0.000256649,0.000142583,0.000133077,0.00019011,0.000175852,0.00110264,0.000209121,0.000299424,0.00044676,0.000679645,0.00106462,0.0028469,0.0247239,0.942824,0.0208028,
0.0137894,0.000896052,0.000462589,0.000298113,0.000259564,0.000185892,0.000141347,0.000169616,0.000167046,0.000239004,0.00164647,0.000203025,0.000202169,0.000195315,0.000320386,0.000324669,0.000470299,0.000949164,0.014742,0.964338,


0.915482,0.0194258,0.00254639,0.00127241,0.000839876,0.000648208,0.000508097,0.000488419,0.00052384,0.000624594,0.00129209,0.000401047,0.000360509,0.000349883,0.000420331,0.000566739,0.000833579,0.00135663,0.00363146,0.0484279,
0.0270473,0.941917,0.0187728,0.00199541,0.000940624,0.000496372,0.000464107,0.000416952,0.000429361,0.000580755,0.00172985,0.000342496,0.00028045,0.000315196,0.000220885,0.000270522,0.000382206,0.000511263,0.000858723,0.00202768,
0.00134619,0.0246488,0.951484,0.0160601,0.00170147,0.000687007,0.000434463,0.000267526,0.000241844,0.000130553,0.00110863,0.00010273,6.63465e-05,7.06269e-05,0.00010701,0.000115571,0.000184058,0.000280367,0.000329592,0.000633502,
0.000826795,0.00217341,0.0271573,0.936541,0.0248325,0.00308206,0.0014121,0.000622143,0.000413397,0.000237396,0.000826795,0.000163722,0.000171908,0.000176001,0.000139163,0.000102326,0.00018828,0.000192373,0.000261955,0.000478886,
0.000374508,0.000856018,0.00194031,0.0277207,0.935092,0.0273819,0.00293899,0.00110569,0.000606346,0.000360241,0.000535011,0.00017477,0.000121269,0.000110569,7.84683e-05,0.000110569,6.06346e-05,0.000103435,0.000146236,0.000181904,
0.000212594,0.000349963,0.000634512,0.00207361,0.0333151,0.932493,0.0242619,0.00316929,0.00122977,0.000533121,0.000657406,0.000209323,0.000166805,9.81203e-05,0.000111203,8.50376e-05,6.21429e-05,0.000107932,0.000121015,0.000107932,
9.82288e-05,0.000170608,0.000338631,0.000604882,0.00186376,0.0262193,0.935262,0.0297401,0.00300115,0.00104174,0.000685017,0.000250742,0.000157683,0.000118909,5.42843e-05,7.7549e-05,5.16994e-05,8.0134e-05,0.000100814,8.2719e-05,
8.01605e-05,8.72858e-05,0.000114006,0.000272546,0.000500558,0.00147852,0.029882,0.927597,0.0352866,0.00282521,0.000951238,0.000345581,0.000203073,9.44112e-05,6.05657e-05,3.02828e-05,4.45336e-05,5.7003e-05,4.09709e-05,4.80963e-05,
3.69105e-05,3.46036e-05,5.53658e-05,9.68902e-05,0.000169558,0.000365645,0.00130456,0.0341988,0.930336,0.0299091,0.0023542,0.000564039,0.00019378,0.000117652,6.22865e-05,5.0752e-05,5.19054e-05,2.30691e-05,3.8064e-05,3.69105e-05,
2.18045e-05,3.568e-05,4.55911e-05,6.83867e-05,8.32534e-05,0.000181373,0.000399418,0.00155208,0.0380101,0.922408,0.0344937,0.00185338,0.000375631,0.000188311,8.22623e-05,5.74845e-05,3.96445e-05,3.86534e-05,2.47778e-05,4.06356e-05,
5.21908e-05,5.47681e-05,5.47681e-05,6.89433e-05,8.37629e-05,0.000128866,0.000179768,0.000346005,0.00134278,0.033855,0.949883,0.0124021,0.000768686,0.00028415,0.000123711,0.000108247,7.73196e-05,7.53866e-05,5.47681e-05,5.54124e-05,
3.50335e-05,3.69798e-05,6.42281e-05,7.59059e-05,6.03355e-05,0.000112886,0.000171275,0.000385368,0.00096926,0.00360066,0.0526437,0.919658,0.0193891,0.0017108,0.000506039,0.000198523,0.000147919,9.5369e-05,8.17448e-05,5.64429e-05,
7.71758e-05,7.44195e-05,8.26884e-05,5.78819e-05,7.99321e-05,0.000104739,0.000168133,0.000256334,0.000493374,0.00124584,0.00370719,0.0332545,0.931327,0.025796,0.00184671,0.000700095,0.000361073,0.000165377,0.000113007,8.82009e-05,
0.000128311,9.79217e-05,9.79217e-05,7.7662e-05,8.44153e-05,0.000128311,0.000135064,0.000185714,0.000330908,0.0005774,0.00144519,0.0031909,0.0368219,0.925478,0.0277085,0.00210363,0.000688828,0.000374804,0.000202597,0.000141818,
0.000151643,6.5482e-05,6.20356e-05,6.20356e-05,7.23749e-05,8.27141e-05,0.000113732,0.000175768,0.00023091,0.000261928,0.000809909,0.00104427,0.00266064,0.0327203,0.929221,0.0289775,0.00197825,0.000706516,0.000337749,0.000265374,
0.000229119,0.000123848,7.74051e-05,8.35975e-05,9.90786e-05,8.979e-05,9.28862e-05,0.000108367,0.000164099,0.000253889,0.000640914,0.000504681,0.000984593,0.00247387,0.0339189,0.937921,0.0194906,0.00169672,0.000640914,0.000405603,
0.00034649,0.000264771,0.000179783,9.47945e-05,0.000120945,0.000127482,9.80633e-05,9.80633e-05,0.000147095,0.000137289,0.00101659,0.000388984,0.000477241,0.00101986,0.00227834,0.0235254,0.947471,0.0197434,0.00171611,0.000748549,
0.000907985,0.000486093,0.000281261,0.00029349,0.000204832,0.000220118,0.000207889,0.000247632,0.000431063,0.000678696,0.00173343,0.000547237,0.000574751,0.000693982,0.000950785,0.00247632,0.02347,0.941186,0.0222961,0.00211252,
0.00235495,0.00106582,0.000558285,0.000416176,0.000228389,0.000187787,0.000137034,0.000111657,0.000182711,0.000167485,0.00104044,0.000284218,0.000370498,0.000466929,0.00063949,0.00116732,0.00272037,0.0251837,0.941258,0.0214584,
0.0265961,0.00324711,0.00133064,0.000744826,0.00050213,0.000468655,0.000552343,0.000560712,0.000573265,0.000895465,0.00204199,0.000870358,0.000656953,0.000556527,0.0006444,0.000778301,0.00133483,0.00341448,0.037258,0.916973,


0.931884,0.0253051,0.0028996,0.00140147,0.000743023,0.000477226,0.000265797,0.000211429,0.000211429,0.000193307,0.000749064,0.000181225,0.000193307,0.000187266,0.000271838,0.000404736,0.000585961,0.00120213,0.00268817,0.0299444,
0.0270147,0.943438,0.0181515,0.00179796,0.000888804,0.000576705,0.000411609,0.000413871,0.00042744,0.000597059,0.00169393,0.000368639,0.000237467,0.000239728,0.00025556,0.000208066,0.000300791,0.00048398,0.000667169,0.00182736,
0.00215623,0.0247513,0.942827,0.0214913,0.00266867,0.00121805,0.000634648,0.00037054,0.000307469,0.000236515,0.000863279,0.000193154,0.000137967,0.000126141,0.000122199,0.000197096,0.000197096,0.000256224,0.000406017,0.000839627,
0.0010568,0.00254677,0.0373838,0.925774,0.025281,0.0029202,0.00113148,0.00071698,0.000444378,0.000261399,0.000545203,0.000153105,0.000134434,0.000134434,0.000130699,0.000156839,0.000149371,0.000238993,0.000339819,0.000500392,
0.000377765,0.000702072,0.00204207,0.0272383,0.934657,0.028204,0.00306488,0.00123664,0.000573775,0.000299361,0.000573775,0.000138989,0.000114042,9.97869e-05,6.77125e-05,8.55316e-05,7.12763e-05,0.000135425,0.000103351,0.000213829,
0.000211317,0.000399876,0.000689218,0.00201239,0.0325493,0.932619,0.0250427,0.00301695,0.00120938,0.000620946,0.000617695,0.000191811,0.000146296,0.000152798,9.75308e-05,8.77778e-05,7.80247e-05,6.17695e-05,8.77778e-05,0.000107284,
9.56881e-05,0.000181032,0.000279306,0.00059999,0.00163446,0.0262909,0.934834,0.0304417,0.00297668,0.00108619,0.000685334,0.000232755,0.000175859,9.05158e-05,6.98264e-05,5.43095e-05,3.87925e-05,6.98264e-05,7.75849e-05,8.53434e-05,
3.98029e-05,7.77967e-05,0.000146547,0.000251482,0.000568096,0.00153422,0.0285604,0.927689,0.0362062,0.00293456,0.00104935,0.00032747,0.000182732,0.000126646,6.87505e-05,6.15136e-05,2.35199e-05,3.2566e-05,5.78952e-05,6.15136e-05,
3.00196e-05,3.69472e-05,4.50294e-05,0.000105069,0.000205519,0.000411038,0.00135781,0.0334292,0.930144,0.0307482,0.00237271,0.00057961,0.000220529,0.000107378,6.46577e-05,3.92564e-05,3.92564e-05,2.77104e-05,1.84736e-05,1.7319e-05,
3.56342e-05,3.0685e-05,4.35529e-05,6.33497e-05,9.2055e-05,0.000155405,0.000404844,0.00157285,0.0368289,0.922827,0.035261,0.00184605,0.000395935,0.000177181,8.11667e-05,5.24614e-05,4.75122e-05,3.16748e-05,3.16748e-05,2.07866e-05,
5.73539e-05,5.21985e-05,6.5087e-05,7.08868e-05,7.92644e-05,0.000115352,0.000187528,0.000339612,0.00132881,0.0327252,0.950678,0.0126591,0.000868042,0.00027517,0.000139196,8.95752e-05,7.862e-05,7.4109e-05,5.73539e-05,5.92872e-05,
5.26106e-05,6.43018e-05,5.65076e-05,5.65076e-05,7.79416e-05,0.000111067,0.000196802,0.000430627,0.000956733,0.00368079,0.0508374,0.920839,0.0198615,0.00161339,0.000541694,0.000224082,0.000155883,0.00010717,6.81989e-05,6.81989e-05,
7.18432e-05,6.908e-05,6.908e-05,8.01329e-05,7.73697e-05,0.000127107,0.000171319,0.000287373,0.000502903,0.00123515,0.00365848,0.0320974,0.931567,0.0267285,0.00189003,0.000643826,0.000315005,0.000165792,0.000124344,0.000118818,
0.000131024,7.39111e-05,0.000127665,8.39899e-05,6.04727e-05,0.000124305,0.000131024,0.000188137,0.000372915,0.000645042,0.00166636,0.00368212,0.0367439,0.924399,0.0279787,0.00212326,0.00074247,0.000376275,0.000228452,0.000120945,
0.000102924,7.30147e-05,5.45411e-05,2.90299e-05,5.89395e-05,7.2135e-05,7.65334e-05,7.2135e-05,0.000128435,0.000212006,0.0012175,0.000493509,0.00101517,0.0155644,0.963187,0.0162999,0.000642177,0.000334284,0.000227841,0.000138992,
0.000197974,0.00011627,0.000122555,7.22761e-05,8.17035e-05,8.79883e-05,0.000103701,0.000125698,0.000147695,0.000182262,0.000879883,0.000436799,0.000867314,0.0024951,0.0335393,0.938125,0.0198508,0.00166235,0.000612776,0.000292247,
0.000395991,0.000273894,0.000201296,0.000151797,0.000115497,9.2398e-05,7.91983e-05,8.9098e-05,0.000112198,0.000158397,0.00114507,0.000320093,0.000419091,0.000950379,0.00241885,0.0235384,0.947343,0.0198788,0.00158067,0.000735884,
0.000892489,0.00040368,0.000310312,0.000252643,0.000194975,0.000189482,0.000244405,0.000392695,0.000420157,0.000549224,0.00177125,0.000604147,0.000494302,0.000738707,0.00111493,0.0025484,0.0233475,0.943537,0.0200604,0.00193327,
0.00229927,0.000996352,0.000577373,0.000352555,0.000219708,0.000189051,0.000194161,0.000163504,0.00010219,0.000260584,0.000955476,0.000214599,0.000316789,0.000485402,0.000745986,0.00113431,0.0028,0.0249395,0.94072,0.0223336,
0.0272453,0.00286183,0.00138157,0.000557777,0.000459093,0.000424769,0.000429059,0.000424769,0.000583521,0.000785179,0.0017806,0.000557777,0.000459093,0.000562068,0.00050629,0.000755144,0.00120995,0.00287041,0.028142,0.928004,


0.930968,0.0259909,0.00311916,0.00142986,0.000754148,0.000446455,0.000313725,0.00026546,0.00024736,0.000229261,0.000603318,0.000241327,0.000193062,0.000180995,0.00028356,0.000355958,0.000603318,0.00120664,0.00280543,0.0297617,
0.0268426,0.940952,0.0193289,0.00215345,0.00097505,0.00070652,0.00043799,0.000357171,0.000487525,0.000604844,0.001692,0.000487525,0.000305029,0.000299815,0.000255494,0.000263316,0.000354564,0.000547488,0.000816018,0.0021326,
0.00146646,0.0245922,0.950189,0.0165518,0.0018387,0.000928007,0.000498631,0.000296062,0.000212957,0.000171404,0.00111326,0.000129852,0.000121195,0.000124658,0.000126389,0.000157553,0.000185255,0.000290868,0.00039648,0.000609437,
0.000803037,0.00218337,0.0278103,0.936031,0.0252901,0.00280878,0.00122491,0.000666114,0.000458879,0.000296051,0.000821541,0.00011472,0.000125822,9.99171e-05,9.99171e-05,0.000133223,0.000129522,0.00017763,0.000318254,0.00040707,
0.000345486,0.000787138,0.00208004,0.0263246,0.935259,0.0286753,0.002828,0.00110057,0.000690972,0.000313431,0.000495078,0.000188771,8.5481e-05,6.76725e-05,7.12342e-05,0.00010329,0.000110413,8.90428e-05,0.00012466,0.000260005,
0.000181116,0.000298683,0.00073082,0.00197321,0.0316953,0.933613,0.0250862,0.00305991,0.00122968,0.000536994,0.000638673,0.000216069,0.000117567,9.85018e-05,8.57919e-05,5.08396e-05,8.26144e-05,7.94369e-05,8.57919e-05,0.000139809,
0.000107534,0.000174444,0.000305874,0.000623696,0.00172771,0.0263888,0.934667,0.0302481,0.00303962,0.00105861,0.000654762,0.000289146,0.000152937,0.000100365,7.64685e-05,8.36374e-05,5.01825e-05,7.16892e-05,7.40789e-05,0.000105144,
8.92546e-05,0.000120459,0.00018241,0.000326043,0.000792737,0.00262808,0.0700959,0.901896,0.0179608,0.00324735,0.00136521,0.000459581,0.000239083,0.000146616,8.85663e-05,7.52584e-05,6.53922e-05,6.631e-05,7.41112e-05,8.05357e-05,
3.84994e-05,4.94992e-05,4.67492e-05,0.000100832,0.000169581,0.000415243,0.00145931,0.0345697,0.931093,0.0286609,0.00222746,0.000565574,0.000235579,0.000124665,6.59989e-05,4.12493e-05,4.58326e-05,2.93329e-05,2.84162e-05,3.20828e-05,
3.07094e-05,2.87281e-05,4.06156e-05,5.34937e-05,0.000105006,0.000167416,0.000371484,0.00152259,0.0357814,0.922577,0.0366125,0.00183067,0.000465594,0.000149584,8.22218e-05,5.05219e-05,3.46719e-05,3.36812e-05,2.3775e-05,3.86344e-05,
5.405e-05,5.01893e-05,5.46935e-05,7.20667e-05,9.58744e-05,0.000112604,0.000165367,0.000356473,0.00131522,0.0318509,0.951249,0.0130183,0.000841636,0.000258024,0.000138342,0.000104239,7.85012e-05,7.20667e-05,6.37018e-05,4.82589e-05,
4.87498e-05,4.67998e-05,6.82497e-05,6.23997e-05,5.26497e-05,0.000130649,0.000169649,0.000345148,0.000920396,0.00378103,0.0494186,0.922037,0.0201337,0.00164579,0.000547947,0.000228149,0.000136499,9.35995e-05,6.23997e-05,7.01997e-05,
9.97224e-05,8.3102e-05,4.98612e-05,6.09415e-05,5.81714e-05,0.000105263,0.000138503,0.000268697,0.000529083,0.0012216,0.00365649,0.0315372,0.931887,0.0270303,0.00192243,0.000590024,0.000357339,0.000193905,0.000124653,8.58721e-05,
0.000122005,9.1504e-05,8.13369e-05,6.10027e-05,8.13369e-05,9.1504e-05,9.1504e-05,0.000223676,0.000338904,0.000616805,0.00156235,0.00321959,0.0357001,0.925438,0.0286882,0.00217237,0.000735421,0.000362627,0.00017623,0.000145729,
0.000110192,7.57573e-05,9.64184e-05,8.95314e-05,6.88703e-05,7.23138e-05,8.60879e-05,0.000110192,0.000230715,0.000330577,0.000761017,0.00104683,0.00272726,0.0307609,0.929477,0.0307368,0.00203512,0.000678372,0.00031336,0.000192837,
0.000227013,0.000111861,0.000121731,0.000105281,0.000101991,9.2121e-05,8.22509e-05,0.000131601,0.000157922,0.000236883,0.000733678,0.000539566,0.00092121,0.00273402,0.0340848,0.936058,0.0207371,0.00182926,0.000648137,0.000345454,
0.000469071,0.000255857,0.000144329,0.000111527,0.000127928,0.000131209,0.000121368,0.000141049,0.000124648,0.00015417,0.000951263,0.000413307,0.000528115,0.000970944,0.00231911,0.0235815,0.947074,0.0200782,0.00161715,0.000685565,
0.0010064,0.000594255,0.00038339,0.000233229,0.000169331,0.000172526,0.000252399,0.000357831,0.00039617,0.000667738,0.00174762,0.000600645,0.000607035,0.000722052,0.00102876,0.00255593,0.0235466,0.940932,0.0219587,0.00206711,
0.00219902,0.00115059,0.000650566,0.000435503,0.000268829,0.000193557,0.000247322,0.000134414,0.000177427,0.000225816,0.000951654,0.000284958,0.000424749,0.000419373,0.000602176,0.00120973,0.00279044,0.0250065,0.939051,0.0235763,
0.027402,0.00278454,0.00118831,0.000811418,0.000399058,0.000399058,0.000452266,0.000483304,0.000607455,0.00103755,0.00208397,0.000696135,0.000571983,0.00052321,0.000571983,0.000753777,0.00125482,0.00313482,0.0278498,0.926995,


0.931878,0.0258052,0.00326252,0.00119184,0.000740388,0.000445437,0.000252816,0.000228738,0.000180583,0.000240777,0.000607961,0.000174563,0.000192621,0.000228738,0.000282913,0.000379223,0.00072835,0.00113767,0.00282311,0.0292183,
0.0267621,0.935897,0.0220694,0.00239646,0.00118044,0.000737372,0.000553029,0.000556263,0.000582136,0.000937886,0.00208922,0.00049805,0.000397793,0.000297536,0.000278132,0.000297536,0.000433368,0.000643584,0.000979929,0.00241263,
0.0018655,0.0247617,0.942469,0.021981,0.00266779,0.0010788,0.000615344,0.000401142,0.00028041,0.000260937,0.000997013,0.000147994,9.73645e-05,0.000147994,0.000167467,0.000151889,0.00018694,0.000350512,0.000479034,0.000891859,
0.000847048,0.0020538,0.0250981,0.93873,0.0254849,0.00290858,0.00104044,0.0006846,0.000305556,0.000317159,0.000823841,0.000154712,9.6695e-05,0.000131505,0.00012377,0.000127637,0.00012377,0.000212729,0.000328763,0.000406119,
0.000363131,0.000729625,0.00179548,0.0256041,0.93701,0.0281629,0.00261925,0.00111293,0.000585045,0.00033287,0.000561509,0.000154667,9.41452e-05,9.41452e-05,7.39712e-05,8.74205e-05,0.000110957,0.000110957,0.000117681,0.000279073,
0.000200544,0.000361587,0.000641133,0.0020419,0.0299965,0.93547,0.0248978,0.00296866,0.0011273,0.000574285,0.000711019,0.000264353,0.000127619,0.000118503,7.29251e-05,6.98865e-05,8.50792e-05,7.59636e-05,9.11563e-05,0.00010331,
0.000116219,0.000173037,0.000338326,0.000619833,0.00172778,0.0251446,0.93508,0.0313842,0.00281249,0.000986568,0.000650825,0.000237603,0.000193698,0.00013688,7.48965e-05,6.97312e-05,5.6818e-05,6.19833e-05,6.71486e-05,6.71486e-05,
6.95616e-05,8.2047e-05,0.000139123,0.000251492,0.000504768,0.00148398,0.0272753,0.927105,0.0382696,0.00294299,0.000920354,0.00033889,0.000194416,0.000110585,7.49125e-05,5.17253e-05,4.45908e-05,4.8158e-05,4.99417e-05,4.28072e-05,
3.78758e-05,5.41083e-05,4.97797e-05,0.000100642,0.000157996,0.000371183,0.00125098,0.0323806,0.931523,0.0306967,0.00226389,0.000570302,0.000205612,0.000103888,6.493e-05,4.22045e-05,4.00402e-05,1.9479e-05,3.46293e-05,3.2465e-05,
2.07407e-05,1.61317e-05,2.5679e-05,3.22634e-05,5.9369e-05,0.000114897,0.000301125,0.00130776,0.0706202,0.916178,0.010078,0.00081668,0.000199726,8.73525e-05,4.30178e-05,2.79835e-05,2.20576e-05,1.73388e-05,1.47051e-05,1.70096e-05,
5.15603e-05,5.86499e-05,5.99389e-05,6.96065e-05,8.89416e-05,0.000119878,0.00016306,0.000369301,0.00131286,0.0309955,0.951712,0.0133999,0.000821743,0.000280359,0.000148236,9.86092e-05,7.154e-05,6.05834e-05,6.50949e-05,5.22049e-05,
1.28384e-05,1.34804e-05,1.26459e-05,1.52777e-05,1.81664e-05,2.86939e-05,4.62183e-05,9.37205e-05,0.000299135,0.00128269,0.071254,0.919358,0.00653803,0.000683775,0.000177491,7.5169e-05,3.56908e-05,2.29166e-05,1.91293e-05,1.34162e-05,
7.1777e-05,8.0059e-05,6.07344e-05,6.62557e-05,8.83409e-05,0.000132511,0.000171161,0.000234656,0.000538328,0.00117052,0.00358333,0.0314135,0.931688,0.0273608,0.00195178,0.000657036,0.00029539,0.000173921,0.000160118,0.000102144,
0.000127172,0.000103745,0.000127172,9.7052e-05,0.000103745,0.000160638,0.000177371,0.00020749,0.000361435,0.000793149,0.00155952,0.00365786,0.0343966,0.925665,0.0291223,0.00191427,0.000689404,0.000341355,0.00023761,0.000157291,
0.000144379,0.000116878,0.000116878,8.93772e-05,6.87517e-05,0.000106565,8.93772e-05,0.000116878,0.000216568,0.000330008,0.000852521,0.0011069,0.002726,0.0306357,0.928955,0.0311926,0.00193192,0.000646266,0.000343758,0.00021313,
0.000135982,7.9385e-05,7.00456e-05,6.76174e-05,6.79909e-05,6.4442e-05,6.72438e-05,8.89112e-05,0.000109084,0.000171472,0.000709796,0.000343504,0.00058913,0.00169977,0.0340601,0.946763,0.0133823,0.000917317,0.000375818,0.000237221,
0.00037551,0.000199595,0.000118404,0.00012517,0.000138702,0.000145468,0.000118404,0.000108255,0.000145468,0.000240191,0.000977679,0.000389042,0.000473616,0.000872807,0.00259474,0.0235049,0.94571,0.0213026,0.00172532,0.000734105,
0.000600348,0.000355652,0.000308099,0.000212004,0.000203088,0.000194172,0.000222901,0.000329894,0.000375465,0.000489392,0.00172278,0.000602329,0.000565674,0.000678611,0.000829193,0.00197738,0.023469,0.947092,0.0182214,0.0015504,
0.0021408,0.0011303,0.000614635,0.000411493,0.000260438,0.000197933,0.000177098,0.000182307,0.000109384,0.000208351,0.00100529,0.000187516,0.000317735,0.000390658,0.00067714,0.00116156,0.0027346,0.0251375,0.939906,0.0230488,
0.0275828,0.00311592,0.00123102,0.00074598,0.00048811,0.000417503,0.00049118,0.000552578,0.000678443,0.0009885,0.00201691,0.000887194,0.000675373,0.000641604,0.000607836,0.00075519,0.00115734,0.00333696,0.0355031,0.918126,


0.932062,0.0267402,0.00324032,0.00140515,0.000696518,0.000508761,0.000321004,0.00025438,0.00019987,0.000230154,0.000666235,0.000157474,0.000260437,0.000211984,0.000333117,0.000381571,0.000611725,0.00107809,0.00279213,0.0278486,
0.0272225,0.935162,0.0230967,0.00243828,0.00117507,0.000838871,0.000603857,0.000525519,0.00050267,0.000851928,0.00139377,0.000463501,0.000388427,0.000310089,0.000310089,0.000316617,0.000440652,0.000424332,0.000874776,0.00266023,
0.00195127,0.0240746,0.944053,0.0213763,0.00256867,0.00113189,0.000579284,0.000403974,0.000251531,0.000224854,0.000815571,0.00017531,0.000125766,6.47883e-05,9.52769e-05,0.000144821,0.000209609,0.000339186,0.000525929,0.000887981,
0.000866874,0.00211442,0.0250489,0.938919,0.0251733,0.00286822,0.00120232,0.000621888,0.000391978,0.000290214,0.000742497,0.00022991,0.00011684,9.04565e-05,0.000131916,0.000139454,0.000173375,0.00022991,0.000256293,0.000391978,
0.000362986,0.000725973,0.00201847,0.0250189,0.937336,0.0282281,0.00261554,0.00114324,0.000519036,0.0003121,0.000569922,9.15947e-05,0.000149265,8.48099e-05,9.83795e-05,8.14175e-05,8.14175e-05,0.000132303,0.000186582,0.000244252,
0.000207571,0.000299146,0.000689868,0.00199329,0.0297925,0.935836,0.02511,0.00278694,0.00106227,0.000579977,0.000641028,0.000186203,0.000119048,0.000112943,6.71553e-05,0.000128206,7.63128e-05,9.15754e-05,8.85229e-05,0.000131258,
0.000113808,0.000160366,0.00030004,0.000561282,0.00195543,0.0238816,0.935318,0.0317836,0.00308317,0.00104497,0.000724235,0.000320733,0.000165539,0.000121568,8.79428e-05,6.72504e-05,8.53562e-05,5.17311e-05,6.46638e-05,0.000108635,
4.53142e-05,0.000103316,0.000128692,0.000206633,0.000505707,0.00153706,0.026739,0.926852,0.0391243,0.00279679,0.00106035,0.000313575,0.000164944,0.000116004,6.70651e-05,6.16274e-05,4.16891e-05,4.35017e-05,4.89394e-05,4.35017e-05,
3.22856e-05,4.26631e-05,5.64997e-05,7.84078e-05,0.000155662,0.000379355,0.00128566,0.0305537,0.930922,0.0330097,0.00232456,0.00059613,0.000247907,9.91628e-05,5.64997e-05,3.57447e-05,3.80508e-05,2.76733e-05,2.19081e-05,3.68978e-05,
3.56955e-05,2.67716e-05,3.86701e-05,5.8501e-05,7.33741e-05,0.000158647,0.000387693,0.00156763,0.0340803,0.922725,0.0381377,0.00186807,0.000412482,0.000177486,7.1391e-05,5.75094e-05,4.26363e-05,3.66871e-05,1.68562e-05,2.67716e-05,
2.49202e-05,2.11045e-05,1.84877e-05,1.85281e-05,2.09209e-05,3.18664e-05,5.94809e-05,0.000171062,0.000960932,0.0594709,0.932083,0.00621791,0.000593054,0.000118554,4.89025e-05,2.93927e-05,2.6685e-05,2.8219e-05,2.88825e-05,2.76111e-05,
4.67312e-05,6.23083e-05,7.78854e-05,3.89427e-05,9.15154e-05,0.000110987,0.000196661,0.000356326,0.000957991,0.00373266,0.0464879,0.923579,0.0215178,0.00158497,0.000535462,0.000270652,0.000110987,9.15154e-05,7.78854e-05,7.2044e-05,
8.85715e-05,3.875e-05,8.02679e-05,6.36608e-05,8.02679e-05,9.41072e-05,0.000163304,0.000224197,0.00051759,0.00111822,0.00355393,0.030524,0.932315,0.0278723,0.00197625,0.00063384,0.000287857,0.000149464,0.00011625,0.000102411,
7.30016e-05,5.97286e-05,5.41981e-05,5.64103e-05,7.41077e-05,7.74259e-05,8.07442e-05,0.000150427,0.000230066,0.00039266,0.00141026,0.00141579,0.0179883,0.958412,0.0177007,0.000910308,0.000402615,0.000204626,0.000188034,0.000118351,
