0.931201,0.023721,0.00300197,0.00137164,0.00052339,0.000427134,0.000330879,0.000324863,0.000264703,0.000162431,0.000649726,0.000180479,0.000252671,0.000258687,0.000204543,0.000451198,0.000619646,0.00123929,0.00252069,0.0322938,
0.0270077,0.949928,0.0147231,0.00153701,0.000780945,0.000438324,0.00033305,0.000235432,0.000218205,0.000208635,0.00121927,0.000164611,0.000132072,0.000105274,0.000164611,0.000181838,0.000223947,0.000403871,0.000622076,0.0013724,
0.00175933,0.024947,0.947549,0.0180485,0.00231457,0.000874823,0.000542326,0.000406744,0.000203372,0.00015495,0.000774751,0.000180775,0.000135581,0.000132353,0.000132353,0.000203372,0.000171091,0.000248566,0.000445482,0.000774751,
0.00135033,0.00314599,0.040555,0.927366,0.0181429,0.00267677,0.00134396,0.000864126,0.00061147,0.000390661,0.00104778,0.000224524,0.000163483,0.000165076,0.000165076,0.000186307,0.000225586,0.000305735,0.0004034,0.000666141,
0.000375252,0.000729061,0.00228368,0.0292947,0.935067,0.0255279,0.00291267,0.00109359,0.000621846,0.000350235,0.000493188,0.000153675,0.000139379,0.000114362,8.21981e-05,0.000110789,0.000128658,0.000117936,0.000185839,0.000218004,
0.00030576,0.000504019,0.00103751,0.00356464,0.0854575,0.887467,0.0153664,0.00272103,0.00117147,0.000596116,0.000590087,0.000220362,0.000148359,0.000118553,0.000102478,0.000102813,9.24314e-05,0.00011219,0.000146015,0.000174816,
0.000238474,0.000307737,0.000569444,0.00145758,0.00527273,0.0764353,0.886699,0.020098,0.00429516,0.00194462,0.00107006,0.000436179,0.000232775,0.000170965,0.000126251,0.000108716,0.000109154,0.000111346,0.000135895,0.000180609,
6.9031e-05,6.72144e-05,0.000128979,0.000241609,0.000506833,0.00144784,0.0319541,0.92827,0.0324682,0.00298287,0.000930102,0.000366954,0.000185294,8.90137e-05,7.81141e-05,5.44982e-05,3.26989e-05,2.90657e-05,5.44982e-05,4.35986e-05,
4.44865e-05,4.44865e-05,6.50188e-05,8.66917e-05,0.000159695,0.000380987,0.00126045,0.0376755,0.929653,0.0272315,0.00228022,0.000538401,0.000222433,0.000122053,5.47526e-05,5.3612e-05,3.65018e-05,2.8517e-05,3.53611e-05,2.62356e-05,
8.72949e-05,0.000109562,0.0001271,0.000188186,0.000354697,0.000662495,0.00189093,0.00848041,0.0711134,0.89362,0.019514,0.00205271,0.000765554,0.00035647,0.000213212,0.000130253,9.91181e-05,8.21715e-05,7.88215e-05,7.3107e-05,
0.000112343,0.000116604,0.000121333,0.000125348,0.000153821,0.000230399,0.000407719,0.00121976,0.00688514,0.0594409,0.92373,0.00553922,0.000811398,0.0003222,0.000189561,0.000134929,0.00012052,0.000112219,0.000108697,0.000117983,
5.5476e-05,4.59111e-05,4.39982e-05,8.22575e-05,6.50408e-05,0.000112865,0.000177906,0.000392158,0.00100239,0.00351603,0.058925,0.914728,0.0180641,0.00174845,0.000472502,0.000223817,0.000131995,8.99093e-05,6.12148e-05,6.12148e-05,
0.000271152,0.000210439,0.000167236,0.000145869,0.000166506,0.000227636,0.000385387,0.000859057,0.0022785,0.00807854,0.0208854,0.0728833,0.873115,0.0159235,0.00200047,0.000864216,0.000486281,0.00038372,0.000347031,0.000320974,
0.00027055,0.000226932,0.000178589,0.000159346,0.00015624,0.000194591,0.000283108,0.000501466,0.00108193,0.0027847,0.00570619,0.00762266,0.0429424,0.919403,0.0150977,0.00138293,0.000753786,0.00050707,0.000404306,0.000342593,
0.000291031,0.000232778,0.000189069,0.000161467,0.00015701,0.000177653,0.000228947,0.000338416,0.000612792,0.00128446,0.00295598,0.00253202,0.00341981,0.0337351,0.935818,0.0150547,0.00125201,0.000723043,0.000469231,0.000366878,
0.000385784,0.000287457,0.000224585,0.000185935,0.000179648,0.00019047,0.000255506,0.000348164,0.000536057,0.000906793,0.00229337,0.00137029,0.00176391,0.00258443,0.0340984,0.935516,0.0161338,0.00147181,0.000751057,0.000516577,
0.000606857,0.000427733,0.000328061,0.000281928,0.000259715,0.000302716,0.00038758,0.000471588,0.000697842,0.00110721,0.00265283,0.00124205,0.00126383,0.0016396,0.0029218,0.0236115,0.938592,0.0202115,0.00204141,0.000952147,
0.00080503,0.000522863,0.000368421,0.000293108,0.000231026,0.000225429,0.000255707,0.000308629,0.000373764,0.000488769,0.00184948,0.000588252,0.000679849,0.000817498,0.0013541,0.00275731,0.0235571,0.945666,0.0172349,0.00162278,
0.00198986,0.00108924,0.000598845,0.000363079,0.000249912,0.000216904,0.000240481,0.000226335,0.000292349,0.000245196,0.00108452,0.000198043,0.000405517,0.000396086,0.000579984,0.00115525,0.00239538,0.0248356,0.94328,0.020158,
0.0274297,0.00312433,0.00128941,0.000704215,0.000476089,0.000540559,0.000520722,0.000500885,0.000580233,0.00103153,0.0018994,0.000813319,0.000729011,0.000729011,0.000609989,0.000818278,0.00123981,0.00360538,0.0311789,0.922179,


0.931043,0.0240503,0.00300704,0.00133177,0.000801475,0.000385672,0.000355542,0.000283228,0.000216941,0.000222967,0.000723136,0.000228993,0.000210915,0.000241045,0.000241045,0.000524273,0.000620691,0.00120523,0.00268163,0.0316251,
0.0270513,0.946151,0.0149964,0.00154014,0.000920659,0.000630086,0.000525071,0.000414552,0.000413124,0.000502845,0.00163027,0.000281397,0.00024714,0.000212883,0.000218389,0.000254889,0.000355009,0.000528742,0.000888441,0.00223813,
0.00218338,0.0251911,0.94535,0.0185785,0.00242671,0.00111142,0.00053927,0.000440623,0.000318958,0.000210447,0.00100949,0.000124953,0.000154547,0.000115088,0.00020387,0.000170988,0.000207158,0.000286076,0.000552423,0.000825346,
0.00106283,0.00219395,0.0288927,0.93492,0.0247566,0.00314153,0.00118661,0.000665867,0.000388422,0.00031586,0.000734161,0.00018354,0.000115246,0.000106709,0.000119515,0.000102441,0.00015793,0.000196345,0.000264639,0.000495132,
0.000243355,0.000365554,0.000756175,0.0172688,0.96277,0.0143182,0.00116351,0.00055982,0.000320643,0.000230821,0.00122513,0.0001222,7.62442e-05,5.32665e-05,6.1622e-05,7.41553e-05,8.66886e-05,7.72886e-05,9.29552e-05,0.000133688,
0.000216235,0.000347287,0.000720784,0.0021001,0.0356297,0.930556,0.0237826,0.00309937,0.00127448,0.000619219,0.000606114,0.00020313,0.000144157,8.19073e-05,8.84599e-05,0.000108118,8.51836e-05,7.8631e-05,0.000111394,0.000147433,
0.000134564,0.000201847,0.00030277,0.000590013,0.00178557,0.0277203,0.93573,0.0276944,0.00303805,0.00110239,0.000670234,0.000305358,0.000214786,0.000103511,6.46944e-05,6.21067e-05,6.46944e-05,5.43433e-05,6.987e-05,9.05722e-05,
5.98915e-05,6.35213e-05,0.000128858,0.00026316,0.000506356,0.00151907,0.0314975,0.928655,0.0326336,0.00286935,0.000911077,0.000343015,0.00017423,9.07448e-05,7.80405e-05,6.17064e-05,3.26681e-05,2.72234e-05,4.17426e-05,4.35575e-05,
3.10241e-05,5.05579e-05,7.46877e-05,7.35387e-05,0.000166611,0.000387227,0.00132714,0.0364936,0.930082,0.027939,0.00226246,0.000571074,0.000202231,0.000103414,7.58368e-05,4.59617e-05,3.56203e-05,2.41299e-05,2.52789e-05,2.87261e-05,
3.61606e-05,1.36824e-05,4.20245e-05,6.74346e-05,8.60036e-05,0.000168098,0.000404608,0.00153438,0.0429764,0.920058,0.0319455,0.00180217,0.00043295,0.000162234,8.50263e-05,5.47296e-05,4.69111e-05,2.93194e-05,2.93194e-05,2.54102e-05,
5.42365e-05,5.67888e-05,6.6998e-05,7.5293e-05,8.23118e-05,0.000116768,0.000167814,0.000347113,0.00131635,0.0370473,0.947408,0.0116889,0.000815461,0.000253954,0.000135272,0.000101454,8.03976e-05,6.82742e-05,5.16842e-05,6.57218e-05,
0.000206156,0.000165757,0.000133318,0.000126308,0.000149033,0.00024513,0.000532561,0.0013421,0.00502552,0.0319981,0.135007,0.801354,0.0185529,0.00289457,0.000861877,0.000382489,0.000257607,0.000251576,0.000265508,0.000248992,
5.26003e-05,4.70634e-05,6.64424e-05,8.02846e-05,6.64424e-05,0.000132885,0.000171643,0.000274075,0.000573066,0.00116551,0.00356021,0.0350428,0.931487,0.0239193,0.00195451,0.000717024,0.000260233,0.000185485,0.000143959,9.96636e-05,
0.000138536,0.000104747,7.43366e-05,0.000104747,7.77156e-05,0.000101368,0.000114884,0.000236526,0.000300725,0.000493325,0.00159486,0.00333163,0.0397769,0.924183,0.0258286,0.00201723,0.000736608,0.000327757,0.000219631,0.000236526,
0.000146656,8.86758e-05,8.18546e-05,9.5497e-05,8.52652e-05,8.18546e-05,9.89076e-05,0.000153477,0.000173941,0.000334239,0.000886758,0.000978844,0.00269438,0.0335263,0.930683,0.0266675,0.00192358,0.000685532,0.000412683,0.000201226,
0.000269024,0.000192565,9.34505e-05,7.64595e-05,8.21232e-05,8.21232e-05,7.92914e-05,0.000121769,0.000135928,0.000206724,0.000761763,0.000470084,0.000906187,0.00229662,0.0340981,0.940013,0.0177726,0.00150937,0.000521058,0.000311502,
0.000381824,0.000203639,0.000181013,0.000141416,7.91931e-05,0.000104648,8.20215e-05,0.000107476,0.000172528,0.00015273,0.000941833,0.000305459,0.000446876,0.000786275,0.0022768,0.0238173,0.949936,0.0177789,0.0014877,0.000616575,
0.000721316,0.000415223,0.000311417,0.000218258,0.000186318,0.000258183,0.000250198,0.000258183,0.000383282,0.00047378,0.00145062,0.000513705,0.000534998,0.000593556,0.000939574,0.00212136,0.023351,0.946726,0.0184162,0.00187649,
0.00192299,0.000880809,0.000546714,0.000404171,0.000355013,0.000380862,0.000469018,0.000566736,0.000775171,0.00121311,0.0029311,0.00107415,0.000803262,0.00077308,0.000816859,0.00112824,0.00240545,0.0252011,0.937307,0.0200455,
0.0219138,0.00267775,0.00133976,0.000863791,0.000662827,0.000551181,0.000525326,0.000500058,0.000562345,0.000704548,0.00167998,0.000592901,0.000579386,0.000575273,0.00073099,0.00103361,0.00186332,0.00393466,0.0377136,0.920995,


0.930664,0.0245407,0.00312241,0.00115775,0.000736747,0.000520401,0.000309902,0.000175416,0.00025143,0.000257277,0.000637345,0.000169569,0.000169569,0.000198805,0.000268971,0.000391762,0.000637345,0.001263,0.00287682,0.0316509,
0.0270525,0.937903,0.0212931,0.00239004,0.0010423,0.00056051,0.000456595,0.000434553,0.000491233,0.000758893,0.00170672,0.000488084,0.000355829,0.000330638,0.00032434,0.000343234,0.000377872,0.000585701,0.000919488,0.00218536,
0.00185615,0.0250383,0.946937,0.0181318,0.00233467,0.000984462,0.000588239,0.000402319,0.000249925,0.000152393,0.00120696,0.000112771,9.75318e-05,9.4484e-05,0.000112771,0.000164585,0.000192016,0.000262117,0.000365744,0.000716249,
0.000892049,0.00217008,0.0295791,0.934164,0.0249817,0.0031865,0.00131663,0.000544665,0.000433159,0.000325941,0.0007591,0.000137238,0.000150104,0.00013295,7.71966e-05,0.000120084,0.000137238,0.000171548,0.000274477,0.000446025,
0.000544105,0.00101079,0.00277243,0.0560502,0.91573,0.0168655,0.00238143,0.00119634,0.000650072,0.000448519,0.000735277,0.000220151,0.000170844,0.000118077,0.000124997,0.000136243,0.00013581,0.000152678,0.000241344,0.000314872,
0.000190431,0.000325046,0.000751875,0.00196998,0.0354497,0.931179,0.0237908,0.00306003,0.0011196,0.00060741,0.000551594,0.000190431,0.000151032,0.000111632,6.23826e-05,8.20824e-05,6.56659e-05,0.000101782,7.87991e-05,0.000160881,
0.000106883,0.000153037,0.00028907,0.000597573,0.00180972,0.0286568,0.93562,0.0271677,0.00296843,0.00105426,0.000646156,0.000235628,0.000155466,0.0001166,5.82998e-05,7.28748e-05,5.82998e-05,7.53039e-05,7.77331e-05,8.01623e-05,
6.17577e-05,7.05802e-05,0.000151747,0.000217034,0.000522294,0.00157041,0.0309565,0.927814,0.0339156,0.00279851,0.000981065,0.000344079,0.000174686,0.000107635,6.17577e-05,6.52867e-05,5.82287e-05,3.70546e-05,3.70546e-05,5.46997e-05,
3.6789e-05,3.44897e-05,6.09318e-05,8.62242e-05,0.0001667,0.000395482,0.00130601,0.035683,0.930209,0.0285816,0.00236944,0.000549536,0.000190843,0.000123013,5.05849e-05,4.25373e-05,3.79387e-05,2.06938e-05,1.83945e-05,3.6789e-05,
3.12913e-05,2.83578e-05,4.0092e-05,6.55162e-05,8.60511e-05,0.000152545,0.000380385,0.00154012,0.0417573,0.920767,0.0325684,0.0017308,0.000438078,0.000147656,7.72504e-05,5.96491e-05,3.61806e-05,3.22692e-05,2.24906e-05,3.81363e-05,
4.47506e-05,5.62579e-05,5.434e-05,7.22402e-05,8.82225e-05,0.00011763,0.000179002,0.000386133,0.00132717,0.0362985,0.947953,0.0118838,0.000785692,0.000280011,0.000138727,9.71727e-05,6.71259e-05,6.84044e-05,5.49793e-05,4.66684e-05,
5.30735e-05,4.54916e-05,3.60142e-05,6.06555e-05,8.71922e-05,0.000125102,0.00015543,0.000333605,0.000951533,0.00373221,0.0558978,0.916766,0.0189264,0.00171731,0.000506094,0.000225562,0.000145952,9.66696e-05,8.15058e-05,5.68645e-05,
6.90562e-05,6.07695e-05,6.62939e-05,8.28674e-05,7.18184e-05,0.000143637,0.00013535,0.0002707,0.000519303,0.00117672,0.00373732,0.0342353,0.931085,0.0250453,0.00195291,0.000640841,0.000317659,0.000176784,0.000121539,9.11542e-05,
0.000124243,0.000117527,0.000114169,8.7306e-05,9.73798e-05,9.40219e-05,0.000137675,0.000255202,0.000379445,0.00079247,0.0016756,0.00338815,0.038193,0.925306,0.0256378,0.00207856,0.000708522,0.00037273,0.00027535,0.000164538,
0.000109796,9.95028e-05,9.95028e-05,8.23472e-05,8.23472e-05,9.60717e-05,0.000116658,0.000133814,0.000247042,0.000329389,0.000826903,0.00110482,0.0028101,0.0338618,0.929473,0.0275383,0.00180478,0.000621035,0.000346544,0.000216161,
0.000177558,0.000146556,0.000115553,8.73697e-05,0.00012119,8.73697e-05,7.60962e-05,9.58249e-05,0.000169103,0.000233925,0.00105407,0.000535492,0.000845513,0.00235898,0.0341728,0.939013,0.0182687,0.00152192,0.000622862,0.00029593,
0.000363204,0.00029928,0.000165621,0.000104603,0.000101697,0.000127848,0.000101697,9.58859e-05,0.000127848,0.000156904,0.00117097,0.000351582,0.000441656,0.000839728,0.00210368,0.0233613,0.950311,0.017614,0.00156323,0.000598561,
0.000780014,0.000492265,0.000309152,0.000171223,0.000156954,0.00014982,0.000235431,0.000235431,0.000290127,0.000413788,0.001541,0.000492265,0.000444703,0.000637329,0.000865626,0.00222352,0.023467,0.946236,0.0189439,0.00191436,
0.00224222,0.00105727,0.000531187,0.000352422,0.000234948,0.000219625,0.000199195,0.000173657,0.000163442,0.000143012,0.0010777,0.000280916,0.000362637,0.000383067,0.000638446,0.00115431,0.00280916,0.0255021,0.939961,0.0225141,
0.0275741,0.00343834,0.00116856,0.000678051,0.000480887,0.000408754,0.000495314,0.000466461,0.000846361,0.00107238,0.00210148,0.000798273,0.000750184,0.000697286,0.000581873,0.000831935,0.00148113,0.00358261,0.0306373,0.921909,


0.931508,0.0242613,0.00346503,0.00134013,0.000561408,0.000458785,0.000283722,0.000235429,0.000211282,0.000217319,0.000700251,0.000156953,0.000156953,0.000138843,0.000217319,0.000289759,0.000633847,0.00134013,0.00276478,0.0310585,
0.0269959,0.952557,0.0133551,0.0011147,0.000644081,0.000480572,0.000321329,0.000186257,0.000136494,0.000160665,0.00126968,9.66832e-05,9.8105e-05,0.000125119,0.000136494,0.000147868,0.000214694,0.000373936,0.000481994,0.00110333,
0.00182345,0.0246902,0.951795,0.0140705,0.00146975,0.000840915,0.000554429,0.000399133,0.000274433,0.000248937,0.00139001,0.000167348,0.000125627,0.000130727,0.000151819,0.000154137,0.000210229,0.000293439,0.000451516,0.000758863,
0.00105193,0.00218714,0.0285818,0.934942,0.024979,0.00316456,0.00126232,0.000639924,0.000394474,0.000328728,0.000745117,0.000153406,0.000127108,0.000105193,0.000113959,0.000170939,0.000162173,0.000170939,0.000276132,0.000442687,
0.000361727,0.000698384,0.00198771,0.0277061,0.934954,0.0274053,0.00306931,0.00115323,0.000676895,0.000336657,0.0005408,0.000150421,0.000114607,0.000118188,6.80477e-05,7.16291e-05,8.5955e-05,0.000107444,0.000200562,0.000193399,
0.000154005,0.000324393,0.000750365,0.00201845,0.0340941,0.931789,0.0244409,0.00289988,0.00131068,0.000579976,0.000547209,0.000226092,0.000140898,0.000108131,0.000114685,9.8301e-05,9.50243e-05,9.50243e-05,0.000114685,9.8301e-05,
0.000147472,0.000144885,0.000300118,0.000618348,0.00185246,0.0267468,0.935529,0.0289537,0.00303223,0.00108405,0.000620935,0.000256136,0.000131949,0.000134536,5.95063e-05,8.27913e-05,6.46807e-05,4.91573e-05,8.53785e-05,0.000106076,
6.35571e-05,6.69926e-05,0.000137421,0.000274841,0.000503303,0.00157175,0.0308406,0.927813,0.0339721,0.00279479,0.00104955,0.00031435,0.000154598,0.000121961,8.07347e-05,5.15328e-05,3.43552e-05,4.63795e-05,5.15328e-05,5.6686e-05,
4.24461e-05,4.01517e-05,4.35933e-05,8.83339e-05,0.000161754,0.000395782,0.00126191,0.0347485,0.930737,0.0290848,0.00228291,0.00056786,0.000217967,9.06282e-05,5.73596e-05,4.12989e-05,2.75326e-05,4.01517e-05,2.86798e-05,4.12989e-05,
3.71618e-05,4.59633e-05,2.93383e-05,6.35663e-05,8.89928e-05,0.000177986,0.000354993,0.00160383,0.0403049,0.921592,0.0331571,0.00173291,0.000359883,0.000168206,8.31251e-05,5.67207e-05,3.71618e-05,3.81398e-05,3.4228e-05,3.4228e-05,
7.33547e-05,5.86838e-05,7.14411e-05,7.27169e-05,7.84577e-05,0.000122471,0.000177965,0.000375704,0.00131592,0.0350412,0.948708,0.0123204,0.000804989,0.000264715,0.000128211,9.18529e-05,8.41985e-05,8.41985e-05,6.2511e-05,6.2511e-05,
5.2041e-05,4.04763e-05,5.78233e-05,5.01135e-05,6.9388e-05,0.000109864,0.00018118,0.000379706,0.000992633,0.00369684,0.0544021,0.918109,0.018995,0.00170771,0.000503063,0.000233221,0.00018118,0.000104082,8.28801e-05,5.2041e-05,
7.18518e-05,8.56694e-05,6.07977e-05,7.18518e-05,8.8433e-05,0.000102251,0.000160285,0.00028188,0.000566524,0.00118832,0.00347376,0.0333226,0.931661,0.0254991,0.0020837,0.000627321,0.000290171,0.000179629,9.11965e-05,9.396e-05,
0.000111553,7.77492e-05,0.000121694,0.000118314,6.08472e-05,0.000121694,0.000182542,0.000206204,0.000280573,0.000493538,0.00139949,0.00331279,0.0384892,0.924888,0.0266646,0.00204176,0.000736927,0.000314377,0.000243389,0.000135216,
0.00017258,6.55803e-05,8.28383e-05,5.17739e-05,6.90319e-05,6.55803e-05,8.28383e-05,0.000176031,0.000220902,0.000293386,0.000700674,0.000966447,0.00258525,0.0323587,0.930547,0.0285171,0.00178448,0.000655803,0.000424546,0.000179483,
0.000142166,0.000160315,8.16699e-05,7.86451e-05,7.25955e-05,0.000120993,7.56203e-05,0.000117968,0.000181489,0.000257109,0.000735029,0.000411374,0.000925593,0.00243497,0.0337206,0.938829,0.0190987,0.00163642,0.000574714,0.000344829,
0.000380398,0.000282326,0.000196143,9.21275e-05,9.80713e-05,8.3212e-05,7.13246e-05,0.000101043,0.00012779,0.000193171,0.00116497,0.000365538,0.000514131,0.000814289,0.00200006,0.0244614,0.948397,0.0186008,0.00137003,0.000686499,
0.000936311,0.000499556,0.000348262,0.000282606,0.000205532,0.000245496,0.000245496,0.000302588,0.000362535,0.000659414,0.00174131,0.000639432,0.000602322,0.00065085,0.00115041,0.00238931,0.0234392,0.944438,0.0190088,0.00185264,
0.00216719,0.00100501,0.000495358,0.000271495,0.000180996,0.000257205,0.000142892,0.000133366,0.000190522,0.000176233,0.00108121,0.000204812,0.000304836,0.000438202,0.000685881,0.00106216,0.00285307,0.0247012,0.942824,0.0208241,
0.0138234,0.000896795,0.000463445,0.000298359,0.000258807,0.000183142,0.000141871,0.000169385,0.000165086,0.000239891,0.00163108,0.000202918,0.000202918,0.00019604,0.000320714,0.000324153,0.000467744,0.000950104,0.0140676,0.964997,


0.915492,0.0194326,0.00254743,0.00127293,0.000839297,0.000649067,0.000508068,0.00048877,0.000523822,0.000624254,0.00129223,0.000401335,0.000360768,0.000350134,0.000421421,0.000567146,0.000834177,0.00135721,0.00363328,0.0484039,
0.0270585,0.9419,0.0187784,0.00199506,0.000939291,0.000498146,0.000463449,0.000416361,0.000428753,0.000579931,0.00173732,0.000342011,0.000280052,0.000314749,0.000218094,0.000270139,0.000384143,0.000513016,0.000857505,0.0020248,
0.00134906,0.0247748,0.951348,0.0160583,0.00170182,0.000686288,0.000434007,0.000267246,0.000239452,0.000130416,0.00112029,0.000102622,6.6277e-05,7.05529e-05,0.000109036,0.00011545,0.000183865,0.000277936,0.000329247,0.000634976,
0.000829433,0.00218034,0.0271495,0.93647,0.0248953,0.00309189,0.00140839,0.000624127,0.000418822,0.00024226,0.000813008,0.000160138,0.000172456,0.000172456,0.000139607,0.000102653,0.000188881,0.000192987,0.000262791,0.00048452,
0.00037987,0.000863666,0.0019531,0.0273148,0.935336,0.0275047,0.00295295,0.00111452,0.000616392,0.000358368,0.00051605,0.000179184,0.000125429,0.000111094,7.88409e-05,0.000111094,6.09225e-05,0.000100343,0.000143347,0.000179184,
0.000210252,0.000351515,0.00063404,0.00208281,0.0331672,0.932545,0.0243399,0.00317677,0.00123851,0.00053877,0.000643896,0.000206967,0.000167544,9.85555e-05,0.000111696,8.54148e-05,5.91333e-05,0.000111696,0.000121552,0.000108411,
0.000101028,0.00017097,0.00033935,0.000608758,0.00185995,0.0258657,0.93557,0.0297903,0.00300493,0.00104655,0.000668338,0.000251274,0.000152837,0.000119161,5.43996e-05,7.77138e-05,5.18092e-05,8.03042e-05,0.000103618,8.28947e-05,
8.03081e-05,8.74466e-05,0.000114216,0.000269478,0.000501479,0.00148124,0.0298425,0.927592,0.0353302,0.00283398,0.000944066,0.000344433,0.000203447,9.45851e-05,5.88926e-05,3.03386e-05,4.46156e-05,5.7108e-05,4.10464e-05,4.81849e-05,
3.67772e-05,3.44786e-05,5.40165e-05,9.65402e-05,0.000168945,0.000365474,0.00130099,0.0338603,0.930604,0.0299815,0.00236064,0.00056545,0.00019423,0.000117227,6.09123e-05,5.05687e-05,5.1718e-05,2.18365e-05,3.79265e-05,3.67772e-05,
2.15201e-05,3.52147e-05,4.49965e-05,6.74948e-05,8.21676e-05,0.00017803,0.000395187,0.00153575,0.0392037,0.921628,0.0341357,0.00183801,0.000368776,0.000186833,8.11894e-05,5.67348e-05,4.01056e-05,3.61929e-05,2.44546e-05,4.01056e-05,
5.30143e-05,5.68467e-05,5.68467e-05,6.89825e-05,8.36732e-05,0.000124552,0.000177566,0.000348106,0.0013343,0.0340167,0.949738,0.0124034,0.000758807,0.000284872,0.000123913,0.000108584,7.66472e-05,7.53697e-05,5.49305e-05,5.49305e-05,
3.49226e-05,3.68628e-05,6.5965e-05,7.56657e-05,6.01445e-05,0.000110588,0.000174613,0.000382209,0.000973954,0.00360285,0.0539419,0.918428,0.01932,0.00170539,0.000504438,0.000194015,0.000153272,9.50672e-05,8.14861e-05,5.82044e-05,
7.72194e-05,7.44616e-05,8.27351e-05,5.79146e-05,7.99773e-05,0.000104798,0.00016547,0.000264752,0.000488137,0.00125757,0.00370653,0.033152,0.931402,0.0258134,0.00184775,0.000697733,0.000361277,0.00016547,0.000113071,8.82508e-05,
0.000128306,9.45416e-05,9.79181e-05,7.42827e-05,8.44121e-05,0.000128306,0.000135059,0.000185707,0.000341025,0.000580755,0.00145189,0.0031874,0.0369556,0.925363,0.0276872,0.00210355,0.000688803,0.00037479,0.000199213,0.000138436,
0.000151814,6.55561e-05,6.21058e-05,6.21058e-05,7.24568e-05,8.28077e-05,0.00011041,0.000175966,0.000234622,0.000262224,0.000810826,0.00104545,0.00266365,0.0325779,0.929327,0.0289965,0.00198739,0.000710766,0.000334681,0.000265675,
0.000228643,0.000123591,7.72442e-05,8.34237e-05,9.88725e-05,8.65135e-05,9.2693e-05,0.000105052,0.000163758,0.000256451,0.000630312,0.000506722,0.000979456,0.00246254,0.0341172,0.937754,0.0194964,0.00169319,0.000639582,0.000404759,
0.000339304,0.000264265,0.000176177,9.46136e-05,0.000120714,0.000130501,9.78761e-05,9.78761e-05,0.000146814,0.000137027,0.00102444,0.000388242,0.000482855,0.00102117,0.00227399,0.0235686,0.94746,0.0197122,0.00171283,0.000750383,
0.000907657,0.000488974,0.00028116,0.000293384,0.000207814,0.000216982,0.000207814,0.000247543,0.000430908,0.000675395,0.00173891,0.000543983,0.000568432,0.000693731,0.000950443,0.00247237,0.0235227,0.941152,0.022285,0.00211481,
0.00236089,0.00107359,0.000549518,0.000417226,0.000228966,0.000188261,0.000137379,0.000111939,0.000183173,0.00016282,0.00104307,0.000284935,0.000371433,0.00046302,0.000636016,0.00117536,0.00271706,0.0250488,0.941395,0.0214515,
0.0266438,0.00325292,0.00133303,0.000741967,0.000503029,0.000469493,0.000553332,0.000561715,0.000574291,0.00090126,0.00203727,0.000876108,0.000658129,0.000557523,0.000645553,0.000779694,0.00133303,0.00342059,0.0370271,0.91713,


0.931909,0.0252709,0.00289776,0.00138851,0.000748589,0.000482961,0.000271665,0.000211295,0.000211295,0.000193184,0.000754626,0.00018111,0.000193184,0.000187147,0.000271665,0.000416553,0.000579553,0.00119533,0.00268043,0.0299556,
0.0270683,0.943374,0.0181555,0.00180244,0.00088767,0.000571452,0.000413343,0.000413343,0.000426895,0.000596298,0.00169854,0.000368169,0.000237164,0.000239423,0.000255233,0.000207801,0.000302666,0.000483362,0.000673093,0.00182503,
0.00215194,0.0249696,0.942625,0.021484,0.00266731,0.00121563,0.000633387,0.000365869,0.000302924,0.000239979,0.000865498,0.00019277,0.000137693,0.000129825,0.000121956,0.000200638,0.000196704,0.000255715,0.000401276,0.000841893,
0.00105607,0.00255403,0.0375053,0.925592,0.0253081,0.00292852,0.0011422,0.000722768,0.000449389,0.000265889,0.000550502,0.000153541,0.000131072,0.000134817,0.000127327,0.000157286,0.000149796,0.000239674,0.000333297,0.000498073,
0.000375951,0.000705355,0.00205162,0.0270541,0.934746,0.0283001,0.00307563,0.00124243,0.000565716,0.0002936,0.000569297,0.000136058,0.000114575,9.30925e-05,6.80292e-05,8.59316e-05,7.16096e-05,0.000136058,0.000103834,0.000211248,
0.000212218,0.000401582,0.000692157,0.0020177,0.0324987,0.932593,0.0251266,0.00302982,0.00121454,0.000617064,0.000590945,0.000189364,0.00014692,0.00015345,9.46818e-05,8.48871e-05,7.83574e-05,6.20329e-05,8.8152e-05,0.000107741,
9.59051e-05,0.000181442,0.000279939,0.000603943,0.00163816,0.0261406,0.934904,0.0304926,0.00298343,0.00108865,0.000692072,0.000233283,0.000173666,8.8129e-05,7.25768e-05,5.44326e-05,4.14725e-05,6.99848e-05,8.03529e-05,8.5537e-05,
4.16865e-05,7.79357e-05,0.000146809,0.000251932,0.000567299,0.00153696,0.028539,0.927685,0.0362328,0.00293618,0.00105123,0.000328055,0.000179433,0.00012506,6.52485e-05,5.98111e-05,2.3562e-05,3.26242e-05,5.79986e-05,6.16236e-05,
2.99105e-05,3.6813e-05,4.48658e-05,0.000104687,0.000205923,0.000408394,0.00135058,0.0331202,0.930358,0.0308562,0.00237214,0.000582105,0.000217427,0.000106988,6.44227e-05,3.91138e-05,3.91138e-05,2.76097e-05,1.84065e-05,1.72561e-05,
3.51644e-05,3.02804e-05,4.29787e-05,6.25144e-05,9.08412e-05,0.000153356,0.000399506,0.00155114,0.0378769,0.922201,0.0349075,0.00182269,0.000390715,0.000174845,8.00966e-05,5.0793e-05,4.68858e-05,3.12572e-05,3.12572e-05,2.05125e-05,
5.94178e-05,5.30288e-05,6.58068e-05,7.0918e-05,7.53903e-05,0.000115641,0.000184003,0.000335423,0.00131614,0.032837,0.950589,0.0126668,0.000864433,0.000268977,0.000138641,9.0085e-05,7.92237e-05,7.34736e-05,5.75011e-05,5.94178e-05,
5.24624e-05,6.41208e-05,5.44055e-05,5.63485e-05,7.57791e-05,0.000110754,0.000200134,0.000431358,0.000957925,0.00367626,0.0519378,0.919812,0.0197978,0.00160885,0.000540169,0.000227337,0.000155444,0.000108811,6.41208e-05,6.80069e-05,
7.18589e-05,6.90951e-05,6.90951e-05,8.01503e-05,7.73865e-05,0.000124371,0.000171356,0.000287436,0.000503013,0.00124095,0.00368139,0.0319855,0.931621,0.0267592,0.00189321,0.000643967,0.00031231,0.000165828,0.000124371,0.000118844,
0.000131077,7.39411e-05,0.000127716,8.4024e-05,6.04973e-05,0.000120995,0.000131077,0.000188214,0.000376428,0.000645304,0.00166704,0.00368697,0.0367219,0.924388,0.0280035,0.00213085,0.000742772,0.000369706,0.000228545,0.000120995,
0.000102924,7.30142e-05,5.45407e-05,2.90297e-05,5.80595e-05,7.30142e-05,7.6533e-05,7.12548e-05,0.000127555,0.000211125,0.00122101,0.000493506,0.00101516,0.0155511,0.963192,0.0163059,0.000643053,0.000334282,0.00022784,0.000138991,
0.000197486,0.000115984,0.000119119,7.20981e-05,8.15021e-05,8.77715e-05,0.000103445,0.000125388,0.000147331,0.000181812,0.000874581,0.000432588,0.000862042,0.00248268,0.0336729,0.938052,0.0198395,0.00165199,0.000611266,0.000288392,
0.000391942,0.000276665,0.000197618,0.00014492,0.000118571,9.55154e-05,7.90472e-05,8.89281e-05,0.000115277,0.000158094,0.00114948,0.000319482,0.000418292,0.00095186,0.00241753,0.0236318,0.947243,0.019887,0.00157765,0.000737774,
0.000892372,0.000403627,0.000310271,0.000255356,0.000192203,0.000186712,0.000244373,0.000389898,0.000420101,0.000546406,0.00175179,0.000604067,0.000494237,0.000735863,0.00111203,0.00254806,0.0233829,0.943553,0.0200468,0.00193027,
0.00230333,0.00100323,0.000578393,0.000342941,0.000220096,0.000189385,0.000204741,0.000163793,0.00010237,0.000255926,0.000977637,0.000220096,0.000317348,0.000486259,0.000731948,0.00113631,0.00281007,0.024963,0.940651,0.0223423,
0.0272771,0.00286177,0.00137932,0.000554307,0.000464071,0.000421101,0.000429695,0.000421101,0.000584386,0.000786343,0.00177894,0.000554307,0.000459774,0.000562901,0.000507041,0.000751967,0.00121174,0.00287896,0.0278872,0.928228,


0.930973,0.0259573,0.00311729,0.00142901,0.000759727,0.000464278,0.000307509,0.000265302,0.000241183,0.000229124,0.000608988,0.000241183,0.000192947,0.000180887,0.00028339,0.000343686,0.000608988,0.00121798,0.00280376,0.0297741,
0.026829,0.940985,0.0193264,0.00214507,0.000981421,0.000702874,0.000437344,0.000359247,0.000478996,0.000603951,0.00169731,0.000484202,0.000304579,0.000299372,0.000255117,0.000262927,0.000356644,0.00054668,0.000814813,0.00212945,
0.0014687,0.0246738,0.95012,0.0165484,0.00183717,0.000927236,0.000499946,0.000295816,0.00021278,0.000169532,0.00111061,0.000129744,0.000121094,0.000124554,0.000126284,0.000155693,0.000186831,0.000288896,0.000392691,0.000610661,
0.000801499,0.00219299,0.0279486,0.935854,0.0253029,0.00281267,0.00123193,0.000671627,0.00046012,0.000296852,0.000816342,0.000118741,0.000126162,0.000100187,0.000100187,0.000129873,0.000126162,0.000178111,0.000319115,0.000411881,
0.00034362,0.000787464,0.00208678,0.0260722,0.935374,0.0287961,0.00284561,0.00109887,0.0006944,0.000314985,0.000479637,0.000189707,8.59051e-05,6.80082e-05,7.15876e-05,0.000103802,0.000110961,8.94845e-05,0.000125278,0.000261295,
0.000185114,0.00029363,0.000734074,0.001982,0.0315971,0.933646,0.0251404,0.00306396,0.00122878,0.00052981,0.000641517,0.000213839,0.00011809,9.89404e-05,8.61739e-05,5.1066e-05,7.97906e-05,7.97906e-05,8.93655e-05,0.000140432,
0.000107773,0.000174832,0.000306555,0.000625084,0.00173155,0.0262176,0.934788,0.0302842,0.00304639,0.00106097,0.000649033,0.00028979,0.000155672,0.000102983,7.66386e-05,8.14285e-05,5.02941e-05,7.18487e-05,7.42437e-05,0.000105378,
8.92762e-05,0.000120488,0.000182454,0.000326122,0.000793158,0.00262826,0.0701025,0.90189,0.0179594,0.00324883,0.00136462,0.000459692,0.000238911,0.000146652,8.81287e-05,7.52766e-05,6.5408e-05,6.6326e-05,7.41291e-05,8.05552e-05,
3.83879e-05,4.84419e-05,4.66139e-05,9.96258e-05,0.000170004,0.000413127,0.001456,0.0343298,0.931224,0.0287772,0.0022265,0.000566679,0.000234898,0.000125218,6.48939e-05,4.11299e-05,4.66139e-05,2.92479e-05,2.83339e-05,3.29039e-05,
3.02997e-05,2.73675e-05,4.00738e-05,5.27801e-05,0.000103605,0.000164205,0.000366529,0.00150326,0.0366412,0.922125,0.0362609,0.00181701,0.000462315,0.000146612,8.1125e-05,4.98479e-05,3.42094e-05,3.32319e-05,2.34578e-05,3.71416e-05,
5.29476e-05,5.10338e-05,5.35855e-05,7.08094e-05,9.44125e-05,0.000114826,0.000160756,0.000356599,0.00130838,0.0319089,0.951157,0.0130723,0.000840144,0.000260272,0.000137153,0.000103981,7.78265e-05,7.08094e-05,5.93268e-05,4.84821e-05,
4.86128e-05,4.86128e-05,6.80579e-05,6.22244e-05,5.25018e-05,0.000130282,0.000165283,0.000348068,0.000925587,0.00377624,0.0504367,0.921115,0.0200499,0.00163339,0.000546408,0.000227508,0.000136116,9.52811e-05,6.22244e-05,7.19469e-05,
9.97401e-05,8.31168e-05,4.98701e-05,6.09523e-05,5.81817e-05,0.000105281,0.000141299,0.000268744,0.000529177,0.00122182,0.00366545,0.0314902,0.931908,0.0270434,0.00192277,0.000590129,0.000360173,0.000191169,0.000124675,8.58873e-05,
0.000122055,9.15413e-05,8.137e-05,6.10275e-05,8.137e-05,9.15413e-05,9.15413e-05,0.000223767,0.000339042,0.000617056,0.00154942,0.00322429,0.035813,0.925336,0.0286795,0.00217665,0.000742501,0.000359384,0.000172911,0.000145788,
0.000110331,7.24046e-05,9.65394e-05,8.96437e-05,6.89567e-05,7.24046e-05,8.61959e-05,0.000110331,0.000231005,0.00033444,0.000755076,0.00105159,0.00273758,0.0306995,0.929468,0.0307823,0.00204457,0.000679224,0.000313753,0.000196527,
0.000229464,0.000111454,0.000121288,0.000104898,9.83416e-05,8.85075e-05,8.19514e-05,0.000131122,0.000157347,0.00023602,0.000717894,0.000534323,0.000914577,0.00272734,0.0342426,0.935944,0.0207468,0.00182588,0.000642499,0.000344196,
0.00047144,0.00025209,0.000150599,0.000111312,0.000127682,0.000130956,0.000121134,0.000140777,0.000124408,0.000153873,0.000952702,0.000419058,0.00053037,0.000972345,0.00231791,0.0235949,0.947078,0.0200526,0.00161403,0.000684243,
0.000999507,0.000588317,0.000382722,0.000227736,0.000170802,0.000173965,0.000246714,0.000351092,0.000392211,0.000661066,0.00174281,0.000594643,0.000604132,0.000718,0.00102481,0.00253356,0.0238079,0.940849,0.0218943,0.00203697,
0.00220461,0.00115351,0.000646831,0.000436611,0.000269513,0.000194049,0.000247952,0.000134756,0.000177878,0.000221,0.000932514,0.000280293,0.00042044,0.00041505,0.000603708,0.00121281,0.00279754,0.0248976,0.939193,0.0235608,
0.0274147,0.00278944,0.00118596,0.000817287,0.00039976,0.00039976,0.000453061,0.000484154,0.000608524,0.00103938,0.00206543,0.000697359,0.00057299,0.00052413,0.00057299,0.000763986,0.00125702,0.00314034,0.0276723,0.927141,


0.931935,0.0257867,0.00326695,0.00119728,0.000740028,0.000439203,0.000258709,0.00022261,0.000186511,0.000240659,0.000637747,0.000168462,0.000192528,0.00022261,0.000282775,0.000379039,0.000721978,0.00113712,0.00282173,0.0291619,
0.0267535,0.935896,0.0221203,0.00238929,0.00117527,0.000729701,0.000552119,0.000555347,0.000584406,0.000933113,0.00208578,0.00049723,0.000397138,0.000297046,0.000274445,0.000297046,0.000429426,0.000642524,0.000978316,0.00241189,
0.00186125,0.0249073,0.942375,0.0219542,0.00266559,0.00107634,0.000610055,0.000396341,0.00027977,0.000264227,0.000998624,0.000147657,9.71425e-05,0.000147657,0.000163199,0.000147657,0.000186514,0.000353599,0.000477941,0.000889825,
0.000849525,0.00205981,0.0252026,0.938632,0.025478,0.00291321,0.0010396,0.000686603,0.00030645,0.000314208,0.000806855,0.000155164,0.000100857,0.00013189,0.000124132,0.000128011,0.000128011,0.000213351,0.000325845,0.000403428,
0.000364803,0.000736362,0.00180375,0.0253977,0.937112,0.028225,0.00263131,0.00111805,0.000584361,0.000341159,0.000564094,0.000152001,9.45786e-05,9.12008e-05,7.43118e-05,8.7823e-05,0.000111468,0.000111468,0.000118223,0.000280358,
0.000204422,0.000360026,0.000643776,0.00205337,0.0299615,0.935439,0.0249211,0.00298089,0.001135,0.00057055,0.00071395,0.000268494,0.000128145,0.000115941,7.32257e-05,7.01746e-05,8.8481e-05,7.62767e-05,9.15321e-05,0.000103736,
0.000124215,0.000173384,0.000333828,0.000623664,0.00173125,0.0249621,0.935185,0.0314213,0.00282072,0.000993722,0.00065213,0.000243255,0.000194086,0.000137154,7.50467e-05,6.98711e-05,5.95198e-05,6.21076e-05,6.98711e-05,6.72833e-05,
6.97052e-05,8.22164e-05,0.00013941,0.000252011,0.00050581,0.00148704,0.027253,0.927076,0.0383146,0.00295264,0.000913317,0.00033959,0.000194817,0.000109026,7.32798e-05,5.18321e-05,4.46828e-05,4.82575e-05,5.00448e-05,4.28955e-05,
3.77407e-05,5.2837e-05,4.96021e-05,9.92042e-05,0.000158511,0.000369859,0.00124652,0.032154,0.931599,0.0308644,0.00226121,0.000566111,0.000204878,0.000103517,6.46984e-05,4.2054e-05,3.98973e-05,1.94095e-05,3.45058e-05,3.23492e-05,
2.07097e-05,1.61076e-05,2.56406e-05,3.23247e-05,5.92803e-05,0.000114616,0.000301004,0.00130625,0.0706458,0.916151,0.0100826,0.000816118,0.000199537,8.74412e-05,4.29536e-05,2.79417e-05,2.20247e-05,1.72033e-05,1.45735e-05,1.69842e-05,
5.23986e-05,6.00667e-05,6.00667e-05,7.09298e-05,8.56269e-05,0.000120133,0.000162308,0.00036679,0.00130613,0.0310295,0.951611,0.0134914,0.000812178,0.000281802,0.000145694,9.77681e-05,7.09298e-05,6.00667e-05,6.51787e-05,5.04816e-05,
1.29012e-05,1.34789e-05,1.25161e-05,1.52761e-05,1.81644e-05,2.86266e-05,4.62134e-05,9.3903e-05,0.000299039,0.00128287,0.0712796,0.919335,0.00653515,0.000683701,0.000177408,7.50967e-05,3.55586e-05,2.29783e-05,1.91272e-05,1.34147e-05,
7.18133e-05,8.00994e-05,6.07651e-05,6.90512e-05,9.11476e-05,0.000132578,0.000168485,0.000237536,0.000541362,0.00117387,0.00360447,0.031399,0.931642,0.0273857,0.00195277,0.000657368,0.000295539,0.000174009,0.000160199,0.000102196,
0.000127253,0.000103812,0.000127253,9.71144e-05,0.000100463,0.000157392,0.000177485,0.000204275,0.000361667,0.000797008,0.00155718,0.0036669,0.0345225,0.925523,0.0291343,0.0019155,0.000689847,0.000341575,0.000237763,0.000157392,
0.000151413,0.00011356,0.000117001,8.94716e-05,6.88243e-05,0.000106678,8.94716e-05,0.000117001,0.000213355,0.000333798,0.000846539,0.00111151,0.00272544,0.0305649,0.928901,0.0313082,0.00193396,0.000646949,0.000347563,0.000213355,
0.000136184,7.92851e-05,6.99575e-05,6.77188e-05,6.79054e-05,6.43609e-05,6.67861e-05,8.86128e-05,0.00010932,0.000171069,0.000710581,0.000343445,0.000588016,0.00169745,0.0341294,0.946701,0.0133802,0.000916536,0.000375345,0.000237109,
0.000374877,0.000195882,0.000121582,0.000128336,0.000138468,0.000145223,0.000118205,0.000108073,0.000145223,0.000239786,0.000992918,0.000385009,0.000472818,0.000874713,0.00259037,0.0235666,0.945714,0.0212397,0.00172241,0.000726113,
0.000601257,0.000355603,0.000309048,0.000210985,0.00020207,0.000194146,0.000222871,0.00033183,0.000375414,0.000491307,0.00172057,0.000602247,0.000564607,0.000677528,0.00082809,0.00197811,0.0234896,0.947073,0.0182219,0.00155019,
0.00215162,0.00113325,0.00061624,0.000412567,0.000261118,0.00019845,0.000177561,0.000182783,0.000104447,0.000208895,0.000913914,0.000188005,0.000323787,0.000386455,0.000673686,0.00116459,0.00274174,0.0250987,0.940058,0.0230045,
0.0276245,0.00311959,0.00123247,0.000746858,0.000488685,0.000417995,0.000491758,0.000553228,0.000676168,0.000992737,0.00202236,0.000894386,0.000676168,0.000642359,0.000611625,0.000756079,0.00115563,0.00333781,0.0353175,0.918242,


0.932122,0.0267517,0.00325015,0.00139811,0.000702081,0.000514456,0.000320779,0.000254202,0.000205782,0.000229992,0.000671819,0.000163416,0.000260254,0.000211835,0.000326831,0.00037525,0.000611295,0.00107733,0.00277806,0.0277746,
0.0272076,0.935136,0.0231118,0.00243334,0.00117584,0.000836153,0.000604251,0.000532394,0.000506265,0.000855751,0.00140774,0.00046707,0.000385414,0.000313557,0.000303759,0.000310291,0.00044094,0.000431141,0.00088188,0.00265871,
0.00194297,0.0241293,0.94403,0.0213384,0.00256274,0.00113308,0.000577947,0.000406844,0.000247148,0.000224335,0.0008327,0.000174905,0.000125475,6.46388e-05,9.88593e-05,0.000144487,0.000205323,0.000342205,0.000524715,0.000893536,
0.000873419,0.00211738,0.0251023,0.938868,0.0251325,0.00287737,0.00120615,0.00062387,0.000389446,0.000294921,0.000752426,0.000230643,0.000117212,9.07448e-05,0.000132336,0.000139898,0.000173928,0.000226862,0.00025711,0.000393227,
0.000364651,0.000736119,0.00202773,0.0247997,0.937454,0.0282963,0.00262413,0.00115189,0.000521417,0.000323756,0.000552089,9.54228e-05,0.000139726,8.17909e-05,9.88307e-05,8.17909e-05,8.17909e-05,0.00013291,0.000187438,0.000248781,
0.00021454,0.00030342,0.000692657,0.00200135,0.0297107,0.935911,0.0250797,0.00279821,0.00106963,0.000576192,0.000646684,0.000183891,0.000119529,0.0001134,6.74268e-05,0.000128724,7.66213e-05,9.19456e-05,8.88807e-05,0.000125659,
0.000114069,0.000163326,0.000300727,0.000567752,0.00195991,0.02376,0.935393,0.0318174,0.00308504,0.00104736,0.000720708,0.000321467,0.000168511,0.000121846,8.81441e-05,6.48118e-05,8.29592e-05,5.18495e-05,6.48118e-05,0.000106291,
4.5412e-05,0.000103539,0.000127154,0.000207079,0.000504982,0.00154038,0.0267059,0.926865,0.0391252,0.00280101,0.00107172,0.000316068,0.0001653,0.000116255,6.72098e-05,6.17604e-05,4.17791e-05,4.35955e-05,4.72285e-05,4.35955e-05,
3.21677e-05,4.25073e-05,5.62935e-05,7.81216e-05,0.000155094,0.000376822,0.00127982,0.0303169,0.930906,0.0332832,0.00232182,0.000593954,0.000244704,9.7652e-05,5.51447e-05,3.56143e-05,3.79119e-05,2.75723e-05,2.18281e-05,3.67631e-05,
3.52158e-05,2.73901e-05,3.81505e-05,5.86931e-05,7.14099e-05,0.000155537,0.000383461,0.00155145,0.0346162,0.922567,0.037813,0.00185177,0.000406939,0.000174123,7.04317e-05,5.67366e-05,4.30416e-05,3.61941e-05,1.66297e-05,2.64119e-05,
2.49373e-05,2.111e-05,1.85018e-05,1.85372e-05,2.09113e-05,3.18444e-05,5.9496e-05,0.000171089,0.000961066,0.0594716,0.932081,0.00621846,0.000593044,0.000118553,4.88964e-05,2.94062e-05,2.6702e-05,2.82225e-05,2.88994e-05,2.76112e-05,
4.65982e-05,6.2131e-05,7.57221e-05,3.88319e-05,9.12549e-05,0.000108729,0.000196101,0.000357253,0.000959147,0.00373951,0.047204,0.922946,0.0214449,0.00157269,0.00053588,0.000269881,0.000110671,9.12549e-05,7.76637e-05,7.18389e-05,
8.58101e-05,3.87529e-05,8.02739e-05,6.36655e-05,8.02739e-05,9.68823e-05,0.000163316,0.000224213,0.000520397,0.0011183,0.00356527,0.030529,0.932213,0.027963,0.00197363,0.000631119,0.000287879,0.000149476,0.000116259,9.96504e-05,
7.19502e-05,5.9774e-05,5.53463e-05,5.64532e-05,7.4164e-05,7.74848e-05,7.96986e-05,0.000149435,0.000231347,0.000391852,0.00141022,0.00140912,0.0179842,0.958449,0.017671,0.000914321,0.000402921,0.000205888,0.00018707,0.000118441,
