0.931272,0.0237154,0.00299525,0.00135929,0.000529282,0.000415005,0.000324787,0.000324787,0.000264641,0.000168408,0.000607471,0.000174422,0.000252612,0.000258626,0.000204495,0.000457107,0.000625515,0.001239,0.00250807,0.0323042,
0.026997,0.94992,0.0147354,0.00153366,0.00078119,0.000440377,0.000336984,0.000235506,0.000218274,0.000206786,0.00121774,0.000164663,0.000132113,0.000107222,0.000164663,0.000181895,0.000222103,0.000402083,0.000624186,0.00137857,
0.00176594,0.0249524,0.947571,0.0180307,0.00231154,0.000874899,0.000545601,0.000410008,0.00020339,0.000158192,0.00075222,0.000184019,0.000135593,0.000132365,0.000132365,0.00020339,0.000174334,0.000248588,0.000442292,0.00077159,
0.00135012,0.00314781,0.0404734,0.927441,0.0181478,0.00267635,0.00134428,0.000864333,0.000611617,0.000390755,0.00104484,0.000225109,0.000165115,0.000165115,0.000166177,0.000185821,0.00022564,0.000305277,0.000403497,0.000666301,
0.000373187,0.00072505,0.00226045,0.0300256,0.934507,0.0253874,0.00290375,0.00108757,0.000618425,0.000344754,0.0005118,0.000152829,0.000142167,0.000110179,8.17458e-05,0.000110179,0.000131504,0.000120842,0.000184817,0.000220358,
0.000306571,0.00050437,0.00103752,0.00356171,0.0854527,0.887483,0.015359,0.00271898,0.0011714,0.000595404,0.000591722,0.000219888,0.0001486,0.000118478,0.000102414,0.000103083,9.2373e-05,0.000112119,0.000145923,0.000174705,
0.000238912,0.000306298,0.000568402,0.00145579,0.00526658,0.0766366,0.886545,0.0200678,0.00428861,0.00194149,0.00107161,0.000435818,0.000231911,0.000171089,0.00012777,0.000108517,0.000108955,0.00011158,0.000135646,0.000181591,
7.06385e-05,6.7016e-05,0.00013041,0.000237273,0.000505337,0.00144537,0.0322401,0.92809,0.0323886,0.00297225,0.000927356,0.00036406,0.000182936,8.69397e-05,7.78835e-05,5.43373e-05,3.26024e-05,3.07911e-05,5.25261e-05,4.34698e-05,
4.4627e-05,4.34827e-05,6.63683e-05,8.46768e-05,0.000160199,0.00038219,0.00126786,0.0381172,0.929156,0.0272694,0.00228399,0.000538956,0.000224279,0.000124727,5.49255e-05,5.37812e-05,3.6617e-05,2.8607e-05,3.54727e-05,2.63185e-05,
8.72354e-05,0.000110327,0.000127498,0.000188484,0.000355455,0.000663542,0.00189411,0.00849401,0.0709293,0.893751,0.0195407,0.00205418,0.000767751,0.000358415,0.000213549,0.000130458,9.92747e-05,8.24987e-05,7.89461e-05,7.34199e-05,
0.0001124,0.000116736,0.000121294,0.000125409,0.000154014,0.000230417,0.000407837,0.00122023,0.00688686,0.0594327,0.923735,0.00553917,0.000811682,0.00032249,0.000189616,0.000134919,0.00012058,0.000112153,0.000108802,0.000118066,
5.56118e-05,4.60236e-05,4.21883e-05,8.24589e-05,6.52001e-05,0.000115059,0.000178341,0.000393118,0.00100293,0.00351313,0.0570155,0.916573,0.0181199,0.00175465,0.000473659,0.000224365,0.0001304,9.01295e-05,6.13647e-05,6.32824e-05,
0.000271041,0.000210393,0.000167147,0.000145837,0.000166417,0.000227587,0.000385355,0.000858868,0.00227811,0.00807588,0.0208789,0.0728952,0.873118,0.01592,0.00199988,0.000863974,0.000486018,0.000383635,0.000346903,0.000320955,
0.000270367,0.000226779,0.000178468,0.000159238,0.000155999,0.000194527,0.000282917,0.000501465,0.0010816,0.00278323,0.00570329,0.00761819,0.0431172,0.919249,0.0150892,0.00138186,0.000753075,0.000506728,0.0004041,0.000342362,
0.000290903,0.000232738,0.000189036,0.000161361,0.000156983,0.0001777,0.000228907,0.000338435,0.000612842,0.00128432,0.00295539,0.00253166,0.00341961,0.0337538,0.935803,0.0150527,0.00125156,0.00072284,0.000469228,0.000366814,
0.000385715,0.000287303,0.000224855,0.000186005,0.000179513,0.000190642,0.000255666,0.000348308,0.000535962,0.000906735,0.00229368,0.00137015,0.0017639,0.00258397,0.0341121,0.935506,0.0161313,0.00147134,0.000750511,0.000516485,
0.000606904,0.000427339,0.000327944,0.00028195,0.000259735,0.00030274,0.000387182,0.000471625,0.000697896,0.00110701,0.00265232,0.00124229,0.00126422,0.00163958,0.00292174,0.0236006,0.938606,0.0202105,0.00204057,0.000951651,
0.000805008,0.000522339,0.000368411,0.000292846,0.000230765,0.000225677,0.000255699,0.00030862,0.000373753,0.000488755,0.00184892,0.000588236,0.000680084,0.000817729,0.00135482,0.00275723,0.0235472,0.945675,0.0172359,0.00162248,
0.00197873,0.00108572,0.000596908,0.000361905,0.000249103,0.000220903,0.000239703,0.000230303,0.000291404,0.000249103,0.00109042,0.000197403,0.000408906,0.000394805,0.000582808,0.00115152,0.00239233,0.0250137,0.94311,0.0201539,
0.0273588,0.00311739,0.00128159,0.00070265,0.000475031,0.00053441,0.000514617,0.000499772,0.000578944,0.00102923,0.00191497,0.000811512,0.000727392,0.00073234,0.000608634,0.00081646,0.00123706,0.00359737,0.031649,0.921813,


0.931081,0.0240353,0.00300065,0.00131956,0.000813429,0.000385626,0.000355499,0.000283194,0.000216915,0.00022294,0.000723048,0.000234991,0.000210889,0.000241016,0.000241016,0.000518185,0.000626642,0.00119906,0.00267528,0.0316153,
0.0270437,0.946159,0.0149964,0.00154002,0.000921115,0.000629303,0.000525099,0.000414573,0.000412942,0.000502871,0.00162974,0.000281208,0.000246949,0.000212894,0.0002184,0.000254902,0.000355436,0.000528769,0.000888283,0.00223804,
0.00218595,0.025311,0.945256,0.018569,0.00241276,0.00110777,0.000535803,0.000440476,0.000315565,0.000213664,0.00101901,0.000124911,0.000154495,0.00011505,0.000203803,0.000174218,0.000200515,0.000285981,0.000552239,0.000821785,
0.00104659,0.00217828,0.0288282,0.935035,0.0246801,0.00313978,0.00117848,0.000680712,0.000391409,0.000319084,0.000782819,0.000182941,0.00011487,0.000106361,0.000119125,0.000102107,0.000161669,0.000195705,0.000263776,0.000493516,
0.00024391,0.000365865,0.000754661,0.0172102,0.962843,0.0142927,0.00116535,0.000557657,0.000321044,0.000232444,0.00123206,0.000120913,7.71339e-05,5.42022e-05,6.14986e-05,7.40068e-05,8.6515e-05,7.71339e-05,9.27691e-05,0.000136548,
0.000214988,0.000345284,0.000716626,0.00208799,0.0359421,0.930357,0.0236812,0.00308801,0.00126387,0.000622162,0.000641706,0.000198701,0.000143325,8.14348e-05,8.46922e-05,0.000110751,8.46922e-05,7.81774e-05,0.000110751,0.000146583,
0.000133851,0.000198202,0.000301165,0.000586885,0.00177352,0.0283506,0.93527,0.027563,0.00302966,0.00109655,0.000671829,0.000306313,0.000213647,0.000102962,6.43514e-05,6.17773e-05,6.17773e-05,5.40552e-05,6.94995e-05,9.00919e-05,
6.15235e-05,6.15235e-05,0.000128476,0.00026238,0.000506664,0.00151637,0.0317606,0.928497,0.032546,0.00285723,0.000911996,0.000341999,0.000173714,9.22853e-05,7.59997e-05,6.15235e-05,3.25713e-05,2.71427e-05,4.16189e-05,4.34284e-05,
3.11227e-05,5.07184e-05,7.49249e-05,7.37722e-05,0.000165988,0.00038961,0.00133136,0.0368965,0.929633,0.0279608,0.00226965,0.000575193,0.000202874,0.000106048,7.60776e-05,4.61076e-05,3.57334e-05,2.53592e-05,2.65119e-05,2.88173e-05,
3.66387e-05,1.38633e-05,4.25802e-05,6.83263e-05,8.71408e-05,0.000170321,0.000409958,0.0015517,0.0412255,0.921382,0.0323213,0.0018151,0.000437684,0.000164379,8.61506e-05,5.54532e-05,4.75313e-05,2.97071e-05,2.97071e-05,2.47559e-05,
5.39915e-05,5.91336e-05,6.74894e-05,7.6488e-05,8.16301e-05,0.000116982,0.00017033,0.000347731,0.00132665,0.0366924,0.947698,0.0117245,0.000820157,0.000253246,0.000142049,0.000104769,7.77735e-05,6.74894e-05,5.20633e-05,6.68467e-05,
0.000206329,0.000165866,0.00013346,0.000126414,0.000149187,0.000245395,0.000533037,0.00134313,0.00502839,0.0320222,0.134741,0.80157,0.0185685,0.00289696,0.000862539,0.000382809,0.000257822,0.000251787,0.00026579,0.000249171,
5.50717e-05,4.68109e-05,6.6086e-05,8.26075e-05,6.6086e-05,0.000134926,0.000167969,0.000272605,0.000561731,0.00116752,0.00354386,0.0352431,0.931408,0.0238323,0.00194954,0.000710425,0.000261591,0.00018449,0.000143186,0.000101883,
0.000138042,0.000101006,6.73376e-05,0.00010774,8.08051e-05,0.000101006,0.000117841,0.000228948,0.000303019,0.000488197,0.0015959,0.00332311,0.0403318,0.92372,0.0257566,0.00202013,0.000737346,0.000329954,0.000218847,0.000232315,
0.000146428,9.19431e-05,8.17272e-05,9.53484e-05,8.51325e-05,8.17272e-05,9.87537e-05,0.000156644,0.000177076,0.000326909,0.000885378,0.000977321,0.00269019,0.0338248,0.930437,0.0266226,0.00192059,0.000684465,0.000412041,0.000204318,
0.000266622,0.000198548,9.64378e-05,7.65829e-05,8.22557e-05,8.22557e-05,8.22557e-05,0.000124802,0.000136147,0.000204221,0.000751647,0.00047368,0.00090765,0.00229749,0.0338723,0.940203,0.0178013,0.0015118,0.000519062,0.000312005,
0.000379555,0.000206773,0.000186945,0.000141625,8.21425e-05,0.00010197,8.21425e-05,0.000107635,0.000172783,0.000152955,0.000920563,0.000303078,0.000444703,0.000784603,0.002283,0.0236429,0.950074,0.0178221,0.00149273,0.000617485,
0.000721086,0.000412429,0.000308657,0.000215528,0.000186258,0.000258101,0.000250118,0.000260762,0.00038316,0.000470968,0.00144217,0.00051088,0.000537488,0.000593366,0.000944596,0.00212335,0.0232956,0.946813,0.0183997,0.00187323,
0.00192062,0.000879405,0.000546677,0.000404144,0.00035484,0.000380986,0.000468986,0.000566399,0.000775269,0.00121333,0.00293075,0.00107393,0.000803208,0.000773028,0.000816505,0.00112727,0.00240395,0.0251915,0.93733,0.020039,
0.021909,0.00267739,0.00133987,0.000863483,0.000663179,0.000550985,0.000525139,0.00049988,0.000562145,0.000704884,0.00168467,0.000592103,0.000579767,0.000575068,0.000731318,0.00103383,0.00186266,0.00393208,0.0377436,0.920969,


0.930398,0.0245294,0.00313265,0.00115721,0.000736407,0.000526005,0.000315603,0.00018118,0.000251314,0.000257158,0.000631206,0.000169491,0.000175335,0.000198713,0.000268847,0.000391582,0.000637051,0.00125072,0.00288134,0.031911,
0.0270551,0.937857,0.0213222,0.00238768,0.00103949,0.000566995,0.000459896,0.000440996,0.000497696,0.000762294,0.00169469,0.000488246,0.000355947,0.000333897,0.000324447,0.000346497,0.000377997,0.000579595,0.000919792,0.00218923,
0.00185593,0.0250443,0.946916,0.0181357,0.00233438,0.000987389,0.000591215,0.00040227,0.000252942,0.000155422,0.00120376,0.000112757,9.75199e-05,9.44724e-05,0.000112757,0.000164565,0.000191992,0.000262085,0.000362652,0.000722257,
0.000888483,0.00216568,0.0297044,0.934146,0.0249117,0.00317376,0.00131991,0.000542487,0.000427155,0.000328909,0.000760336,0.00013669,0.000149504,0.000128147,7.68879e-05,0.000119603,0.00013669,0.00016659,0.000269108,0.000448513,
0.000544287,0.00101026,0.00277335,0.0560295,0.915747,0.0168694,0.00238396,0.00119501,0.00064899,0.000448669,0.000734657,0.000220657,0.000170901,0.000117684,0.000125039,0.000136288,0.000135423,0.000152729,0.000241424,0.000314977,
0.000189335,0.000326439,0.00075081,0.0019619,0.035683,0.931072,0.0237027,0.00304241,0.00111642,0.000603912,0.000554946,0.00018607,0.000150162,0.000110989,6.20234e-05,8.16097e-05,6.52878e-05,0.000101196,7.83453e-05,0.000159955,
0.000106371,0.000152305,0.000287686,0.000594713,0.00180106,0.0291917,0.935234,0.0270546,0.00295181,0.00104196,0.000652734,0.000236918,0.000154722,0.000116042,6.28558e-05,7.01084e-05,5.80208e-05,7.49435e-05,7.7361e-05,7.97786e-05,
6.15903e-05,7.0389e-05,0.000151336,0.000216446,0.000524398,0.00156615,0.031133,0.927733,0.0338395,0.00278564,0.000980166,0.000343146,0.000172453,0.000109103,6.15903e-05,6.51098e-05,5.80709e-05,3.69542e-05,3.69542e-05,5.45514e-05,
3.69079e-05,3.57545e-05,6.11287e-05,8.65029e-05,0.000166086,0.00040022,0.00131023,0.0361144,0.929734,0.0286059,0.00237479,0.000549005,0.000193766,0.000123411,4.9595e-05,4.26748e-05,3.80613e-05,2.07607e-05,1.96073e-05,3.69079e-05,
3.17113e-05,2.87384e-05,4.06301e-05,6.63956e-05,8.72062e-05,0.000154593,0.000382518,0.00155782,0.0401337,0.921953,0.032958,0.00174511,0.000439004,0.000148647,7.92783e-05,6.14407e-05,3.66662e-05,3.27023e-05,2.27925e-05,3.96392e-05,
4.44377e-05,5.60301e-05,5.47421e-05,7.08427e-05,9.01634e-05,0.000118501,0.000182259,0.000386415,0.00132991,0.0359971,0.948197,0.0119183,0.00079215,0.000284659,0.000139753,9.66037e-05,6.82666e-05,6.89106e-05,5.60301e-05,4.76578e-05,
5.31946e-05,4.55954e-05,3.9896e-05,6.07939e-05,8.73912e-05,0.000125387,0.000155784,0.000334366,0.000949904,0.00372362,0.0543307,0.918285,0.0189677,0.00172503,0.000507249,0.000226077,0.000146285,9.68902e-05,8.16917e-05,5.69942e-05,
6.86489e-05,6.0411e-05,6.59029e-05,8.23787e-05,7.13948e-05,0.00014279,0.000134552,0.00027185,0.000527223,0.00116154,0.00370155,0.0345057,0.930939,0.024969,0.00194414,0.000642553,0.000315785,0.000181233,0.000123568,9.06165e-05,
0.0001238,0.000117108,0.000113762,8.69943e-05,9.70322e-05,9.03403e-05,0.000140529,0.000254291,0.000381437,0.000792987,0.00168635,0.00338943,0.0386456,0.9249,0.025583,0.00206779,0.000712684,0.000374745,0.000277713,0.000163951,
0.000112455,9.8824e-05,9.54163e-05,7.83776e-05,8.17854e-05,9.54163e-05,0.000115863,0.000136309,0.000255579,0.000327141,0.000851931,0.0011041,0.00278752,0.0341863,0.929307,0.0273913,0.00179587,0.000620206,0.00034418,0.000214687,
0.000177873,0.000146816,0.000115758,8.75246e-05,0.000121405,8.75246e-05,7.62311e-05,9.59948e-05,0.000169403,0.00023434,0.00104747,0.000536441,0.000844189,0.00236317,0.0338861,0.939289,0.0182757,0.00152462,0.000623966,0.000296454,
0.000363737,0.000299719,0.000165864,0.000104756,0.000101846,0.000128035,0.000101846,9.31166e-05,0.000125125,0.000154224,0.00116687,0.000352097,0.000445214,0.00083514,0.00210676,0.0232501,0.95041,0.0176311,0.00156261,0.000602348,
0.000782145,0.000487355,0.000306677,0.000175923,0.000156905,0.000147395,0.000235357,0.000235357,0.000290036,0.000413657,0.00153814,0.00049211,0.000442185,0.000641882,0.000862975,0.00222281,0.0234097,0.946293,0.0189522,0.00191376,
0.0022215,0.00104244,0.000531339,0.000349166,0.000232777,0.000232777,0.000197354,0.000172053,0.000161932,0.00014169,0.00109304,0.000283381,0.000364347,0.000379528,0.000632546,0.00114364,0.0027832,0.0269566,0.938729,0.0223517,
0.0275074,0.00342643,0.00117094,0.000676648,0.000484691,0.00040311,0.000494289,0.000465496,0.000844611,0.00107016,0.00211633,0.000796622,0.000743833,0.000695844,0.00058067,0.000835013,0.00147327,0.0035704,0.0310874,0.921557,


0.931331,0.0242653,0.00346303,0.00133936,0.000555049,0.000458519,0.000283558,0.00022926,0.000205127,0.000217193,0.000693812,0.000162895,0.000168928,0.000138762,0.000223226,0.000301657,0.00063348,0.00133333,0.00276318,0.0312336,
0.0270066,0.95254,0.013364,0.00111615,0.000644098,0.000482007,0.000317073,0.000187684,0.000136498,0.000160669,0.0012626,9.66858e-05,9.81077e-05,0.000125123,0.000137919,0.000147872,0.000216121,0.000375368,0.000482007,0.00110336,
0.00182021,0.0246181,0.951878,0.0140668,0.00146832,0.000840793,0.000554502,0.000399186,0.000274005,0.000248506,0.00138996,0.000167602,0.000125644,0.000130976,0.000151839,0.000153925,0.000210488,0.000292782,0.000451112,0.000756876,
0.00104333,0.00218269,0.028471,0.935152,0.0249394,0.00313871,0.00125286,0.000637346,0.000392884,0.000327404,0.000750846,0.000152788,0.000126596,0.000100404,0.0001135,0.00017025,0.000161519,0.00017025,0.000275019,0.000440904,
0.000359798,0.000683973,0.00198067,0.0281284,0.934666,0.0272805,0.00306363,0.00114708,0.000676848,0.000327737,0.000569977,0.000149619,0.000113995,0.000117558,6.76848e-05,7.12471e-05,8.90589e-05,0.000106871,0.000203054,0.00019593,
0.000149838,0.000328992,0.000752448,0.00199676,0.0343064,0.931693,0.0243585,0.00288927,0.00130945,0.000576551,0.000547235,0.000228015,0.000140066,0.000107493,0.000114007,9.77205e-05,9.44632e-05,9.44632e-05,0.000117265,9.77205e-05,
0.000144185,0.00014161,0.000301244,0.000610211,0.00184351,0.0270991,0.935315,0.0288447,0.00302016,0.00107624,0.000635959,0.000254898,0.000131311,0.000133886,5.92188e-05,8.49661e-05,6.43683e-05,4.89199e-05,8.49661e-05,0.000105564,
6.33835e-05,6.68096e-05,0.000137045,0.000274091,0.000503642,0.0015726,0.0310151,0.927715,0.033905,0.00278716,0.00105354,0.000311778,0.000152463,0.000118202,8.22273e-05,5.1392e-05,3.42614e-05,4.62528e-05,5.31051e-05,5.65312e-05,
4.25929e-05,4.02906e-05,4.37441e-05,8.86393e-05,0.000163465,0.000395999,0.00127088,0.0351069,0.930361,0.0290852,0.0022816,0.000567522,0.000223325,9.09416e-05,5.7558e-05,4.25929e-05,2.76278e-05,4.02906e-05,2.8779e-05,4.14418e-05,
3.86395e-05,4.65656e-05,2.97227e-05,6.539e-05,8.91681e-05,0.000182299,0.000359645,0.00162484,0.0389794,0.922488,0.0335322,0.00174373,0.00036658,0.000168429,8.42144e-05,5.64732e-05,3.76488e-05,3.76488e-05,3.46765e-05,3.46765e-05,
7.39199e-05,5.78503e-05,6.94204e-05,7.19915e-05,8.2276e-05,0.000123414,0.000179336,0.00038374,0.00132863,0.0348214,0.948903,0.012315,0.000812476,0.000264826,0.000130485,8.8061e-05,8.42044e-05,8.54899e-05,6.23498e-05,6.23498e-05,
5.21609e-05,4.05696e-05,5.79566e-05,5.0229e-05,6.95479e-05,0.000117845,0.000181597,0.00037865,0.000994921,0.00368797,0.0529955,0.919438,0.0190619,0.00171165,0.000504222,0.000233758,0.000181597,0.000104322,8.30711e-05,5.40928e-05,
7.4161e-05,8.51478e-05,6.04274e-05,7.4161e-05,8.78945e-05,0.000107121,0.000162055,0.000280164,0.000560327,0.00118108,0.0034581,0.0334768,0.931648,0.025396,0.00206827,0.000623501,0.00029115,0.000178536,9.06412e-05,9.61346e-05,
0.000111171,7.74828e-05,0.000117909,0.000124646,6.06387e-05,0.000121277,0.000185285,0.000205498,0.000282981,0.00048511,0.00138458,0.00330481,0.0390244,0.924441,0.026617,0.0020314,0.000731034,0.0003133,0.000245924,0.000134753,
0.000172263,6.89052e-05,8.26862e-05,5.16789e-05,6.89052e-05,6.54599e-05,8.26862e-05,0.000179153,0.000223942,0.000299737,0.000692497,0.000971563,0.00258739,0.032506,0.930413,0.0284888,0.0017812,0.00066149,0.000423767,0.000179153,
0.000139437,0.000163687,8.48747e-05,7.88122e-05,7.27498e-05,0.00012125,7.27498e-05,0.000115187,0.000178843,0.000257655,0.000742654,0.000412249,0.000924528,0.00243712,0.0335285,0.938972,0.0191362,0.0016399,0.000575936,0.000345561,
0.000385446,0.000283856,0.000197205,9.26266e-05,0.000104578,8.36628e-05,7.17109e-05,0.00010159,0.000125494,0.000194217,0.00118024,0.000364531,0.000516916,0.000815712,0.00200791,0.0239604,0.948789,0.0186508,0.00138342,0.000690218,
0.000938707,0.000505019,0.000342386,0.000282468,0.000205431,0.000245376,0.000245376,0.000299587,0.000362358,0.000656239,0.00174331,0.000641973,0.000599175,0.000650533,0.0011527,0.00238814,0.0233792,0.944502,0.0190081,0.00185174,
0.002161,0.00100213,0.000484443,0.000275468,0.000180479,0.00025647,0.000142483,0.000132984,0.000189978,0.000175729,0.00111137,0.000208975,0.000299215,0.000446448,0.00067917,0.00106388,0.00284492,0.0248063,0.942745,0.0207931,
0.0137888,0.000896011,0.000462568,0.000298099,0.000259552,0.000185884,0.000142197,0.000169608,0.000167038,0.000238993,0.0016464,0.000203016,0.000202159,0.000195306,0.000320371,0.000324654,0.000470277,0.000949121,0.0147448,0.964335,


0.915484,0.0194252,0.00254627,0.00127235,0.000839835,0.000648176,0.000508072,0.000488395,0.000523814,0.000624563,0.00129202,0.000401027,0.000360491,0.000349866,0.000420311,0.000566711,0.000833538,0.00135657,0.00363128,0.0484275,
0.0270442,0.941922,0.0187758,0.00199336,0.000942136,0.000495861,0.00046363,0.000416523,0.00042892,0.000580157,0.00173303,0.000342144,0.000280161,0.000314872,0.000220658,0.000270244,0.000381813,0.000510737,0.000857839,0.00202559,
0.00134458,0.0248373,0.951309,0.0160473,0.00170156,0.000686183,0.000436079,0.000267205,0.000241554,0.000132534,0.0011073,0.000102607,6.62669e-05,7.05422e-05,0.000106882,0.000115433,0.000183837,0.000282169,0.000329197,0.000632742,
0.000826483,0.00217259,0.0272044,0.9365,0.0248313,0.0030809,0.00141157,0.000621908,0.000413242,0.000237307,0.000826483,0.00016366,0.000171843,0.000175935,0.000139111,0.000102288,0.000188209,0.000192301,0.000261856,0.000478706,
0.000374215,0.00085535,0.00193879,0.0277347,0.9351,0.0273641,0.0029367,0.00110483,0.000605873,0.00035996,0.000534594,0.000178198,0.000121175,0.000110483,7.84071e-05,0.000110483,6.05873e-05,0.000103355,0.000146122,0.000181762,
0.000212212,0.000349333,0.000636635,0.00206988,0.0333205,0.932507,0.0242509,0.00316359,0.00122756,0.000532162,0.000662753,0.000208947,0.000166505,9.79438e-05,0.000111003,8.48847e-05,6.20311e-05,0.000107738,0.000120797,0.000107738,
9.79556e-05,0.000170133,0.000337689,0.0006032,0.00186116,0.026332,0.935208,0.0296883,0.00299538,0.00103884,0.000688267,0.000250044,0.000157244,0.000121156,5.41333e-05,7.99111e-05,5.15556e-05,7.99111e-05,0.000100533,8.50667e-05,
8.00936e-05,8.7213e-05,0.000113911,0.000272318,0.00050014,0.00147728,0.0299746,0.927533,0.0352625,0.00282285,0.000950443,0.000345292,0.000202904,9.61123e-05,6.05151e-05,3.02576e-05,4.44964e-05,5.69554e-05,4.09367e-05,4.80561e-05,
3.68929e-05,3.45871e-05,5.53394e-05,9.68439e-05,0.00017063,0.000365471,0.00130393,0.0342055,0.930342,0.0298983,0.00235308,0.00056377,0.000193688,0.000117596,6.22568e-05,5.07278e-05,5.18807e-05,2.30581e-05,3.80458e-05,3.68929e-05,
2.18023e-05,3.56765e-05,4.55867e-05,6.838e-05,8.32452e-05,0.000181356,0.000399379,0.00155193,0.0380232,0.922397,0.0344923,0.0018532,0.000375594,0.000188293,8.22542e-05,5.74788e-05,3.96406e-05,3.86496e-05,2.47754e-05,4.06316e-05,
5.21283e-05,5.53461e-05,5.66332e-05,6.88608e-05,8.36627e-05,0.000129355,0.000181484,0.000346878,0.00134246,0.0338165,0.949926,0.0123892,0.000769697,0.000284453,0.000124207,0.000109405,7.78706e-05,7.594e-05,5.47025e-05,5.53461e-05,
3.5014e-05,3.69592e-05,6.41923e-05,7.58637e-05,6.03019e-05,0.000112823,0.00017118,0.000385154,0.000968721,0.00359866,0.052628,0.919688,0.0193803,0.00170985,0.000505758,0.000198413,0.000147837,9.53159e-05,8.16993e-05,5.64115e-05,
7.67361e-05,7.67361e-05,8.22172e-05,5.75521e-05,7.94767e-05,0.000104142,0.000167175,0.000254873,0.000490563,0.00123874,0.00369155,0.0332651,0.931384,0.0257696,0.00183893,0.000698846,0.000359015,0.000164434,0.000112364,8.76984e-05,
0.000127929,9.76299e-05,9.76299e-05,7.74306e-05,8.41638e-05,0.000127929,0.000134662,0.000188527,0.000329922,0.00057568,0.00144762,0.00318812,0.0373014,0.925081,0.0276394,0.00209736,0.000686776,0.000373687,0.000201993,0.000141395,
0.000151544,6.54396e-05,6.19954e-05,6.19954e-05,7.2328e-05,8.26606e-05,0.000113658,0.000175654,0.000230761,0.000261758,0.000812829,0.00104359,0.00266236,0.0327336,0.929225,0.0289588,0.00197697,0.000706059,0.000337531,0.000265203,
0.000229061,0.000123817,7.73855e-05,8.35763e-05,9.90534e-05,8.97672e-05,9.28626e-05,0.00010834,0.000164057,0.000253824,0.000640752,0.000504553,0.000984343,0.00247324,0.0339382,0.937909,0.0194857,0.00169629,0.000640752,0.0004055,
0.000346427,0.000264722,0.00017975,9.47771e-05,0.000120923,0.000127459,9.80453e-05,9.80453e-05,0.000147068,0.000137263,0.0010164,0.000388913,0.000477154,0.00101967,0.00227792,0.0235276,0.947471,0.0197431,0.00171579,0.000748413,
0.000907416,0.000485788,0.000290251,0.000293306,0.000204703,0.00021998,0.000207759,0.000247477,0.000430793,0.000678271,0.00173234,0.000546894,0.000574391,0.000693547,0.00095019,0.00247477,0.0234676,0.941183,0.0223004,0.00211119,
0.00235317,0.00106501,0.000562935,0.000415862,0.000228217,0.000187645,0.00013693,0.000111573,0.000182573,0.000167359,0.00104473,0.000284003,0.000370218,0.000471648,0.000639007,0.00116644,0.00272339,0.0252661,0.941166,0.0214574,
0.0265932,0.00324624,0.00133029,0.000744627,0.000501995,0.000468529,0.000552195,0.000560562,0.000573111,0.000895225,0.00204145,0.000870125,0.000656777,0.000556378,0.000644227,0.000778093,0.00133447,0.00341357,0.0372564,0.916983,


0.931884,0.0252952,0.00289778,0.00140059,0.000742556,0.000476926,0.00026563,0.000211297,0.000211297,0.000193185,0.000748593,0.000181111,0.000193185,0.000187148,0.000271667,0.000404482,0.000585593,0.00120137,0.00268648,0.0299618,
0.0270196,0.943435,0.0181532,0.00180086,0.000888001,0.000576184,0.000411237,0.000413497,0.000427054,0.00059652,0.00169466,0.000368306,0.000237252,0.000239512,0.000255329,0.000207878,0.000300519,0.000483543,0.000666566,0.00182571,
0.00215483,0.0250636,0.942567,0.0214499,0.00266207,0.00121504,0.000633078,0.000369623,0.000306709,0.00023593,0.000869008,0.000192676,0.000137626,0.000125829,0.000121897,0.000196608,0.00020054,0.000255591,0.000405013,0.000837551,
0.00105645,0.00254594,0.0374202,0.925746,0.0252728,0.00291925,0.00113112,0.000716747,0.000444234,0.000261314,0.000545026,0.000153055,0.00013439,0.00013439,0.000130657,0.000156788,0.000149322,0.000238916,0.000339708,0.000503963,
0.000377492,0.000701564,0.00204059,0.0272471,0.934666,0.0281837,0.00306267,0.00123575,0.00057336,0.000302705,0.000576921,0.000138888,0.00011396,0.000103276,6.76636e-05,8.54698e-05,7.12248e-05,0.000135327,0.000103276,0.000213674,
0.000210973,0.000399225,0.000688095,0.00200911,0.0325709,0.932599,0.0250441,0.00301204,0.00120741,0.00062318,0.000626426,0.000191498,0.000146058,0.000152549,9.73719e-05,8.76347e-05,7.78975e-05,6.16689e-05,8.76347e-05,0.000107109,
9.54238e-05,0.000180531,0.000278534,0.000598333,0.00162994,0.0264195,0.934792,0.0303731,0.00296845,0.00108319,0.000688599,0.000232112,0.000175373,9.02657e-05,6.96336e-05,5.41594e-05,3.86853e-05,6.96336e-05,7.73706e-05,8.51077e-05,
3.9765e-05,7.77226e-05,0.000146408,0.00025305,0.000569363,0.00153457,0.0286579,0.927617,0.0361807,0.00293177,0.00105016,0.000327158,0.000182558,0.000126525,6.8685e-05,6.1455e-05,2.34975e-05,3.2535e-05,5.784e-05,6.1455e-05,
3.00075e-05,3.69323e-05,4.50113e-05,0.000105026,0.000205436,0.000410872,0.00135726,0.0334445,0.930139,0.0307404,0.00237175,0.000579376,0.00022044,0.000107335,6.46315e-05,3.92406e-05,3.92406e-05,2.76992e-05,1.84662e-05,1.7312e-05,
3.56307e-05,3.06819e-05,4.45383e-05,6.33434e-05,9.20459e-05,0.000155389,0.000404804,0.0015727,0.0368401,0.922819,0.0352575,0.00184587,0.000395896,0.000177164,8.11587e-05,5.24562e-05,4.75075e-05,3.16717e-05,3.16717e-05,2.07845e-05,
5.72824e-05,5.34207e-05,6.56495e-05,7.14421e-05,7.98092e-05,0.000116496,0.000189225,0.000339833,0.00132715,0.0326857,0.950727,0.0126446,0.000868247,0.00027547,0.000139666,8.94635e-05,7.85219e-05,7.40166e-05,5.72824e-05,5.92133e-05,
5.25784e-05,6.42625e-05,5.64731e-05,5.64731e-05,7.78939e-05,0.000110999,0.000196682,0.000430364,0.000956148,0.00367854,0.0508316,0.920846,0.0198649,0.0016124,0.000541363,0.000223945,0.000155788,0.000107104,6.81572e-05,6.81572e-05,
7.14523e-05,6.87042e-05,6.87042e-05,7.96968e-05,7.69487e-05,0.000126416,0.000170386,0.000285809,0.000502914,0.00122843,0.00365506,0.0320876,0.931623,0.0267122,0.00187975,0.000640323,0.000313291,0.00016489,0.000123667,0.000120919,
0.00013061,7.36777e-05,0.000127261,8.37246e-05,6.02817e-05,0.000123912,0.00013061,0.000190892,0.000371737,0.000643005,0.00167114,0.00367049,0.0372005,0.924038,0.027897,0.00211656,0.000743475,0.000378435,0.000227731,0.000120563,
0.000102723,7.2872e-05,5.44345e-05,2.89732e-05,5.97024e-05,7.4628e-05,7.72619e-05,7.2872e-05,0.000128185,0.000211592,0.00122653,0.000495179,0.00102109,0.0156166,0.96309,0.0163207,0.000643557,0.000337143,0.000227396,0.00013872,
0.000197921,0.000116239,0.000122522,7.22568e-05,8.16816e-05,8.79648e-05,0.000103673,0.000125664,0.000147655,0.000182213,0.000879648,0.000436683,0.000870224,0.00249443,0.0335523,0.938117,0.0198455,0.00166191,0.000612612,0.000292169,
0.000395909,0.000273837,0.000201254,0.000151765,0.000115473,9.23788e-05,7.91818e-05,8.90795e-05,0.000112174,0.000158364,0.00114484,0.000320026,0.000419004,0.000950181,0.00241834,0.0235434,0.947338,0.0198812,0.00158034,0.000735731,
0.000891882,0.000403405,0.0003101,0.000252471,0.000194842,0.000189353,0.000244238,0.000392428,0.000419871,0.00054885,0.00177553,0.000603736,0.000493965,0.000738204,0.00111417,0.00254667,0.0233646,0.943504,0.0200797,0.00193195,
0.00229741,0.00100065,0.000576904,0.000352269,0.00021953,0.000188898,0.000194003,0.000163371,0.000102107,0.000260373,0.0009547,0.000214425,0.000316532,0.000485008,0.000745381,0.00113339,0.00279773,0.0250724,0.940599,0.0223257,
0.0272421,0.00286104,0.00138119,0.000557624,0.000458967,0.000424652,0.000428942,0.000424652,0.00058336,0.000784963,0.00178011,0.000557624,0.000458967,0.000561913,0.000506151,0.000754937,0.00120962,0.00286962,0.0281471,0.928006,


0.930978,0.0259896,0.00311682,0.0014288,0.000753584,0.000446122,0.000313491,0.000265262,0.000247176,0.00022909,0.000602867,0.000241147,0.000192918,0.00018086,0.000289376,0.000355692,0.000602867,0.00120573,0.00280333,0.0297575,
0.0268359,0.940945,0.019343,0.00215125,0.000979261,0.000705797,0.000440147,0.000356805,0.000487026,0.000604225,0.00169027,0.000487026,0.000304717,0.000299508,0.000255233,0.000263046,0.00035941,0.000546928,0.000815183,0.00213041,
0.00146664,0.0246891,0.950094,0.0165447,0.00183676,0.000927029,0.000499835,0.00029575,0.000212732,0.000172953,0.00111728,0.000129715,0.000121067,0.000126256,0.000126256,0.000157387,0.00018506,0.000290561,0.000397792,0.000608795,
0.0008028,0.00218643,0.0278279,0.936002,0.0252863,0.00280795,0.00122825,0.000665917,0.000458743,0.000295963,0.000832396,0.000114686,0.000125784,9.98875e-05,9.98875e-05,0.000133183,0.000129484,0.000177578,0.00031816,0.000406949,
0.000348839,0.000786667,0.00207879,0.0263302,0.935255,0.0286724,0.00282631,0.00109991,0.000690559,0.000313243,0.000494782,0.000188658,8.89895e-05,6.7632e-05,7.11916e-05,0.000103228,0.000110347,8.89895e-05,0.000124585,0.000259849,
0.000180809,0.000298176,0.00072958,0.00196987,0.0316828,0.933649,0.025069,0.00305472,0.0012276,0.000536082,0.000643933,0.000215702,0.000117367,0.000101507,8.56463e-05,5.07534e-05,8.24742e-05,7.93021e-05,8.56463e-05,0.000139572,
0.00010726,0.000173999,0.000305094,0.000622105,0.00172569,0.0265003,0.934588,0.030221,0.00303187,0.00106068,0.000657859,0.000288409,0.000152547,0.000100109,7.8657e-05,8.58077e-05,5.00545e-05,7.15064e-05,7.38899e-05,0.000104876,
8.91488e-05,0.000120316,0.000182423,0.000325657,0.000792026,0.00262679,0.0701665,0.90184,0.0179505,0.00324373,0.00136679,0.000459036,0.000240175,0.000146671,8.84612e-05,7.53983e-05,6.53146e-05,6.66897e-05,7.40233e-05,8.04401e-05,
3.84869e-05,4.94831e-05,4.67341e-05,0.000100799,0.000169526,0.000415108,0.00145975,0.0345777,0.931089,0.0286581,0.00222674,0.000565391,0.000235503,0.000124624,6.59775e-05,4.12359e-05,4.58177e-05,2.93233e-05,2.8407e-05,3.20724e-05,
3.07063e-05,2.87253e-05,4.06116e-05,5.34884e-05,0.000104996,0.000167399,0.000372438,0.00152244,0.0357907,0.92257,0.0366099,0.00183049,0.000465547,0.00014957,8.22137e-05,5.05169e-05,3.46684e-05,3.36779e-05,2.37726e-05,3.86305e-05,
5.39848e-05,5.07714e-05,5.46275e-05,7.19798e-05,9.64015e-05,0.000113111,0.000165811,0.000359899,0.00131427,0.0318138,0.951292,0.0130039,0.000842549,0.000258999,0.000139461,0.000105399,7.84065e-05,7.19798e-05,6.3625e-05,4.88434e-05,
4.87231e-05,4.67741e-05,6.82123e-05,6.23655e-05,5.26209e-05,0.000130578,0.000169556,0.000344959,0.00092184,0.00377896,0.049411,0.922043,0.0201363,0.00164684,0.000547647,0.000228024,0.000136425,9.35483e-05,6.23655e-05,7.01612e-05,
9.91569e-05,8.26307e-05,4.95784e-05,6.05959e-05,5.78415e-05,0.000104666,0.000140472,0.000267173,0.000526082,0.00121467,0.00365503,0.0315484,0.931915,0.0270203,0.00191428,0.000586678,0.000355312,0.000192805,0.000123946,8.53851e-05,
0.000121636,9.12273e-05,8.10909e-05,6.08182e-05,8.10909e-05,9.12273e-05,9.12273e-05,0.000223,0.000337879,0.00061494,0.00155762,0.00320985,0.0360821,0.92516,0.028615,0.0021658,0.000733197,0.00036153,0.000175697,0.000145288,
0.000110131,7.57151e-05,9.63646e-05,8.94815e-05,6.88319e-05,7.22735e-05,8.60399e-05,0.000110131,0.000230587,0.000330393,0.000760592,0.00104624,0.00272574,0.0307644,0.929482,0.0307334,0.00203398,0.000677994,0.000313185,0.000192729,
0.000226945,0.000111828,0.000121695,0.00010525,0.000101961,9.20934e-05,8.22263e-05,0.000131562,0.000157874,0.000236812,0.000736748,0.000539404,0.000920934,0.00273649,0.0341009,0.936035,0.0207375,0.00182871,0.000651232,0.00034535,
0.000468988,0.000255812,0.000144304,0.000111508,0.000127906,0.000131185,0.000121346,0.000141024,0.000124626,0.000154143,0.000951094,0.000413234,0.000528021,0.000970772,0.0023187,0.0235773,0.947077,0.0200812,0.00161686,0.000685444,
0.00100554,0.00059375,0.000383065,0.000233031,0.000169187,0.000172379,0.000252184,0.000357527,0.000395834,0.000667171,0.00175252,0.000600135,0.000606519,0.000724631,0.00103108,0.00255376,0.0235457,0.940919,0.021972,0.00206536,
0.00219712,0.00114959,0.000650003,0.000435126,0.000268596,0.000193389,0.000247109,0.000134298,0.000177274,0.000225621,0.000950831,0.000284712,0.000424382,0.000424382,0.000607028,0.00120868,0.00278803,0.0250761,0.938991,0.0235666,
0.0273973,0.00278361,0.00118791,0.000811149,0.000398926,0.000398926,0.000452116,0.000483143,0.000607253,0.00103721,0.00208771,0.000695903,0.000571793,0.000523036,0.000571793,0.000753526,0.0012544,0.00313378,0.0278583,0.926992,


0.931893,0.0257982,0.00326011,0.00119096,0.000739841,0.000445107,0.000252629,0.000228569,0.000180449,0.000240599,0.000607511,0.000174434,0.000192479,0.000228569,0.000282703,0.000378943,0.000727811,0.00113683,0.00282102,0.0292207,
0.0267707,0.935885,0.0220715,0.00239318,0.00117883,0.000736363,0.000555502,0.000555502,0.000581339,0.000936602,0.00210251,0.000497368,0.000397248,0.000297129,0.000277751,0.000297129,0.000432775,0.000645932,0.000978587,0.00240933,
0.00186117,0.0249879,0.942296,0.0219455,0.00266159,0.00107629,0.000613914,0.00040021,0.000279758,0.000260331,0.00100247,0.00014765,9.71383e-05,0.00014765,0.000167078,0.000151536,0.000186506,0.000349698,0.00047792,0.000889787,
0.00084676,0.0020531,0.0251167,0.938724,0.0254763,0.00290759,0.00104008,0.000684367,0.000305452,0.000317052,0.000823561,0.000154659,9.66621e-05,0.00013146,0.000123727,0.000127594,0.000123727,0.000212657,0.000328651,0.000405981,
0.00036626,0.000729159,0.0017977,0.0256147,0.93701,0.0281482,0.00261758,0.00111558,0.000584672,0.000332658,0.00056115,0.000154568,9.40851e-05,9.40851e-05,7.3924e-05,8.73647e-05,0.000110886,0.000110886,0.000117606,0.000278895,
0.000200241,0.00036104,0.000640164,0.00203882,0.0299876,0.935492,0.0248875,0.00296721,0.0011256,0.000573417,0.000709945,0.000266988,0.000127426,0.000121358,7.28149e-05,6.97809e-05,8.49507e-05,7.88828e-05,9.10186e-05,0.000103154,
0.000115902,0.000172566,0.000337405,0.000618146,0.00172308,0.0252461,0.935035,0.0313451,0.00280741,0.000983882,0.000651629,0.000236956,0.000193171,0.000136507,7.46926e-05,6.95414e-05,5.66634e-05,6.18146e-05,6.69658e-05,6.69658e-05,
6.95021e-05,8.3759e-05,0.000139004,0.000251277,0.0005079,0.00148271,0.0273589,0.927039,0.0382458,0.00294047,0.000924913,0.0003386,0.000196032,0.000110491,7.48484e-05,5.16811e-05,4.45526e-05,4.81168e-05,4.9899e-05,4.27705e-05,
3.78611e-05,5.40873e-05,4.97603e-05,0.000100602,0.000157935,0.000371039,0.0012505,0.0323821,0.931524,0.0306946,0.0022641,0.00057008,0.000205532,0.000103848,6.49048e-05,4.21881e-05,4.00246e-05,1.94714e-05,3.46159e-05,3.24524e-05,
2.07405e-05,1.61315e-05,2.56787e-05,3.2263e-05,5.93683e-05,0.000114896,0.000301121,0.00130775,0.0706204,0.916178,0.010078,0.000816671,0.000199723,8.73515e-05,4.30173e-05,2.79832e-05,2.20574e-05,1.73386e-05,1.47049e-05,1.70094e-05,
5.14962e-05,5.85769e-05,5.98643e-05,7.08073e-05,8.94746e-05,0.000119729,0.000162857,0.000368841,0.00131251,0.0309582,0.951764,0.0133845,0.000822008,0.000280654,0.000148695,9.84865e-05,7.1451e-05,6.0508e-05,6.56576e-05,5.21399e-05,
1.28382e-05,1.34801e-05,1.26456e-05,1.52774e-05,1.8166e-05,2.86933e-05,4.62175e-05,9.37188e-05,0.00029913,0.00128266,0.0712531,0.919357,0.00653913,0.000683762,0.000177488,7.51676e-05,3.56902e-05,2.29162e-05,1.91289e-05,1.34159e-05,
7.13852e-05,7.9622e-05,6.04029e-05,6.58941e-05,8.78587e-05,0.000131788,0.000170226,0.00023612,0.00054088,0.00116687,0.00357201,0.0313711,0.931687,0.0274366,0.00194113,0.000653449,0.000293778,0.000172972,0.000159244,0.000101587,
0.000126754,0.000103404,0.000126754,9.67331e-05,0.000103404,0.00016011,0.000176788,0.000206809,0.000360247,0.000793878,0.00155774,0.00364584,0.0347205,0.925422,0.0290633,0.00190798,0.00069381,0.000340234,0.000236829,0.000156774,
0.000144287,0.000116804,0.000116804,8.93204e-05,7.21434e-05,0.000106497,8.93204e-05,0.000116804,0.00021643,0.000329798,0.000855414,0.0011062,0.00272427,0.0306438,0.928953,0.0311866,0.00193069,0.000645855,0.00034354,0.000212995,
0.000135979,7.93836e-05,7.00443e-05,6.76161e-05,6.79897e-05,6.44408e-05,6.72426e-05,8.89096e-05,0.000109082,0.000171469,0.000710156,0.000343497,0.00058912,0.00169974,0.0340617,0.946761,0.0133824,0.000917488,0.000375811,0.000237217,
0.00037544,0.000199558,0.000118382,0.000125147,0.000138676,0.000145441,0.000118382,0.000108235,0.000145441,0.000240146,0.000977497,0.000388969,0.000473528,0.000872645,0.00259426,0.0235005,0.9457,0.0213189,0.001725,0.000733969,
0.000600197,0.000355562,0.000308022,0.000211951,0.000203037,0.000194123,0.000222846,0.000329811,0.000375371,0.00048927,0.00172532,0.000602178,0.000566523,0.000678441,0.000829976,0.00197689,0.0234731,0.947079,0.0182288,0.00155001,
0.00213935,0.00112954,0.000614219,0.000411214,0.000260262,0.000197799,0.000176978,0.000182183,0.00010931,0.00020821,0.00100982,0.000187389,0.00031752,0.000390393,0.000676682,0.00116077,0.00273275,0.025183,0.939869,0.0230436,
0.0275828,0.00311523,0.00123074,0.000745813,0.000488001,0.00041741,0.00049107,0.000552454,0.000678291,0.000988279,0.00201953,0.000886996,0.000675221,0.00064146,0.000607699,0.00075502,0.00115708,0.00333621,0.0354982,0.918132,


0.932073,0.0267377,0.00323781,0.00140406,0.000695978,0.000508367,0.000320755,0.000254183,0.000199716,0.000229975,0.00067177,0.000157352,0.000260235,0.00021182,0.000332859,0.000381275,0.000611251,0.00107725,0.00278997,0.0278452,
0.0272104,0.935136,0.0231393,0.00243812,0.00117343,0.000837696,0.00060301,0.000524782,0.000501965,0.000850734,0.00139833,0.000462851,0.000391142,0.000312914,0.000309654,0.000316173,0.000440035,0.000423737,0.00087355,0.00265651,
0.00194686,0.0242597,0.943921,0.0213394,0.00256285,0.00112933,0.000577973,0.00040306,0.000254764,0.000224345,0.000817528,0.000174913,0.000125481,6.46417e-05,9.50614e-05,0.000144493,0.000209135,0.000338418,0.000524739,0.000885972,
0.000866564,0.00211366,0.0250814,0.938896,0.025168,0.0028672,0.00120189,0.000621666,0.000391838,0.000290111,0.000742231,0.000229828,0.000116798,9.04241e-05,0.000131868,0.000139404,0.000173313,0.000229828,0.000256202,0.000391838,
0.00036272,0.000725441,0.002017,0.0250345,0.937317,0.0282176,0.0026204,0.00114579,0.000518656,0.000311872,0.000569505,9.15276e-05,0.000149156,8.81377e-05,9.83074e-05,8.13579e-05,8.13579e-05,0.000135596,0.000189835,0.000244074,
0.000207271,0.000298714,0.000688871,0.00199041,0.0297739,0.93585,0.0251225,0.00278292,0.00106074,0.000579139,0.000640101,0.000185934,0.000118876,0.00011278,6.70582e-05,0.000131068,7.62026e-05,9.14431e-05,8.8395e-05,0.000134116,
0.000113504,0.000159938,0.000301818,0.000564941,0.00195021,0.0239494,0.935303,0.0317451,0.00307493,0.00104217,0.000724879,0.000319875,0.000165097,0.000121243,8.77078e-05,6.70706e-05,8.51281e-05,5.15928e-05,6.4491e-05,0.000108345,
4.52794e-05,0.000103237,0.000128593,0.000206474,0.000505318,0.00153588,0.0268199,0.926796,0.039096,0.00279645,0.00106678,0.000313333,0.000164817,0.000115915,6.70134e-05,6.15799e-05,4.1657e-05,4.34682e-05,4.89017e-05,4.34682e-05,
3.2272e-05,4.26452e-05,5.64761e-05,7.8375e-05,0.000155597,0.000380349,0.00128627,0.0305628,0.930912,0.0330074,0.00232589,0.00059588,0.000247803,9.91213e-05,5.64761e-05,3.57298e-05,3.80349e-05,2.76618e-05,2.18989e-05,3.68823e-05,
3.56925e-05,2.67694e-05,3.96584e-05,5.84961e-05,7.3368e-05,0.000158634,0.000387661,0.0015675,0.0340864,0.922718,0.0381355,0.0018689,0.00041443,0.000177471,7.13851e-05,5.75047e-05,4.26328e-05,3.6684e-05,1.68548e-05,2.67694e-05,
2.49202e-05,2.11061e-05,1.84876e-05,1.8528e-05,2.09226e-05,3.18696e-05,5.94807e-05,0.000171067,0.000960932,0.0594707,0.932083,0.00621789,0.000593054,0.000118554,4.89024e-05,2.93926e-05,2.66849e-05,2.82206e-05,2.88824e-05,2.7611e-05,
4.67024e-05,6.22699e-05,7.97833e-05,3.89187e-05,9.14589e-05,0.000110918,0.000196539,0.000356106,0.000959346,0.00373036,0.046465,0.92357,0.0215512,0.00158399,0.000535132,0.000270485,0.000110918,9.14589e-05,7.78374e-05,7.19996e-05,
8.80912e-05,3.85399e-05,7.98326e-05,6.33155e-05,7.98326e-05,9.35969e-05,0.000162418,0.000222981,0.000514783,0.00111215,0.00354016,0.0304851,0.932324,0.0279414,0.00196553,0.000630402,0.000289049,0.000151407,0.00011562,0.000101855,
7.29298e-05,5.96698e-05,5.52498e-05,5.63548e-05,7.40348e-05,7.73498e-05,8.06648e-05,0.00015028,0.000229839,0.000392274,0.0014155,0.0014155,0.0180877,0.958316,0.0176921,0.000909412,0.000402219,0.000205529,0.000188954,0.000118235,
