0.931307,0.0237564,0.00299738,0.00136026,0.000535677,0.000409281,0.000331036,0.000331036,0.00025881,0.000162509,0.000595865,0.000174546,0.000252791,0.00025881,0.000204641,0.000451413,0.00061994,0.00123988,0.00252189,0.0322309,
0.0269905,0.949943,0.0147252,0.00154106,0.000779143,0.000436473,0.000331184,0.000239294,0.000216322,0.00020675,0.00121753,0.000164635,0.000134005,0.00010529,0.000164635,0.000181864,0.000222065,0.000402015,0.000622166,0.00137642,
0.00176578,0.0247919,0.947698,0.018042,0.00232102,0.000878048,0.000542324,0.000409971,0.000203371,0.00015495,0.000765064,0.000187231,0.000138809,0.000132353,0.000132353,0.000203371,0.00017109,0.000248565,0.000439024,0.000774748,
0.00135022,0.00314803,0.0404523,0.927465,0.018148,0.00267654,0.00134384,0.000866517,0.00061219,0.000390782,0.00104226,0.000224593,0.000163534,0.000165127,0.000165127,0.000186365,0.000225655,0.000305298,0.000402994,0.000665816,
0.000373727,0.000718979,0.00228151,0.0296953,0.934762,0.0254277,0.00290795,0.00109982,0.000615759,0.000348812,0.000512539,0.00015305,0.000142372,0.000110338,8.54232e-05,0.000110338,0.000128135,0.000121016,0.000185084,0.000220677,
0.000305713,0.000503941,0.00103735,0.00356241,0.0854637,0.887466,0.0153643,0.00272061,0.00117162,0.000596023,0.000589996,0.000219993,0.000148336,0.00011887,0.000102462,0.000102797,9.24171e-05,0.000112173,0.000145992,0.000174789,
0.000238206,0.000306516,0.000569243,0.00145682,0.00526725,0.0765619,0.886604,0.0200755,0.00429034,0.00194462,0.0010728,0.000437441,0.000232076,0.000171211,0.000126109,0.000109908,0.000109032,0.000111221,0.000135743,0.000180406,
6.894e-05,6.71258e-05,0.000126995,0.000239476,0.000511607,0.00144593,0.0320154,0.92827,0.0324272,0.00297531,0.000923433,0.000364656,0.000185049,8.70821e-05,7.98253e-05,5.44263e-05,3.26558e-05,2.90274e-05,5.26121e-05,4.3541e-05,
4.4685e-05,4.35392e-05,6.53089e-05,8.47869e-05,0.000159262,0.000382687,0.00126837,0.0379628,0.929275,0.0273083,0.00228237,0.000540803,0.000222279,0.000122597,5.49969e-05,5.38512e-05,3.66646e-05,2.86442e-05,3.66646e-05,2.63527e-05,
8.72669e-05,0.000109775,0.000127347,0.000188552,0.000355781,0.000663387,0.00189401,0.00849707,0.0708497,0.893821,0.0195478,0.00205512,0.000766646,0.000357557,0.000213824,0.000130703,9.9508e-05,8.27259e-05,7.89746e-05,7.32489e-05,
0.000112346,0.000116732,0.000121364,0.000125527,0.000153959,0.000230507,0.000407847,0.00122002,0.00688674,0.0594375,0.923731,0.00553903,0.00081158,0.000322306,0.000189609,0.000134865,0.000120551,0.000112223,0.000108676,0.000118038,
5.52423e-05,4.57178e-05,4.1908e-05,8.1911e-05,6.66717e-05,0.000114294,0.000179061,0.000394316,0.00100198,0.00349169,0.0572748,0.916432,0.018028,0.0017468,0.000472417,0.000222874,0.000133343,9.33404e-05,6.28619e-05,6.0957e-05,
0.000270887,0.00021043,0.000167104,0.000145806,0.000166323,0.00022751,0.000385293,0.000858382,0.00227682,0.00807157,0.0208668,0.0731361,0.872905,0.015912,0.00199895,0.000863589,0.000485951,0.00038347,0.000346758,0.000320826,
0.000270601,0.00022684,0.000178555,0.000159308,0.000156067,0.000194493,0.000283095,0.000501629,0.0010822,0.00278502,0.00570626,0.00762465,0.0428934,0.919447,0.0150999,0.00138346,0.000753658,0.000507234,0.000404315,0.000342658,
0.000290925,0.000232756,0.000189051,0.000161373,0.000157073,0.000177636,0.000228925,0.000338383,0.000612734,0.00128457,0.00295507,0.00253186,0.00341964,0.0337469,0.935809,0.0150531,0.0012515,0.00072313,0.000469186,0.000366764,
0.000385761,0.000287337,0.000224675,0.000185924,0.000179534,0.000190355,0.000255491,0.000348143,0.000535922,0.000906842,0.00229313,0.00137011,0.00176401,0.00258459,0.0341014,0.935517,0.0161315,0.00147173,0.0007506,0.000516341,
0.000606669,0.000427416,0.000327894,0.000281907,0.000259553,0.000302694,0.000387123,0.000471553,0.00069779,0.00110684,0.00265234,0.00124196,0.00126417,0.00163947,0.00292158,0.0236112,0.9386,0.020208,0.00204055,0.000951648,
0.000804682,0.000522293,0.000368378,0.000293074,0.000230491,0.000225403,0.000255677,0.000308593,0.000373721,0.000488457,0.00184952,0.000588184,0.00067977,0.000817912,0.00135394,0.00275699,0.0235541,0.945671,0.0172347,0.00162285,
0.00198263,0.00108786,0.000598086,0.000367328,0.000254304,0.00021663,0.000240176,0.000226048,0.000291979,0.000244886,0.00108315,0.000197792,0.000414422,0.000395585,0.000579249,0.00116321,0.00240647,0.0251243,0.942975,0.0201513,
0.0274396,0.00312433,0.00128445,0.000704215,0.000476089,0.0005356,0.000515763,0.000505844,0.000580233,0.00103153,0.00188948,0.000818278,0.000729011,0.00073397,0.000609989,0.000813319,0.00123981,0.00361034,0.0312384,0.92212,


0.931035,0.0240853,0.00301368,0.00131999,0.000807667,0.000391779,0.000355614,0.000283286,0.000216985,0.000223012,0.000717256,0.00022904,0.000210958,0.000241095,0.000241095,0.000524381,0.000626846,0.00120547,0.0026882,0.0315834,
0.0270465,0.946157,0.0149967,0.00154003,0.000920917,0.000629307,0.000525102,0.000414576,0.000412944,0.000502875,0.00162894,0.000281414,0.000247155,0.000212896,0.000218402,0.000254904,0.00035503,0.000528773,0.000888289,0.00223806,
0.00218299,0.0256181,0.944959,0.0185636,0.00241278,0.00110955,0.000538362,0.000439881,0.000324987,0.000210092,0.00100122,0.000124742,0.000157569,0.000114894,0.000203527,0.0001707,0.00020681,0.000285594,0.000551492,0.000823956,
0.00105007,0.00218941,0.0289768,0.9349,0.0246745,0.00313745,0.00117761,0.000667452,0.000391118,0.000318846,0.000769483,0.000182805,0.000119036,0.000106282,0.000119036,0.000102031,0.000157298,0.000195559,0.000267831,0.0004974,
0.000244797,0.000371883,0.000762516,0.0175962,0.962435,0.0142972,0.00116148,0.000562512,0.00032084,0.000231255,0.00123336,0.000123961,7.60433e-05,5.31261e-05,6.3543e-05,7.39599e-05,8.64601e-05,8.021e-05,9.27103e-05,0.000133336,
0.000218737,0.000346061,0.000718241,0.00210575,0.0358565,0.930412,0.0237215,0.00308517,0.00126998,0.000620299,0.000603975,0.000202413,0.000143648,8.16183e-05,8.4883e-05,0.000107736,8.4883e-05,7.83535e-05,0.000111001,0.000146913,
0.000134282,0.000201423,0.000302135,0.000591358,0.00177666,0.0279359,0.935583,0.0276467,0.00303168,0.0010975,0.000668829,0.0003073,0.000214335,0.000103294,6.45588e-05,6.19764e-05,6.45588e-05,5.42294e-05,6.97235e-05,9.03823e-05,
6.3432e-05,6.16197e-05,0.000128676,0.00026279,0.000509268,0.00151874,0.0315638,0.928637,0.032595,0.0028635,0.000906171,0.00034072,0.000175797,9.06171e-05,7.61184e-05,6.16197e-05,3.26222e-05,2.71851e-05,4.16839e-05,4.34962e-05,
3.11689e-05,5.07938e-05,7.38818e-05,7.50362e-05,0.000166234,0.000390188,0.00133565,0.0367539,0.92972,0.0280105,0.00227533,0.000573739,0.000204329,0.000103896,7.38818e-05,4.61762e-05,3.57865e-05,2.42425e-05,2.53969e-05,3.00145e-05,
3.66315e-05,1.38605e-05,4.25717e-05,6.83127e-05,8.81135e-05,0.000171277,0.000409876,0.0015504,0.041147,0.921446,0.0323327,0.00181573,0.000437597,0.000164347,8.71235e-05,5.54422e-05,4.85119e-05,2.97012e-05,2.97012e-05,2.4751e-05,
5.32967e-05,5.71495e-05,6.67814e-05,7.76976e-05,8.28346e-05,0.00011751,0.00016888,0.000350602,0.00132856,0.036785,0.947613,0.0117189,0.000818072,0.000252999,0.0001387,0.000104025,7.9624e-05,6.80657e-05,5.07282e-05,6.74235e-05,
0.00020629,0.000165834,0.000133405,0.00012639,0.000149159,0.000245378,0.000532935,0.00134287,0.0050274,0.0320161,0.134772,0.801551,0.0185655,0.00289644,0.000862374,0.000382736,0.000257684,0.000251768,0.00026568,0.000249123,
5.24855e-05,4.69607e-05,6.62974e-05,8.01094e-05,6.62974e-05,0.00013812,0.000168506,0.000270714,0.000560766,0.0011602,0.00353863,0.0360769,0.930584,0.0238367,0.00195301,0.000712697,0.000259665,0.00018508,0.000143644,9.94461e-05,
0.000138125,0.000101067,6.7378e-05,0.000104436,8.08535e-05,0.000101067,0.000114543,0.000229085,0.000303201,0.00048849,0.00158675,0.00332173,0.0397799,0.92426,0.0257822,0.0020146,0.000741158,0.000330152,0.000218978,0.000235823,
0.00014627,8.84423e-05,8.1639e-05,9.52455e-05,8.50407e-05,8.50407e-05,9.86472e-05,0.000153073,0.000173483,0.000336761,0.000881021,0.000976267,0.00269749,0.0339482,0.930348,0.0265837,0.00191852,0.000683727,0.0004184,0.000200696,
0.000266569,0.000192837,9.35828e-05,7.65677e-05,8.22394e-05,8.22394e-05,8.22394e-05,0.000121941,0.00013612,0.000204181,0.000748662,0.000479257,0.000910305,0.0023027,0.0338826,0.940178,0.0178062,0.00151718,0.000521795,0.000314778,
0.000381836,0.000203646,0.000183847,0.000144249,7.91956e-05,0.000101823,8.2024e-05,0.000110308,0.000175362,0.000152734,0.000933377,0.000308297,0.000444061,0.000786299,0.00227687,0.0237361,0.949999,0.0177822,0.00149906,0.000619423,
0.000720498,0.000412093,0.000311063,0.000215352,0.000186106,0.00025789,0.000249914,0.00025789,0.000382847,0.000470583,0.00146492,0.000507805,0.00053705,0.000592882,0.000943825,0.00212693,0.023375,0.94672,0.0183953,0.0018717,
0.0019214,0.000879558,0.000546623,0.000404513,0.000354902,0.000380903,0.000468918,0.000566498,0.000775255,0.00121309,0.00293052,0.00107427,0.000803348,0.000773611,0.000816647,0.00112762,0.00240466,0.0251743,0.937341,0.020042,
0.0219317,0.00268174,0.00134175,0.000865115,0.000663529,0.000551276,0.000526004,0.00050132,0.00056303,0.000704669,0.0016791,0.000592416,0.000579486,0.000574785,0.000731117,0.00103732,0.00187128,0.00394004,0.0376848,0.920979,


0.930485,0.0245636,0.00312893,0.001158,0.00072521,0.000514665,0.000309969,0.000175454,0.000251484,0.000257333,0.000660877,0.000169606,0.000169606,0.000198848,0.000269029,0.000391847,0.000643331,0.00125742,0.00288914,0.0317806,
0.0270813,0.937846,0.0213072,0.00238461,0.00103953,0.000560715,0.000463062,0.000434711,0.000491413,0.00075917,0.00170419,0.000491413,0.000355959,0.000330759,0.000330759,0.000352809,0.00038116,0.000579615,0.000919824,0.00218616,
0.00185286,0.0248764,0.947117,0.0181293,0.0023374,0.000987377,0.000585113,0.000399217,0.000249892,0.000152373,0.0011946,0.000115804,9.75188e-05,9.44713e-05,0.000112756,0.00016761,0.00019199,0.000262082,0.000362648,0.000713106,
0.000888289,0.0021652,0.0297577,0.934049,0.0249404,0.00317307,0.00131108,0.000546639,0.000431333,0.000320297,0.000781524,0.00013666,0.000149472,0.000128119,7.68712e-05,0.000119577,0.00014093,0.000166554,0.00027332,0.000444145,
0.000543941,0.00101042,0.00277336,0.0560173,0.915756,0.0168734,0.00238304,0.00119563,0.000649094,0.000449173,0.000733044,0.000220259,0.000170928,0.000118135,0.000125059,0.00013631,0.000135444,0.000152321,0.000241463,0.00031546,
0.000193017,0.000323877,0.000752441,0.00196289,0.0356657,0.931047,0.0237248,0.00305229,0.00111557,0.000611767,0.000549609,0.000186474,0.000150488,0.00011123,6.54296e-05,8.1787e-05,6.54296e-05,0.000101416,7.85155e-05,0.000160303,
0.000106706,0.000155209,0.000291017,0.00059901,0.00180673,0.0288349,0.935506,0.0271228,0.00295867,0.00104524,0.000640237,0.000237664,0.000157634,0.000116407,5.82034e-05,7.03291e-05,5.82034e-05,7.51794e-05,8.00297e-05,8.00297e-05,
6.16719e-05,7.04822e-05,0.000151537,0.000218495,0.000525093,0.00156647,0.0310263,0.927795,0.0338755,0.0027911,0.000979703,0.000343601,0.000172681,0.000107485,6.3434e-05,6.51961e-05,5.81478e-05,3.70032e-05,3.70032e-05,5.46237e-05,
3.69555e-05,3.46458e-05,6.12076e-05,8.66145e-05,0.000167455,0.000399581,0.00131077,0.035967,0.929862,0.0286301,0.00236862,0.000550868,0.000194016,0.00012357,4.9659e-05,4.27298e-05,3.81104e-05,2.07875e-05,1.84778e-05,3.69555e-05,
3.17068e-05,2.87343e-05,4.06243e-05,6.63861e-05,8.71937e-05,0.000155562,0.000382463,0.0015576,0.0400259,0.922061,0.0329612,0.00174487,0.000438941,0.000147635,7.82762e-05,6.04411e-05,3.76518e-05,3.26976e-05,2.27893e-05,3.86427e-05,
4.63319e-05,5.66279e-05,5.40539e-05,7.14284e-05,9.07334e-05,0.000119047,0.000178893,0.000388673,0.00132818,0.0361183,0.948089,0.0119131,0.00079086,0.00028314,0.000138996,9.52378e-05,6.69239e-05,6.75674e-05,5.46974e-05,4.82624e-05,
5.47235e-05,4.71754e-05,3.58533e-05,6.03845e-05,8.68028e-05,0.000124543,0.000154735,0.000335889,0.000945395,0.00369855,0.0544838,0.918245,0.018906,0.00170586,0.00050572,0.000226442,0.000149074,9.62379e-05,8.11417e-05,5.66105e-05,
6.8873e-05,5.78533e-05,6.61181e-05,8.26476e-05,7.43828e-05,0.000148766,0.000134991,0.000272737,0.000517925,0.00116533,0.00371363,0.0352602,0.930135,0.0249981,0.00195048,0.000639141,0.000325081,0.000176315,0.000121216,9.09123e-05,
0.000123904,0.000117207,0.000113858,8.70678e-05,9.7114e-05,9.04165e-05,0.000137299,0.000257855,0.00037841,0.000786959,0.00167103,0.0033856,0.0380821,0.92544,0.0256247,0.00207623,0.000709937,0.000381759,0.000274598,0.000164089,
0.0001087,9.85095e-05,9.51126e-05,8.49219e-05,9.17157e-05,9.51126e-05,0.000115494,0.000142669,0.000247972,0.000332894,0.000856013,0.00110399,0.00279563,0.0350252,0.928479,0.0273313,0.00180374,0.000625025,0.000349878,0.0002174,
0.000177802,0.000149579,0.000115712,8.46676e-05,0.000121357,8.74898e-05,7.62008e-05,9.59566e-05,0.000169335,0.000234247,0.00103577,0.00053905,0.000841031,0.00236505,0.0339912,0.939178,0.0182854,0.00152966,0.000623718,0.000299159,
0.00036611,0.00029928,0.000165621,0.000107508,0.000101697,0.000127848,0.000101697,9.29803e-05,0.000124942,0.000156904,0.00117097,0.000348676,0.000438751,0.000833917,0.00210368,0.0233119,0.950375,0.017611,0.00156323,0.000598561,
0.000783677,0.000489204,0.000311096,0.000170984,0.000156735,0.000147236,0.000235103,0.000237478,0.000289723,0.000413211,0.00156973,0.000493954,0.000441709,0.00063644,0.000864419,0.00222754,0.0235151,0.946157,0.0189436,0.00191645,
0.00223688,0.00106063,0.000542883,0.000361922,0.000226201,0.000221174,0.000196041,0.000175934,0.000160854,0.000140747,0.00114106,0.000281495,0.000377002,0.000397109,0.00063839,0.00115111,0.00286019,0.0275664,0.9379,0.0223638,
0.0275719,0.00342846,0.00117327,0.000677999,0.00048085,0.000408723,0.000495276,0.000466425,0.000846296,0.0010723,0.00208689,0.00080302,0.000745318,0.000697233,0.000586637,0.000831871,0.00148102,0.00359676,0.0307215,0.921828,


0.931398,0.024316,0.0034651,0.00134016,0.000567455,0.000458793,0.000283727,0.000229397,0.00020525,0.000217323,0.0007063,0.000156956,0.000156956,0.000138845,0.000217323,0.000283727,0.000627822,0.00134016,0.00276483,0.0311255,
0.0270383,0.952518,0.0133521,0.0011148,0.000645563,0.000479196,0.000318516,0.000186275,0.000136507,0.00016068,0.00126695,9.66923e-05,9.81142e-05,0.000125131,0.000136507,0.000149304,0.000214714,0.000373972,0.000482039,0.00110627,
0.00181992,0.024618,0.95188,0.0140656,0.00146873,0.000840303,0.000554484,0.000399173,0.000274229,0.000248498,0.00139038,0.000167365,0.000126103,0.00013074,0.000152066,0.00015392,0.00021025,0.000292541,0.000450866,0.000757084,
0.00104298,0.0021907,0.0285881,0.934973,0.0249312,0.0031464,0.00126554,0.000637134,0.000397118,0.000327295,0.000772416,0.000152738,0.000126554,0.00010037,0.000117826,0.000170193,0.000161466,0.000170193,0.00028802,0.000440757,
0.000360261,0.000681286,0.00198322,0.0279934,0.9348,0.0272978,0.00306401,0.00115212,0.000674153,0.000328159,0.000545743,0.000149812,0.000114142,0.000121276,7.13389e-05,7.13389e-05,8.56067e-05,0.000107008,0.000203316,0.000196182,
0.000150151,0.00032315,0.000747489,0.00200418,0.0342898,0.931659,0.0244027,0.00289203,0.00131219,0.000577754,0.000548376,0.000231754,0.000140358,0.000107717,0.000114245,9.79243e-05,9.46602e-05,9.46602e-05,0.000114245,9.79243e-05,
0.000147185,0.000144603,0.000296953,0.000611981,0.00185144,0.0269401,0.935378,0.0289206,0.00302892,0.00108194,0.00062231,0.000255638,0.000134274,0.000136856,5.68084e-05,8.26303e-05,6.45549e-05,4.90618e-05,8.77947e-05,0.000108452,
6.34926e-05,6.69246e-05,0.000137281,0.000274563,0.000504509,0.00157187,0.030854,0.927811,0.0339582,0.00279711,0.00105535,0.000312315,0.000152725,0.000120121,8.06528e-05,5.14805e-05,3.43203e-05,4.63324e-05,5.14805e-05,5.66285e-05,
4.26474e-05,4.03421e-05,4.49527e-05,9.22106e-05,0.000161369,0.000397658,0.0012679,0.0350043,0.930426,0.0291201,0.00228682,0.000567095,0.000219,9.1058e-05,5.76316e-05,4.14948e-05,2.76632e-05,4.03421e-05,2.99685e-05,4.14948e-05,
3.76376e-05,4.65517e-05,2.97139e-05,6.438e-05,9.0132e-05,0.000182245,0.000359538,0.00162436,0.0389588,0.92251,0.0335351,0.0017442,0.0003635,0.000168379,8.41893e-05,5.64563e-05,3.76376e-05,3.76376e-05,3.46662e-05,3.46662e-05,
7.38388e-05,5.71448e-05,7.06285e-05,7.44809e-05,8.09017e-05,0.000123921,0.000181708,0.000378825,0.00132396,0.0349283,0.948803,0.012317,0.000809659,0.00026582,0.0001297,8.86066e-05,8.28279e-05,8.66804e-05,5.97131e-05,6.35656e-05,
5.17986e-05,4.02878e-05,5.7554e-05,4.98801e-05,6.90648e-05,0.000109353,0.000182254,0.000377938,0.000984173,0.00365851,0.0531338,0.919398,0.0190312,0.00169976,0.000504556,0.000234053,0.000180336,0.000103597,8.2494e-05,5.17986e-05,
7.16872e-05,8.82304e-05,6.06584e-05,7.16872e-05,8.82304e-05,0.000104774,0.000165432,0.000281234,0.000562468,0.00119111,0.0034465,0.0342637,0.930836,0.0254076,0.00208168,0.000623127,0.000292263,0.000179218,9.09875e-05,9.37447e-05,
0.000111209,7.75092e-05,0.000117949,0.000117949,6.06594e-05,0.000121319,0.000185348,0.000208938,0.000279707,0.000485275,0.00138843,0.00330257,0.0384783,0.924937,0.0266598,0.0020422,0.000731282,0.000313407,0.000246007,0.000134799,
0.000172111,6.88442e-05,8.2613e-05,5.50754e-05,6.88442e-05,6.5402e-05,8.2613e-05,0.000175553,0.000220301,0.000292588,0.000702211,0.000970703,0.00257822,0.032639,0.930347,0.028443,0.00177962,0.000657462,0.00041995,0.000178995,
0.000142406,0.000160585,8.18075e-05,7.87776e-05,7.27178e-05,0.000124226,7.27178e-05,0.000115137,0.000178765,0.000263602,0.000736268,0.000409038,0.000921092,0.00243908,0.0335714,0.938914,0.019152,0.00163918,0.000581742,0.00034541,
0.000383583,0.00028469,0.000197785,9.58957e-05,9.88924e-05,8.39087e-05,7.19217e-05,0.000101889,0.000125863,0.000194788,0.00116873,0.000371596,0.000515439,0.000815113,0.00201681,0.0237402,0.948987,0.0186757,0.0013815,0.00068925,
0.00093515,0.000498937,0.000342128,0.000282256,0.000205277,0.000245192,0.000245192,0.000299362,0.000362085,0.000655745,0.00175341,0.000638639,0.000604426,0.000650043,0.00114613,0.00238919,0.0234557,0.944421,0.0190138,0.00185604,
0.00217023,0.00100421,0.000490205,0.000271279,0.000185612,0.000257001,0.000147538,0.000138019,0.00019513,0.000176093,0.00110415,0.000204649,0.000299834,0.000437853,0.000675817,0.00108036,0.00286032,0.0247958,0.942665,0.0208409,
0.0138035,0.000895695,0.000462433,0.000301139,0.000258242,0.0001836,0.000142419,0.000169015,0.000164726,0.000239367,0.00163953,0.000202475,0.000201617,0.00019647,0.00032173,0.000325161,0.000468438,0.000950604,0.0145216,0.964552,


0.915477,0.0194329,0.00254743,0.00127214,0.000839431,0.000648472,0.000508304,0.000488618,0.000524447,0.000624454,0.00129064,0.000401604,0.000360656,0.000350025,0.000420503,0.00056697,0.000833131,0.00135837,0.00363766,0.0484169,
0.0270572,0.941916,0.0187645,0.0019957,0.00094207,0.000493347,0.000466077,0.000416494,0.00042889,0.000582596,0.00172548,0.00034212,0.000282621,0.00031485,0.000215684,0.000270225,0.000384265,0.000518139,0.00085778,0.00202545,
0.00134447,0.0247454,0.951377,0.0160609,0.00169715,0.000686126,0.000436043,0.000267183,0.000239396,0.000132523,0.00112431,0.000102598,6.83989e-05,7.26738e-05,0.000106873,0.000117561,0.000183822,0.00027787,0.000327032,0.00063269,
0.000834438,0.00218017,0.0273483,0.936337,0.0248572,0.00307188,0.001403,0.000625828,0.000413128,0.000237242,0.000813986,0.000159525,0.000167706,0.000171796,0.000143163,0.00010226,0.000188158,0.000204519,0.000261784,0.000478575,
0.000374759,0.000856592,0.00194161,0.0276322,0.935145,0.0274074,0.00294097,0.00111,0.000610322,0.000364052,0.00053537,0.000174888,0.00012492,0.000110643,7.85209e-05,0.000110643,6.06753e-05,9.99358e-05,0.000142765,0.000178457,
0.000206139,0.000350109,0.000631505,0.00208102,0.0333749,0.932422,0.024259,0.00317061,0.00124011,0.000536616,0.000657682,0.000209411,0.000166874,9.81614e-05,0.00011125,8.83453e-05,5.88969e-05,0.000107978,0.000121066,0.000107978,
9.82603e-05,0.000170663,0.000341325,0.000605076,0.0018566,0.0260338,0.935456,0.0297548,0.00299694,0.00104466,0.000669721,0.000250822,0.000155148,0.000118947,5.43017e-05,7.75739e-05,5.17159e-05,8.01597e-05,0.000100846,8.27455e-05,
8.02085e-05,8.73381e-05,0.000114074,0.000270926,0.000500857,0.00148118,0.0298964,0.927572,0.0353006,0.0028269,0.00094646,0.000345788,0.000201412,9.62502e-05,5.88195e-05,3.0301e-05,4.45603e-05,5.70371e-05,4.09954e-05,4.81251e-05,
3.81042e-05,3.46402e-05,5.6579e-05,9.69925e-05,0.000170892,0.000366031,0.00130709,0.0341033,0.930389,0.0299395,0.00235553,0.000566944,0.000196294,0.000116622,6.23523e-05,5.08056e-05,5.19603e-05,2.19388e-05,3.81042e-05,3.69495e-05,
2.27866e-05,3.56659e-05,4.55731e-05,7.03411e-05,8.42112e-05,0.000181302,0.00039926,0.00155345,0.0379535,0.92245,0.0345068,0.00185265,0.000373501,0.000189228,8.32205e-05,5.74618e-05,3.96288e-05,3.56659e-05,2.4768e-05,4.06195e-05,
5.20736e-05,5.5288e-05,5.65738e-05,7.07173e-05,8.48607e-05,0.000127934,0.000182579,0.000348443,0.0013372,0.0338967,0.949854,0.0123935,0.000761818,0.000285441,0.000122791,0.000108647,7.71461e-05,7.7789e-05,5.20736e-05,5.46452e-05,
3.47587e-05,3.66897e-05,6.56553e-05,7.53105e-05,6.17932e-05,0.000110069,0.000173793,0.000386208,0.00096745,0.00357628,0.0527135,0.919628,0.0193818,0.00170511,0.000505932,0.000195035,0.00014869,9.46209e-05,8.30347e-05,5.60001e-05,
7.70251e-05,7.42742e-05,8.52778e-05,5.77688e-05,7.9776e-05,0.000104534,0.000165054,0.000258584,0.000486908,0.00125166,0.0036917,0.0339213,0.930749,0.0257291,0.0018431,0.000698727,0.000360367,0.000165054,0.000112787,8.80287e-05,
0.000128006,9.43199e-05,0.000101057,7.41085e-05,8.75828e-05,0.000128006,0.000134743,0.00018864,0.00033012,0.000582762,0.00143838,0.00317656,0.0367848,0.925561,0.0276829,0.00210199,0.000690557,0.000373911,0.000198746,0.00014148,
0.000151407,6.53802e-05,6.19391e-05,6.19391e-05,7.22623e-05,8.25855e-05,0.000113555,0.000175494,0.000230551,0.000268403,0.000822414,0.00104608,0.00266682,0.0328553,0.929128,0.0289084,0.00197861,0.000705418,0.000337224,0.000268403,
0.000229,0.000123784,7.73649e-05,8.35541e-05,9.90271e-05,8.66487e-05,9.59325e-05,0.000105216,0.000167108,0.000253757,0.00061273,0.000507514,0.000980987,0.00246639,0.0339353,0.937922,0.0195083,0.00169584,0.000640581,0.000408487,
0.000345891,0.000267576,0.000176209,9.46305e-05,0.000120736,0.000127262,9.78937e-05,9.78937e-05,0.00014684,0.000137051,0.00103441,0.000391575,0.000476416,0.00101809,0.0022744,0.0235173,0.947447,0.0197549,0.00172293,0.000750518,
0.000909427,0.000488283,0.000283814,0.00029297,0.000204468,0.000216675,0.000210572,0.000247193,0.000430299,0.000677492,0.00173035,0.000543215,0.000564577,0.000695803,0.000952151,0.00247193,0.0235352,0.941141,0.0222932,0.00211182,
0.00235839,0.00107246,0.000554019,0.000416785,0.000228724,0.000193144,0.000137234,0.00011182,0.000182979,0.000162648,0.0010318,0.000284634,0.000371041,0.000467613,0.000640426,0.00116903,0.00271927,0.0252765,0.941127,0.0214949,
0.0266171,0.00326009,0.00132834,0.000741691,0.000502841,0.000469318,0.000553125,0.000561506,0.000574077,0.000900924,0.00203651,0.000871591,0.000662074,0.000557315,0.000653693,0.000779404,0.00133253,0.0034277,0.0371181,0.917052,


0.931816,0.0253025,0.0029107,0.00139496,0.00074881,0.000477065,0.000265707,0.000211358,0.000211358,0.000193241,0.000718616,0.000181164,0.000193241,0.000193241,0.000271746,0.000410638,0.000573685,0.00119568,0.00268122,0.030049,
0.0270497,0.943404,0.0181559,0.00180045,0.000892321,0.000571537,0.000411145,0.000413404,0.000426958,0.000596386,0.00168524,0.000370482,0.000237199,0.000241717,0.000257531,0.000210091,0.000300452,0.000483434,0.000664158,0.00182756,
0.00215529,0.0248448,0.942743,0.0214585,0.00267445,0.00120743,0.000629282,0.000369703,0.000302842,0.000235981,0.000888861,0.000192718,0.000137655,0.000125856,0.000121923,0.000200584,0.000200584,0.000263512,0.000409033,0.000837732,
0.0010487,0.00254896,0.0374545,0.925707,0.0252545,0.00292963,0.0011308,0.000738938,0.000444109,0.000264973,0.00055607,0.000153012,0.000134352,0.000134352,0.000126888,0.000153012,0.00014928,0.000238849,0.000332149,0.00050009,
0.000377848,0.000705792,0.00204608,0.0272585,0.934614,0.0282174,0.00306556,0.00124405,0.000566772,0.000299427,0.000581031,0.000135455,0.000117632,9.26797e-05,6.77275e-05,8.91151e-05,7.12921e-05,0.000135455,0.000103374,0.000210312,
0.000211377,0.000403243,0.000686163,0.00201296,0.0325554,0.932639,0.0250433,0.00301782,0.00120973,0.000617872,0.000595108,0.000188614,0.000146338,0.000156094,9.43068e-05,8.45509e-05,7.8047e-05,6.50392e-05,8.78029e-05,0.000107315,
9.5699e-05,0.000181052,0.000281924,0.000600058,0.00163464,0.026237,0.934837,0.030453,0.0029796,0.00108631,0.000713863,0.000237954,0.000175879,8.79396e-05,7.24209e-05,5.43156e-05,3.87969e-05,6.98344e-05,7.75938e-05,8.53531e-05,
3.98277e-05,7.7845e-05,0.000146638,0.000251638,0.000568449,0.00153699,0.0285818,0.927657,0.0362196,0.00293095,0.00105181,0.000327673,0.000179224,0.000124914,6.51725e-05,6.33622e-05,2.35345e-05,3.43966e-05,5.79311e-05,6.15518e-05,
3.0046e-05,3.81353e-05,4.73802e-05,0.000105161,0.000205699,0.000409088,0.00135669,0.0333487,0.93019,0.0307798,0.00237248,0.000580119,0.000221878,0.000106317,6.58701e-05,3.92909e-05,3.92909e-05,2.77348e-05,1.84898e-05,1.73342e-05,
3.56211e-05,3.26527e-05,4.35369e-05,6.53054e-05,9.30106e-05,0.000156337,0.000402716,0.0015703,0.0367926,0.922847,0.0352768,0.00184537,0.000396779,0.000177116,8.11369e-05,5.14527e-05,4.84843e-05,3.16632e-05,3.16632e-05,2.0779e-05,
5.85151e-05,5.20849e-05,6.94465e-05,7.20186e-05,7.78058e-05,0.000115744,0.000185191,0.000338873,0.00132013,0.0327697,0.950646,0.0126553,0.000865509,0.000273285,0.000140822,8.87372e-05,7.97349e-05,7.39477e-05,5.91581e-05,5.78721e-05,
5.2224e-05,6.38293e-05,5.80266e-05,5.60924e-05,7.54346e-05,0.000112185,0.000195356,0.000427463,0.000949703,0.00365761,0.0508391,0.920846,0.0199051,0.00160734,0.000535779,0.000222435,0.000156672,0.000106382,6.38293e-05,6.9632e-05,
7.1687e-05,7.1687e-05,6.89298e-05,8.27157e-05,7.72013e-05,0.000129588,0.000170946,0.000286748,0.000499052,0.00125176,0.00363673,0.0326975,0.931021,0.0266841,0.00188868,0.000639668,0.000311563,0.000165431,0.000126831,0.000118559,
0.000130726,7.70951e-05,0.000127374,8.3799e-05,6.36872e-05,0.000120671,0.000130726,0.00018771,0.000378771,0.000643576,0.0017028,0.00368045,0.0366269,0.92448,0.0279855,0.00211844,0.000740783,0.000368715,0.000231285,0.000120671,
0.0001035,7.36781e-05,5.43815e-05,2.98221e-05,5.87671e-05,7.2801e-05,7.63095e-05,7.19239e-05,0.00012806,0.000211386,0.00122446,0.000491188,0.00101307,0.0157136,0.963041,0.0162908,0.000641175,0.000336814,0.000228928,0.000138585,
0.000197847,0.000116196,0.000119336,7.85107e-05,8.16511e-05,8.7932e-05,0.000103634,0.000125617,0.0001476,0.000185285,0.000876179,0.000430239,0.000863618,0.00249036,0.0335241,0.938149,0.0198601,0.00165815,0.000612383,0.00029206,
0.000395305,0.000273419,0.000197653,0.000144945,0.000121886,9.22379e-05,7.9061e-05,9.22379e-05,0.000115297,0.000158122,0.00112991,0.000326127,0.000418365,0.000955321,0.00241466,0.0236656,0.947204,0.0198904,0.0015911,0.000734609,
0.000891246,0.00040586,0.000309879,0.000252291,0.000191961,0.000186476,0.000244064,0.000389406,0.000419571,0.000545717,0.00175507,0.000603305,0.000493613,0.000734935,0.00111611,0.00254485,0.0234274,0.943503,0.0200544,0.00193058,
0.00230685,0.00100253,0.000572875,0.000342702,0.000219943,0.000194368,0.000194368,0.000163679,0.000102299,0.000260863,0.000946267,0.000219943,0.000322242,0.000485921,0.000746784,0.00113041,0.00281323,0.0250582,0.940534,0.0223831,
0.0272553,0.00286175,0.00138361,0.000558599,0.00045977,0.000425395,0.000429692,0.000421098,0.000584381,0.000786336,0.00177033,0.000554302,0.00045977,0.000562896,0.000507036,0.00075196,0.00121173,0.00289183,0.0280546,0.92807,


0.930948,0.0259895,0.00313105,0.00142979,0.000754107,0.000446431,0.000307676,0.000265446,0.000241314,0.000229248,0.000597253,0.000241314,0.000193051,0.000187019,0.000283544,0.000343873,0.000609318,0.00120657,0.00281734,0.0297782,
0.0268402,0.940976,0.0193196,0.00215357,0.000973923,0.000700495,0.00043488,0.000356758,0.000486961,0.000604145,0.00169004,0.000484357,0.000304676,0.000299468,0.000257803,0.000263011,0.000354154,0.000549459,0.000817679,0.00213273,
0.00146693,0.0246177,0.95015,0.0165565,0.00183712,0.000927207,0.000499931,0.000297537,0.000212773,0.000169527,0.00112441,0.00012974,0.00012282,0.00012455,0.00012628,0.000155688,0.000185095,0.000290617,0.000392679,0.000612372,
0.000802583,0.00218954,0.0279314,0.935878,0.0252832,0.00281829,0.00123161,0.000665737,0.000458619,0.000299582,0.00083587,0.000114655,0.000129449,9.98606e-05,9.98606e-05,0.000129449,0.000129449,0.00017753,0.000318074,0.000406839,
0.000345609,0.000787418,0.00208078,0.0262912,0.935268,0.0286891,0.00283969,0.00110096,0.000694781,0.000313542,0.000477439,0.000192401,8.90745e-05,6.76966e-05,7.12596e-05,0.000106889,0.000110452,8.90745e-05,0.000124704,0.000260097,
0.000181257,0.000292556,0.000734569,0.00197475,0.0317709,0.93352,0.0251026,0.00305276,0.00122746,0.000534232,0.000648711,0.000213057,0.000117658,0.000101759,8.90387e-05,5.08793e-05,7.94988e-05,7.94988e-05,8.90387e-05,0.000139918,
0.000107547,0.000174466,0.000305913,0.000626165,0.00172793,0.026342,0.934704,0.0302447,0.00303762,0.00106352,0.000659624,0.000289183,0.000152956,0.000102768,7.88681e-05,8.12581e-05,5.01888e-05,7.16983e-05,7.40882e-05,0.000105157,
8.92084e-05,0.000120397,0.000183233,0.000326333,0.000793243,0.00262695,0.0701143,0.901882,0.0179545,0.00324567,0.00136702,0.000460719,0.000238959,0.000147228,8.85204e-05,7.54487e-05,6.53583e-05,6.62756e-05,7.43021e-05,8.04939e-05,
3.85266e-05,4.86169e-05,4.76996e-05,9.99858e-05,0.000169701,0.000415537,0.00146034,0.034507,0.931135,0.0286794,0.00222721,0.000567809,0.000236664,0.000124753,6.51284e-05,4.03612e-05,4.5865e-05,2.93536e-05,2.84363e-05,3.21055e-05,
3.0697e-05,2.77263e-05,4.05992e-05,5.34722e-05,0.000103974,0.000168338,0.000372325,0.00152099,0.0357957,0.922559,0.0366146,0.00183192,0.000466396,0.000149524,8.31789e-05,5.14917e-05,3.46579e-05,3.36677e-05,2.37654e-05,3.76286e-05,
5.26554e-05,5.00868e-05,5.71504e-05,7.25617e-05,9.50366e-05,0.000114943,0.00016503,0.000357671,0.00131253,0.0318912,0.951204,0.0130264,0.000839918,0.000259424,0.000136133,0.000104027,7.8341e-05,7.12774e-05,6.29296e-05,4.81604e-05,
4.83916e-05,4.64559e-05,6.77482e-05,6.38769e-05,5.03272e-05,0.000131625,0.000164531,0.000344548,0.000917504,0.00375325,0.0493342,0.922105,0.0202083,0.00162983,0.000545857,0.000228408,0.000135496,9.29118e-05,6.19412e-05,6.96838e-05,
9.94956e-05,8.2913e-05,4.97478e-05,6.08029e-05,5.80391e-05,0.000105023,0.000140952,0.000268085,0.000530643,0.00122158,0.00364541,0.0321288,0.93137,0.0269661,0.00192358,0.000588682,0.000356526,0.0001907,0.000127133,8.56768e-05,
0.000125135,9.13149e-05,8.11688e-05,6.08766e-05,8.11688e-05,9.13149e-05,9.13149e-05,0.000223214,0.000341585,0.00061553,0.00153883,0.00321293,0.0357515,0.925389,0.0287101,0.00217465,0.000737284,0.00036526,0.000172484,0.000145427,
0.000110011,7.2195e-05,9.626e-05,8.93842e-05,6.87571e-05,7.56328e-05,8.59464e-05,0.000113449,0.000233774,0.000333472,0.00077008,0.00105198,0.00272622,0.0308857,0.92938,0.0306897,0.00203177,0.000677258,0.000316283,0.00019252,
0.000223629,0.000111815,0.000121681,0.000105237,0.000101949,8.87939e-05,8.55052e-05,0.000131546,0.000157856,0.000236784,0.000710351,0.000539341,0.000917537,0.00273617,0.0341232,0.936062,0.0207251,0.00183178,0.000644578,0.00034531,
0.000468088,0.000258594,0.000144027,0.000114567,0.00012766,0.000130934,0.000121114,0.000140754,0.000124387,0.000153847,0.000952543,0.000415715,0.000533555,0.00096891,0.00231753,0.0236401,0.946972,0.0201114,0.00161049,0.000693949,
0.000998752,0.000594194,0.000388755,0.000233885,0.000173833,0.000173833,0.000243367,0.000353988,0.000391915,0.000663727,0.0017731,0.000597355,0.000597355,0.000720618,0.0010272,0.00254113,0.0238847,0.940694,0.0219062,0.00204175,
0.00220197,0.00115213,0.000646054,0.00044147,0.000274573,0.000188432,0.000258422,0.000134595,0.000177665,0.000220735,0.00095293,0.000285341,0.000425319,0.000414551,0.000619135,0.00121673,0.00281033,0.0251046,0.938905,0.0235702,
0.0274384,0.00279758,0.00118564,0.00082151,0.000404094,0.000399654,0.000452941,0.000484025,0.000608362,0.00104354,0.00206932,0.000706055,0.000572837,0.00052399,0.000577277,0.000754901,0.00127001,0.0031617,0.0277759,0.926952,


0.931835,0.0258024,0.00327946,0.00120347,0.000740135,0.000445284,0.000252729,0.000222642,0.000180521,0.000240694,0.00063784,0.000168486,0.000192555,0.000222642,0.000282816,0.000373076,0.0007281,0.00113728,0.00282214,0.0292323,
0.0267451,0.935957,0.0220615,0.00239673,0.00117898,0.00073,0.000555575,0.000558805,0.000581416,0.000933496,0.00207372,0.000497434,0.000397301,0.000297168,0.000274558,0.000297168,0.000429602,0.000642788,0.000975487,0.00241611,
0.00187237,0.0247215,0.942512,0.0219867,0.00266482,0.00107214,0.000609879,0.000396227,0.000283574,0.000260267,0.00100222,0.000151499,9.71145e-05,0.000147614,0.000167037,0.000147614,0.000182575,0.000349612,0.000485573,0.000889569,
0.000853852,0.00205543,0.0251944,0.93872,0.0254224,0.00289769,0.00103544,0.000687718,0.00030136,0.000316814,0.000803626,0.000154543,9.65896e-05,0.000131362,0.000123635,0.000127498,0.000127498,0.000220224,0.000324541,0.000405676,
0.000363526,0.00073715,0.0018008,0.0255411,0.937076,0.0281396,0.0026221,0.00111414,0.000582315,0.000333232,0.000565485,0.000151469,9.42475e-05,9.08815e-05,7.74176e-05,9.08815e-05,0.000114443,0.000111077,0.000117809,0.000276011,
0.000200617,0.000358679,0.000641367,0.00205177,0.0300287,0.935383,0.0249191,0.0029819,0.00113683,0.000571455,0.000717358,0.00026445,0.000127665,0.000115507,7.29517e-05,6.9912e-05,8.81499e-05,7.59913e-05,9.11896e-05,0.000103348,
0.000116227,0.000173049,0.000330602,0.000619878,0.00172533,0.0250792,0.935163,0.031371,0.0028127,0.000989222,0.000645706,0.00023762,0.000196295,0.000142055,7.49019e-05,6.97363e-05,5.68221e-05,6.19878e-05,6.71534e-05,6.71534e-05,
6.96226e-05,8.2119e-05,0.000139245,0.000253498,0.00050521,0.00148885,0.0272778,0.927073,0.0382942,0.00294557,0.00091759,0.000339187,0.000194586,0.000108897,7.3193e-05,5.17706e-05,4.46299e-05,4.82003e-05,4.99855e-05,4.28447e-05,
3.79076e-05,5.30706e-05,4.98214e-05,9.96428e-05,0.000162461,0.000371494,0.0012542,0.0323233,0.931565,0.030703,0.00226796,0.000566448,0.000205784,0.000103975,6.49844e-05,4.3323e-05,4.00737e-05,2.05784e-05,3.46584e-05,3.24922e-05,
2.07399e-05,1.62408e-05,2.5678e-05,3.22621e-05,5.94763e-05,0.000114783,0.000301332,0.00130782,0.0706129,0.916184,0.0100785,0.000817196,0.000199718,8.7349e-05,4.33453e-05,2.80922e-05,2.20567e-05,1.72284e-05,1.45947e-05,1.71187e-05,
5.20959e-05,5.72411e-05,6.23864e-05,7.26769e-05,8.74696e-05,0.000120914,0.000162076,0.000367887,0.00130497,0.0309867,0.951701,0.0134292,0.000820027,0.00028106,0.000147283,9.7117e-05,7.13906e-05,6.36727e-05,6.36727e-05,5.14527e-05,
1.28351e-05,1.34769e-05,1.26426e-05,1.52738e-05,1.81617e-05,2.86865e-05,4.61423e-05,9.37606e-05,0.000299251,0.00128268,0.0712454,0.919359,0.00654514,0.000683663,0.000177381,7.50855e-05,3.56175e-05,2.29107e-05,1.91243e-05,1.34769e-05,
7.16396e-05,8.2661e-05,6.33735e-05,6.61288e-05,8.81718e-05,0.000132258,0.000170833,0.000234206,0.000540052,0.00116277,0.00357922,0.0320256,0.931168,0.0272616,0.0019508,0.000661288,0.00030309,0.000173588,0.000162567,0.000101949,
0.000126852,0.000103485,0.000126852,9.68083e-05,0.000100147,0.000156896,0.000180264,0.000203631,0.000357189,0.000794496,0.00154893,0.00365201,0.0344471,0.925655,0.0291126,0.00190946,0.000694349,0.000343836,0.000233675,0.000156896,
0.00014412,0.000113237,0.000116669,8.92174e-05,6.86288e-05,0.000106375,8.92174e-05,0.000116669,0.000212749,0.000329418,0.000854428,0.00112208,0.00272799,0.0306908,0.928894,0.0311849,0.00192847,0.000655405,0.000343144,0.000212749,
0.000135928,7.93535e-05,7.00178e-05,6.77772e-05,6.79639e-05,6.47898e-05,6.70303e-05,8.86892e-05,0.000109041,0.000171403,0.000708953,0.000343927,0.000589456,0.00170003,0.0340792,0.946746,0.0133796,0.000917139,0.000376042,0.0002375,
0.000374818,0.000195851,0.000121562,0.000124939,0.000138446,0.0001452,0.000118186,0.000108056,0.0001452,0.000239748,0.000979253,0.000384948,0.00047612,0.000871198,0.00260009,0.0234987,0.945746,0.0212802,0.00172214,0.000729375,
0.00060097,0.000357414,0.00030791,0.000211874,0.000201973,0.000194053,0.000222765,0.000329692,0.000375235,0.000489092,0.00172271,0.00060295,0.000566318,0.000677205,0.000830665,0.00197716,0.0235051,0.947053,0.0182231,0.00155044,
0.00214349,0.00113694,0.000615407,0.00041201,0.000260766,0.000203397,0.000177321,0.000182536,0.000104306,0.000208613,0.000917895,0.000187751,0.000323349,0.000391149,0.000677991,0.00116302,0.00274847,0.0252213,0.939899,0.0230256,
0.0276018,0.00311876,0.00123214,0.000746658,0.000488554,0.000417883,0.000491627,0.00055308,0.000675987,0.000992472,0.00202182,0.000888001,0.000675987,0.000642188,0.000608388,0.000762022,0.00116147,0.00334614,0.035434,0.918141,


0.932029,0.0267524,0.00325776,0.00140483,0.000696362,0.000508647,0.000320932,0.000254324,0.000205881,0.000230102,0.000702417,0.000157438,0.000260379,0.000211936,0.000326987,0.00037543,0.000617643,0.00107785,0.00278545,0.0278242,
0.0270613,0.935301,0.0231186,0.00244492,0.00117658,0.000835731,0.000603037,0.00052438,0.000504716,0.000855396,0.00138633,0.000465388,0.000390008,0.000314628,0.000301519,0.000314628,0.000435891,0.000422782,0.000878337,0.00266451,
0.00194195,0.0241698,0.94395,0.0214032,0.00255759,0.00112869,0.000585244,0.00040283,0.000243218,0.000228017,0.000817062,0.000178613,0.000125409,6.84052e-05,9.50072e-05,0.000144411,0.000205216,0.000342026,0.00052444,0.000889267,
0.000866251,0.0021129,0.0251514,0.938782,0.0251702,0.00287369,0.00120522,0.000625207,0.000384163,0.000293772,0.000768327,0.000229745,0.000116756,9.03914e-05,0.000131821,0.000139353,0.000180783,0.000225978,0.000256109,0.000395462,
0.00036322,0.000726441,0.00202657,0.02494,0.937384,0.0282294,0.00261383,0.00115076,0.000515977,0.000312302,0.000573685,9.84429e-05,0.000142572,8.48646e-05,9.84429e-05,8.147e-05,8.82592e-05,0.000132389,0.000190097,0.000247805,
0.000207618,0.000302268,0.000693079,0.00199375,0.0296986,0.935944,0.0250913,0.00278758,0.00106862,0.000574004,0.000647281,0.000183193,0.000119075,0.000112969,6.71707e-05,0.000128235,7.63303e-05,9.15963e-05,8.85431e-05,0.000125182,
0.000113839,0.000160409,0.00030012,0.000561431,0.00195854,0.0238725,0.935306,0.0317972,0.00308141,0.00105559,0.000724428,0.000320818,0.000168171,0.0001216,8.79662e-05,6.4681e-05,8.27917e-05,5.17448e-05,6.4681e-05,0.000106077,
4.53525e-05,0.000103404,0.000126987,0.000208621,0.000504319,0.00153836,0.0267108,0.926881,0.039112,0.00279734,0.00106669,0.000315653,0.000166897,0.000116102,6.71216e-05,6.34934e-05,4.17243e-05,4.35384e-05,4.71666e-05,4.35384e-05,
3.23152e-05,4.27023e-05,5.65517e-05,7.84799e-05,0.000155806,0.00037855,0.00128569,0.0304871,0.930948,0.0330447,0.00233016,0.00060014,0.000245827,9.69457e-05,5.53976e-05,3.57776e-05,3.80858e-05,2.88529e-05,2.19282e-05,3.69317e-05,
3.568e-05,2.676e-05,3.86533e-05,5.84755e-05,7.23511e-05,0.000157587,0.000387524,0.00156397,0.0340536,0.922737,0.0381568,0.00186725,0.000412302,0.0001784,7.23511e-05,5.84755e-05,4.26178e-05,3.66711e-05,1.68489e-05,2.676e-05,
2.49275e-05,2.10965e-05,1.84965e-05,1.85386e-05,2.09197e-05,3.18469e-05,5.94738e-05,0.000171051,0.000960953,0.0594726,0.932081,0.00621803,0.000593039,0.000118548,4.89036e-05,2.93765e-05,2.66856e-05,2.82213e-05,2.88781e-05,2.76084e-05,
4.64029e-05,6.18705e-05,7.54047e-05,3.86691e-05,9.08724e-05,0.000110207,0.000197212,0.000353822,0.000947393,0.00370643,0.0464319,0.923532,0.0216798,0.00156803,0.000533633,0.000272617,0.00011214,9.08724e-05,7.73382e-05,7.34713e-05,
8.562e-05,3.86671e-05,8.28581e-05,6.35245e-05,8.00961e-05,9.39058e-05,0.000162954,0.000226479,0.000519244,0.0011103,0.00354909,0.0310248,0.931921,0.0277823,0.00197755,0.000629721,0.000287241,0.000149144,0.000116001,9.94297e-05,
7.25963e-05,6.04969e-05,5.38973e-05,5.60972e-05,7.47962e-05,8.02959e-05,8.24958e-05,0.000148492,0.000226589,0.00039268,0.00141343,0.00140573,0.0181898,0.958212,0.0177135,0.000905254,0.00040148,0.00020459,0.00018809,0.000117694,
