0.931287,0.0237478,0.00299928,0.00135839,0.000534943,0.000414731,0.000330582,0.000336593,0.000264466,0.000162286,0.00060707,0.000174307,0.000252445,0.000258455,0.00020436,0.000450794,0.000619091,0.00123818,0.00251844,0.0322408,
0.0270569,0.949879,0.0147214,0.00154026,0.00077874,0.000436248,0.000331012,0.000241084,0.00021621,0.000208557,0.00121881,0.00016455,0.000133936,0.000105235,0.00016455,0.00018177,0.000221951,0.000401807,0.000621844,0.00137571,
0.00176264,0.0250314,0.947478,0.0180227,0.00231689,0.000882931,0.000541359,0.000412464,0.00020301,0.000154674,0.000763703,0.000186898,0.000138562,0.000132117,0.000132117,0.00020301,0.000174008,0.000248123,0.000441466,0.00077337,
0.00135016,0.00314701,0.0405568,0.927369,0.0181383,0.00267433,0.00134273,0.000867392,0.000611684,0.000390459,0.00104671,0.000224408,0.000163929,0.00016499,0.00016499,0.000186211,0.000225469,0.000305046,0.000403722,0.000666327,
0.000373452,0.000725563,0.00227983,0.0299579,0.9345,0.025416,0.00290581,0.00109901,0.000618863,0.000348555,0.000512162,0.000152937,0.000145824,0.000110257,8.53603e-05,0.000110257,0.000128041,0.000124484,0.000184947,0.000220514,
0.000305643,0.000503826,0.00103745,0.0035626,0.0854833,0.887443,0.0153632,0.002722,0.00117269,0.000595887,0.00059187,0.000219943,0.000149306,0.000118843,0.000102439,0.000102774,9.23959e-05,0.000112147,0.000145959,0.000175084,
0.000238179,0.000306481,0.000569178,0.00145666,0.00526665,0.0765606,0.886608,0.0200736,0.00428985,0.0019444,0.00107356,0.000437392,0.00023205,0.000171191,0.000126095,0.000109895,0.00010902,0.000111209,0.000135727,0.000180386,
6.86349e-05,6.68287e-05,0.000126433,0.000238416,0.000509343,0.00144314,0.0319676,0.928428,0.0323289,0.00296575,0.000926571,0.000364849,0.000187843,8.66967e-05,7.9472e-05,5.41855e-05,3.25113e-05,2.88989e-05,5.23793e-05,4.33484e-05,
4.55428e-05,4.32656e-05,6.48985e-05,8.42541e-05,0.0001594,0.000380282,0.0012604,0.0391349,0.928268,0.0271594,0.00227714,0.000538543,0.00022316,0.000124104,5.46513e-05,5.46513e-05,3.64342e-05,2.84642e-05,3.64342e-05,2.61871e-05,
8.79437e-05,0.000110423,0.000127775,0.000188507,0.000355521,0.000662535,0.00189256,0.00848834,0.0712208,0.893474,0.0195322,0.00205366,0.000769606,0.000357493,0.000213549,0.000130732,9.93803e-05,8.26197e-05,7.88733e-05,7.3155e-05,
0.000112334,0.000116744,0.000121351,0.000125514,0.000153943,0.000230483,0.000407804,0.00121999,0.00688615,0.0594314,0.923738,0.00553856,0.000811666,0.000322346,0.000189614,0.000134851,0.000120562,0.000112211,0.000108713,0.000118025,
5.51981e-05,4.56812e-05,4.18745e-05,8.18455e-05,6.66184e-05,0.000114203,0.000178918,0.000394001,0.00100118,0.0034889,0.0572671,0.916451,0.0180193,0.0017454,0.000472039,0.000222696,0.00013514,9.32658e-05,6.47151e-05,6.09083e-05,
0.000270808,0.000210369,0.000167056,0.000145816,0.000166275,0.000227444,0.000385181,0.000858133,0.00227631,0.00806944,0.0208612,0.0731259,0.872927,0.0159103,0.00199837,0.000863339,0.000485914,0.000383359,0.000346658,0.000320733,
0.000270198,0.000226344,0.000178448,0.000159115,0.000155746,0.000194144,0.000282796,0.000501662,0.00108079,0.00277844,0.00569626,0.00760712,0.0437554,0.918661,0.0150683,0.00138077,0.00075219,0.00050631,0.00040358,0.000341807,
0.000290922,0.000232753,0.000189048,0.000161371,0.000157071,0.000177633,0.000228922,0.000338379,0.000612882,0.00128456,0.00295503,0.0025319,0.00341968,0.0337479,0.935808,0.015053,0.00125149,0.000723121,0.000469181,0.00036676,
0.000385753,0.000287331,0.00022467,0.00018592,0.00017953,0.000190352,0.000255485,0.000348136,0.000535911,0.000906824,0.00229308,0.00137008,0.00176397,0.00258464,0.0341015,0.935516,0.016132,0.00147169,0.000750688,0.00051633,
0.000606627,0.000427386,0.000327872,0.000281887,0.000259535,0.000302673,0.000387096,0.00047152,0.000697742,0.00110676,0.00265216,0.00124187,0.00126408,0.00163964,0.00292138,0.0236216,0.938591,0.0202073,0.00204041,0.000951582,
0.000804632,0.00052226,0.000368355,0.000293056,0.000230476,0.000225389,0.000255661,0.000308574,0.000374206,0.000488427,0.00184966,0.000588147,0.000679727,0.00081786,0.00135386,0.00275707,0.0235587,0.945666,0.0172354,0.00162275,
0.00197752,0.00108505,0.000596544,0.000366381,0.000253649,0.000220768,0.000239557,0.000225465,0.000295923,0.000244254,0.00108505,0.000197282,0.00041805,0.000394564,0.000577755,0.0011649,0.00240027,0.0252005,0.942934,0.0201228,
0.0273948,0.00311923,0.00128235,0.000708015,0.000475311,0.000534725,0.00051492,0.000509969,0.000579285,0.00102984,0.00188639,0.000816941,0.00072782,0.000732771,0.000608992,0.00081199,0.00123779,0.00360939,0.0317567,0.921663,


0.931058,0.0240719,0.00300898,0.00131794,0.000806408,0.000391168,0.00035506,0.000282845,0.000216647,0.000222665,0.000716138,0.000228683,0.000210629,0.000240719,0.000240719,0.000529581,0.000625869,0.00120359,0.00268401,0.0315883,
0.0270529,0.946151,0.0149959,0.00153993,0.000921061,0.000629266,0.000525272,0.000414549,0.000412917,0.000502842,0.00162904,0.000281396,0.000247139,0.000212882,0.000218387,0.000254887,0.000355007,0.000528738,0.000888231,0.00223811,
0.00217916,0.025855,0.944741,0.0185409,0.00240855,0.0011076,0.000537418,0.00043911,0.000324417,0.000209724,0.00101257,0.000124524,0.000157293,0.000121247,0.00020317,0.000170401,0.000206447,0.00028837,0.000550525,0.000822511,
0.00104722,0.00218348,0.0291484,0.934788,0.0246161,0.00312895,0.00117866,0.000678363,0.000394298,0.000317983,0.000767398,0.00018231,0.000122953,0.000105994,0.000118713,0.000101754,0.000156871,0.000195029,0.000271345,0.000496053,
0.000245648,0.000372636,0.000764007,0.0177325,0.962282,0.0142923,0.00116266,0.000567281,0.000323714,0.000231076,0.00123761,0.000123865,7.9107e-05,5.3085e-05,6.34938e-05,7.39026e-05,8.84749e-05,8.01479e-05,9.36794e-05,0.000133233,
0.000218671,0.000345958,0.000721289,0.00210838,0.0358686,0.930404,0.0237144,0.00308424,0.0012696,0.000620113,0.000603794,0.000202353,0.000143605,8.15938e-05,8.48575e-05,0.000107704,8.48575e-05,7.833e-05,0.000110968,0.000146869,
0.000134207,0.000201311,0.000301967,0.000591029,0.00177567,0.0279513,0.935578,0.0276416,0.00302999,0.00109689,0.000668456,0.000307128,0.000214216,0.000103236,6.45228e-05,6.19419e-05,6.45228e-05,5.41991e-05,6.96846e-05,9.03319e-05,
6.31438e-05,6.13397e-05,0.000128092,0.000261596,0.000506955,0.00151184,0.0315286,0.92877,0.0325046,0.00285049,0.000909271,0.000342781,0.000184019,9.02055e-05,7.57726e-05,6.13397e-05,3.42781e-05,2.88658e-05,4.14945e-05,4.51027e-05,
3.09752e-05,5.27726e-05,7.57172e-05,7.57172e-05,0.000165201,0.000387764,0.00132849,0.0378173,0.928826,0.0278571,0.00226808,0.000570174,0.000204207,0.000105545,7.457e-05,4.58892e-05,3.55642e-05,2.40919e-05,2.52391e-05,2.9828e-05,
3.66156e-05,1.38546e-05,4.25533e-05,6.82832e-05,8.80755e-05,0.000171203,0.000409699,0.00154973,0.0412559,0.921345,0.0323247,0.00181495,0.000440377,0.000164276,8.70859e-05,5.54183e-05,4.8491e-05,2.96884e-05,2.96884e-05,2.47403e-05,
5.31505e-05,5.76331e-05,6.72386e-05,7.81249e-05,8.32478e-05,0.000117828,0.000170338,0.000350922,0.00132812,0.0366912,0.947731,0.0116893,0.000819671,0.000253586,0.000138319,0.00010438,7.94056e-05,6.7879e-05,5.12294e-05,6.72386e-05,
0.000206287,0.000165832,0.000133403,0.000126388,0.000149157,0.000245374,0.000532928,0.00134292,0.00502737,0.0320156,0.134771,0.801553,0.0185656,0.0028964,0.000862422,0.000382731,0.00025768,0.000251795,0.000265676,0.00024912,
5.16742e-05,4.62349e-05,6.52727e-05,8.15909e-05,6.52727e-05,0.000135985,0.000165902,0.00027197,0.000560258,0.00114227,0.00350025,0.0360904,0.930903,0.0236124,0.00192283,0.000701682,0.000261091,0.00018222,0.000141424,9.79091e-05,
0.000137134,0.000100342,7.02395e-05,0.000103687,8.02737e-05,0.000100342,0.000117066,0.000234132,0.000304371,0.000488332,0.00157872,0.0033046,0.0419765,0.922278,0.025604,0.00200684,0.000735843,0.000327784,0.000217408,0.000234132,
0.000146195,8.83972e-05,8.15974e-05,9.5197e-05,8.49973e-05,8.49973e-05,9.85969e-05,0.000152995,0.000173394,0.000336589,0.000880572,0.000975769,0.00269611,0.0340193,0.930282,0.0265838,0.00191754,0.000683378,0.000418187,0.000200594,
0.000266423,0.000192731,9.35313e-05,7.65256e-05,8.21942e-05,8.21942e-05,8.21942e-05,0.000121874,0.000136046,0.000204068,0.000751085,0.000481828,0.000909805,0.00230427,0.0338895,0.94016,0.0178135,0.00151634,0.000521508,0.000314605,
0.000383568,0.000203065,0.000183323,0.000143838,7.89698e-05,0.000101533,8.17901e-05,0.000109994,0.000174862,0.000152299,0.000947637,0.000313059,0.000451256,0.000784057,0.00227038,0.0240942,0.949634,0.0177767,0.00149761,0.000617657,
0.00071999,0.000411803,0.000310844,0.000217857,0.000185975,0.000257709,0.000249738,0.000257709,0.000382578,0.000470252,0.00146389,0.000507447,0.000536672,0.000595121,0.000943161,0.00212543,0.023417,0.946686,0.0183903,0.00187038,
0.00192139,0.000879634,0.000546577,0.000404479,0.000354872,0.000380871,0.000468879,0.00056645,0.000775189,0.00121299,0.00293087,0.00107418,0.00080343,0.000773695,0.000816579,0.00112752,0.00240446,0.0251775,0.937339,0.0200418,
0.021884,0.00267521,0.0013379,0.000863216,0.000662209,0.000550278,0.000525665,0.000500466,0.000561999,0.000702645,0.00168541,0.000592472,0.000580752,0.000574891,0.000730188,0.00103668,0.00186708,0.0039293,0.0384937,0.920246,


0.930504,0.0245492,0.00312996,0.00115622,0.000724096,0.000513875,0.000309493,0.000175185,0.000251098,0.000256937,0.000659862,0.000169345,0.000169345,0.000204382,0.000268616,0.000391245,0.000642343,0.00125549,0.00289054,0.0317785,
0.0297521,0.935322,0.0211831,0.00236653,0.00103165,0.000556464,0.000465804,0.000431416,0.000490814,0.000756541,0.00172879,0.000487687,0.000365766,0.000334504,0.000328251,0.000350135,0.000384523,0.000578347,0.000912851,0.00217271,
0.00185262,0.0250941,0.946913,0.0181064,0.00233631,0.000985632,0.000584078,0.000401554,0.00024945,0.000152104,0.00120466,0.000115599,0.000100388,9.73464e-05,0.000112557,0.000167314,0.000191651,0.000261618,0.000362007,0.000711846,
0.000890153,0.00215937,0.0298563,0.934018,0.0248817,0.00316452,0.00130755,0.000545166,0.00043017,0.000319433,0.000787935,0.000136291,0.000149069,0.000132032,7.66639e-05,0.000119255,0.000140551,0.000166105,0.000272583,0.000447206,
0.000543227,0.00100996,0.00277059,0.0563997,0.91539,0.0168569,0.00238078,0.00119622,0.000650403,0.000449448,0.000738564,0.000220402,0.000170704,0.00011798,0.000124895,0.000136131,0.000135267,0.000152121,0.000241146,0.00031591,
0.000192963,0.000323785,0.000752229,0.00196234,0.0356818,0.931037,0.0237214,0.00305143,0.00111526,0.000611595,0.000549454,0.000186422,0.000150446,0.000111199,6.54112e-05,8.1764e-05,6.54112e-05,0.000101387,7.84934e-05,0.000160257,
0.000106645,0.000155121,0.000293275,0.000598669,0.0018057,0.0288452,0.935499,0.0271146,0.00295941,0.00104464,0.000642297,0.000237529,0.000159968,0.000116341,5.81703e-05,7.02891e-05,5.81703e-05,7.51366e-05,7.99841e-05,7.99841e-05,
6.13969e-05,7.01679e-05,0.000150861,0.000219275,0.000524505,0.00156124,0.0309879,0.927913,0.0338087,0.00278216,0.000982351,0.000345577,0.000171911,0.000107006,6.31511e-05,6.49053e-05,5.78885e-05,3.68382e-05,3.68382e-05,5.43801e-05,
3.67161e-05,3.44213e-05,6.0811e-05,8.72007e-05,0.00016637,0.000396992,0.00130342,0.0369387,0.92907,0.0284699,0.0023636,0.000549594,0.000192759,0.000122769,4.93372e-05,4.2453e-05,3.78634e-05,2.06528e-05,1.8358e-05,3.78634e-05,
3.16948e-05,2.87234e-05,4.0609e-05,6.6361e-05,8.71607e-05,0.000155503,0.000382319,0.00155998,0.0401236,0.921968,0.0329527,0.00174421,0.000440756,0.000147579,7.82466e-05,6.04182e-05,3.76376e-05,3.26853e-05,2.27806e-05,3.86281e-05,
4.62009e-05,5.64678e-05,5.51844e-05,7.18681e-05,9.04768e-05,0.000119994,0.000179029,0.000388858,0.00132828,0.0360258,0.948207,0.011882,0.000791833,0.000283622,0.000138603,9.56103e-05,6.67347e-05,6.86597e-05,5.45428e-05,4.87677e-05,
5.4683e-05,4.71405e-05,3.58268e-05,6.03399e-05,8.67386e-05,0.000124451,0.000154621,0.000335641,0.000944697,0.00369582,0.0544624,0.91827,0.0189071,0.00170649,0.000505347,0.000226275,0.000148964,9.61667e-05,8.10817e-05,5.65687e-05,
7.05783e-05,6.24347e-05,7.05783e-05,8.14365e-05,7.60074e-05,0.000146586,0.000133013,0.000276884,0.000523908,0.00115097,0.00367822,0.035262,0.930347,0.0248571,0.0019219,0.00063249,0.000325746,0.000173731,0.00011944,8.95802e-05,
0.000123015,0.000116365,0.000123015,8.64428e-05,9.64169e-05,8.97675e-05,0.000139638,0.000256004,0.000375694,0.00078131,0.00167234,0.00336462,0.0401128,0.923591,0.0254674,0.0020713,0.000708166,0.000379018,0.000282601,0.000162911,
0.000107715,9.76171e-05,9.76171e-05,8.41527e-05,9.08849e-05,9.4251e-05,0.000127912,0.000151475,0.000272655,0.000333245,0.000871822,0.00110072,0.00280733,0.0356134,0.927955,0.0272116,0.00179414,0.000626096,0.000346709,0.000215431,
0.00017769,0.000149485,0.000115639,8.46141e-05,0.00012128,8.74345e-05,7.61527e-05,9.58959e-05,0.000169228,0.000234099,0.00103793,0.00053871,0.0008405,0.00236355,0.0339923,0.939165,0.0182992,0.00152869,0.000623324,0.00029897,
0.000368458,0.000298828,0.000168272,0.000110247,0.000104445,0.000127655,0.000101543,9.28397e-05,0.000127655,0.000156667,0.0011721,0.000348149,0.00044389,0.000832656,0.0021063,0.0235059,0.95018,0.017596,0.00156087,0.000597656,
0.000783188,0.000488899,0.000310902,0.000170877,0.000156638,0.000147144,0.000234956,0.00023733,0.000289542,0.000412953,0.00157112,0.000493645,0.000441433,0.000638417,0.00086388,0.00222615,0.0235289,0.946148,0.0189413,0.00191525,
0.00221795,0.00105664,0.000538288,0.000363843,0.000224287,0.000219303,0.000194382,0.000179429,0.000159493,0.000139556,0.00114137,0.000279112,0.000403716,0.000413684,0.000637971,0.00114137,0.00283598,0.0290277,0.936527,0.0222991,
0.0275292,0.00342255,0.00117125,0.00067683,0.000484822,0.000408018,0.000494422,0.000465621,0.000844838,0.00107045,0.00208809,0.000801636,0.000744033,0.000696031,0.000585626,0.000830437,0.00148327,0.00359056,0.0311438,0.921468,


0.93141,0.024306,0.00346023,0.00133828,0.000566658,0.000458149,0.000283329,0.000229074,0.000204961,0.000217018,0.000711336,0.000156735,0.000162763,0.00013865,0.000217018,0.000283329,0.000638997,0.00133828,0.00276095,0.0311179,
0.0270908,0.952465,0.0133535,0.00111433,0.000645291,0.000478993,0.000318381,0.000187618,0.000136449,0.000160612,0.00126784,9.66515e-05,9.80728e-05,0.000125078,0.000136449,0.000149241,0.000214623,0.000373814,0.000481836,0.00110581,
0.00181968,0.0246309,0.951868,0.0140649,0.00146854,0.00084019,0.000554641,0.000399119,0.000274192,0.000248464,0.00139089,0.000167343,0.000126086,0.000130722,0.000152045,0.0001539,0.000210221,0.000292502,0.000450805,0.000756982,
0.00104003,0.00218449,0.0287117,0.934892,0.0248866,0.00313748,0.00126196,0.000644033,0.000400345,0.000326368,0.000783283,0.000152305,0.000126196,0.000100086,0.000117492,0.000169711,0.000161008,0.000174063,0.000291555,0.000439509,
0.000360007,0.000680806,0.00198539,0.0281625,0.934628,0.0272857,0.00306184,0.00115487,0.000673677,0.000327927,0.000559615,0.000149706,0.000114062,0.000121191,7.12885e-05,7.12885e-05,8.55462e-05,0.000106933,0.000203172,0.000196043,
0.000150111,0.000323066,0.000747294,0.00200366,0.0342939,0.931647,0.0243964,0.00289128,0.00131511,0.000577603,0.00055476,0.000231694,0.000143585,0.000107689,0.000114215,9.78988e-05,9.46355e-05,9.46355e-05,0.000117479,9.78988e-05,
0.000147091,0.000144511,0.000296763,0.000611589,0.00185025,0.0269512,0.935373,0.028915,0.00302698,0.00108125,0.000624492,0.000255474,0.000134188,0.000136769,5.6772e-05,8.5158e-05,6.45136e-05,4.90304e-05,8.77385e-05,0.000108383,
6.32119e-05,6.66287e-05,0.000136674,0.000275057,0.000502278,0.00156492,0.0308184,0.927921,0.0338969,0.00278816,0.00105239,0.000312643,0.000157175,0.000121298,8.02962e-05,5.12529e-05,3.41686e-05,4.7836e-05,5.12529e-05,5.80866e-05,
4.35204e-05,4.00846e-05,4.46657e-05,9.27671e-05,0.000161484,0.000395119,0.0012598,0.0358093,0.929797,0.0289605,0.00228024,0.00056462,0.000218747,9.16219e-05,5.84089e-05,4.23751e-05,2.74866e-05,4.00846e-05,2.97771e-05,4.23751e-05,
3.76221e-05,4.65326e-05,2.97016e-05,6.43536e-05,9.10851e-05,0.00018217,0.00035939,0.00162468,0.0390616,0.922411,0.0335252,0.00174646,0.00036632,0.000168309,8.41547e-05,5.64331e-05,3.76221e-05,3.76221e-05,3.46519e-05,3.46519e-05,
7.36386e-05,5.76302e-05,7.2358e-05,7.4279e-05,8.13227e-05,0.000124225,0.000181215,0.000378439,0.00132421,0.0348368,0.948918,0.0122861,0.000811306,0.000268301,0.000129988,8.90067e-05,8.26034e-05,8.64454e-05,6.01916e-05,6.33933e-05,
5.17597e-05,4.02576e-05,5.75108e-05,4.98427e-05,6.9013e-05,0.000109271,0.000182118,0.000379571,0.000985352,0.00365577,0.0531247,0.919401,0.0190361,0.00170232,0.000504178,0.000233877,0.000180201,0.000103519,8.24322e-05,5.17597e-05,
7.33148e-05,8.68916e-05,5.9738e-05,7.05994e-05,8.68916e-05,0.000103184,0.000162922,0.000282398,0.000556649,0.00117575,0.00342407,0.034162,0.931111,0.0253045,0.00206368,0.000621818,0.000290544,0.000179214,8.9607e-05,9.50377e-05,
0.000110437,8.03181e-05,0.000117131,0.000117131,6.02385e-05,0.000123824,0.000184062,0.000210835,0.000277767,0.000481908,0.00138883,0.003283,0.0402092,0.923403,0.026505,0.00202803,0.000726209,0.000314579,0.000244301,0.000133863,
0.000172016,6.88065e-05,8.25679e-05,5.50452e-05,6.88065e-05,6.53662e-05,8.25679e-05,0.000175457,0.000220181,0.000292428,0.000701827,0.000970172,0.00257681,0.0326762,0.930313,0.0284412,0.00178209,0.000657103,0.00041972,0.000178897,
0.000142317,0.000160485,8.17567e-05,7.87287e-05,7.26727e-05,0.000124149,7.26727e-05,0.000115065,0.000178654,0.000263438,0.000738839,0.000408784,0.000923548,0.00243756,0.0335687,0.93891,0.0191583,0.00163816,0.000581381,0.000345195,
0.000383064,0.000284305,0.000197517,9.5766e-05,9.87586e-05,8.37952e-05,7.18245e-05,0.000101751,0.000125693,0.000194525,0.00117313,0.000371093,0.000517735,0.000817003,0.00201408,0.0238607,0.948885,0.0186564,0.00137963,0.000688318,
0.000934513,0.000498597,0.000344744,0.000282063,0.000205137,0.000245025,0.000245025,0.000299158,0.000361839,0.000655299,0.00175506,0.000638204,0.000604014,0.0006496,0.00114535,0.00238757,0.0234882,0.944391,0.0190151,0.00185478,
0.0021647,0.00100165,0.000488956,0.000270587,0.000185139,0.000256346,0.000147161,0.000137667,0.000194633,0.000175644,0.00111083,0.000204127,0.00029907,0.000436737,0.000674094,0.00108235,0.00285303,0.0248608,0.942631,0.0208257,
0.0138004,0.000896296,0.0004623,0.000301052,0.000258167,0.000183548,0.000142378,0.000168967,0.000164678,0.000239298,0.00163906,0.000202417,0.000201559,0.000196413,0.000321637,0.000325068,0.000468304,0.000951188,0.0145955,0.964482,


0.91546,0.0194356,0.00254693,0.0012717,0.000839138,0.000648246,0.000508127,0.000488841,0.000525839,0.00062463,0.00129216,0.000401464,0.000360924,0.00035069,0.000420356,0.000567559,0.00083284,0.00135829,0.00363679,0.0484303,
0.0271364,0.941843,0.0187631,0.00199423,0.000941377,0.000492984,0.000465734,0.000416188,0.000428574,0.000582167,0.00172668,0.000341868,0.000282413,0.000317095,0.000215526,0.000270027,0.000383983,0.000517757,0.000857148,0.00202396,
0.00134288,0.0248507,0.951274,0.0160612,0.00169514,0.000687451,0.000435528,0.000269003,0.000241248,0.000132366,0.00112298,0.000102477,6.83181e-05,7.2588e-05,0.000106747,0.000117422,0.000183605,0.000277542,0.000326646,0.000631943,
0.000832211,0.00217436,0.0274875,0.936242,0.0248236,0.00306368,0.00139926,0.000628238,0.000412026,0.000236609,0.000828132,0.000159099,0.000167258,0.000171338,0.000142781,0.000101987,0.000187656,0.000203973,0.000261086,0.000477298,
0.000374464,0.000855917,0.00194008,0.0278102,0.934986,0.0273858,0.00293865,0.00110913,0.000613407,0.000363765,0.000538514,0.00017475,0.000124821,0.000110556,7.84591e-05,0.000110556,6.06275e-05,9.9857e-05,0.000146219,0.000178316,
0.000206082,0.000350013,0.000631332,0.00208045,0.0334082,0.932392,0.0242556,0.00317301,0.00123977,0.000536468,0.000657501,0.000209354,0.000166829,9.81345e-05,0.000111219,8.8321e-05,5.88807e-05,0.000107948,0.000121033,0.000107948,
9.81971e-05,0.000170553,0.000341106,0.000604687,0.00185541,0.0260481,0.935443,0.0297485,0.00300276,0.00104399,0.000671875,0.000250661,0.000155048,0.00011887,5.42668e-05,7.7524e-05,5.16827e-05,8.01081e-05,0.000100781,8.26923e-05,
7.98517e-05,8.69496e-05,0.000113567,0.000271496,0.000500404,0.00147459,0.029845,0.927695,0.0352412,0.0028161,0.000944024,0.000347798,0.000202291,9.75965e-05,6.03324e-05,3.19407e-05,4.4362e-05,5.67834e-05,4.25875e-05,4.7911e-05,
3.78673e-05,3.44248e-05,5.62272e-05,9.7537e-05,0.000173272,0.000363756,0.00130126,0.0348402,0.929828,0.0297786,0.00234663,0.00056342,0.000196222,0.000119339,6.19647e-05,5.04898e-05,5.16372e-05,2.29499e-05,3.90148e-05,3.67198e-05,
2.27782e-05,3.56528e-05,4.55563e-05,7.03152e-05,8.41802e-05,0.000181235,0.000399113,0.00155288,0.0380247,0.922389,0.034496,0.00185196,0.000376335,0.000189158,8.31898e-05,5.74406e-05,3.96142e-05,3.56528e-05,2.47589e-05,4.06046e-05,
5.19265e-05,5.51319e-05,5.70551e-05,7.05175e-05,8.4621e-05,0.000128214,0.000183987,0.000348741,0.00133663,0.0338099,0.949968,0.0123611,0.000762871,0.000287199,0.000122444,0.000108982,7.75693e-05,7.75693e-05,5.32087e-05,5.44908e-05,
3.47302e-05,3.66597e-05,6.56015e-05,7.52488e-05,6.17426e-05,0.000109979,0.000173651,0.000385891,0.000966657,0.00357335,0.0526934,0.919638,0.0193987,0.00170371,0.000505517,0.000194875,0.000148568,9.45433e-05,8.29666e-05,5.59542e-05,
7.58565e-05,7.31473e-05,8.3984e-05,5.68924e-05,8.12748e-05,0.000105657,0.00016255,0.00025737,0.00048494,0.0012435,0.00365195,0.0337345,0.931033,0.0257235,0.00182056,0.000688127,0.000357609,0.00016255,0.000116494,8.66931e-05,
0.000133753,9.3627e-05,0.000100315,7.35641e-05,9.02832e-05,0.000127065,0.000133753,0.000187254,0.000331038,0.000581825,0.00143116,0.00315322,0.0384807,0.924089,0.0275063,0.00208989,0.000685483,0.000371164,0.000200629,0.000140441,
0.000151333,6.53485e-05,6.19091e-05,6.19091e-05,7.22272e-05,8.25454e-05,0.0001135,0.000175409,0.000230439,0.000268273,0.000822015,0.00104558,0.00266897,0.032884,0.929093,0.0289115,0.00198109,0.000705076,0.00033706,0.000268273,
0.000228851,0.000123703,7.73146e-05,8.34998e-05,9.89627e-05,8.65924e-05,9.58702e-05,0.000105148,0.000167,0.000253592,0.000612332,0.000507184,0.00098035,0.00246788,0.0339319,0.937916,0.0195173,0.00169474,0.000640165,0.000411314,
0.000345345,0.000267154,0.000175931,9.44813e-05,0.000120545,0.000127061,9.77393e-05,0.000100997,0.000146609,0.000136835,0.00103929,0.000394215,0.000475665,0.00101975,0.00227081,0.0236562,0.947325,0.0197303,0.00172021,0.000755851,
0.000908744,0.000487916,0.000283601,0.000295799,0.000204315,0.000216513,0.000210414,0.000247008,0.000429976,0.000676984,0.0017321,0.000542807,0.000564153,0.000695281,0.000951437,0.00247008,0.0235603,0.941121,0.0222917,0.00211024,
0.00235124,0.0010692,0.000557405,0.00041552,0.000228029,0.000192558,0.000136818,0.000111481,0.000182423,0.000162154,0.001054,0.00028377,0.000369914,0.000471261,0.00064355,0.00117055,0.00271102,0.0253619,0.940991,0.0215361,
0.0265788,0.00325489,0.00132622,0.000740508,0.00050204,0.00046857,0.000552243,0.000560611,0.000573162,0.000899488,0.00204163,0.000870202,0.000661019,0.000556427,0.000652651,0.000778161,0.0013304,0.00342224,0.0374396,0.916791,


0.931826,0.0253114,0.00290617,0.00139279,0.000753675,0.000482352,0.000265294,0.000211029,0.000211029,0.000192941,0.000723528,0.000180882,0.000192941,0.000192941,0.000271323,0.000416029,0.000572793,0.00119382,0.00267705,0.0300264,
0.0271117,0.943348,0.018152,0.00179917,0.000891684,0.000571129,0.000410852,0.000413109,0.000426654,0.000595961,0.00168404,0.000370218,0.000241545,0.000243802,0.000257347,0.000209941,0.000300238,0.00048309,0.000663684,0.00182626,
0.00214992,0.0250576,0.942564,0.0214247,0.00266779,0.00120443,0.000627714,0.000368782,0.000306011,0.000235393,0.000902339,0.000192238,0.000141236,0.000129466,0.00012162,0.000200084,0.000200084,0.000262855,0.000408014,0.000835645,
0.00104621,0.00254293,0.0374849,0.925715,0.0252208,0.00292269,0.00112812,0.000740912,0.000443058,0.000268069,0.000569646,0.00015265,0.000134034,0.000134034,0.000126588,0.00015265,0.000148927,0.000238283,0.000331363,0.000498905,
0.000377543,0.000708783,0.00204443,0.0274324,0.93445,0.0282053,0.00306664,0.00124304,0.000566314,0.000299185,0.000580561,0.000135345,0.000117537,9.26048e-05,6.76727e-05,8.90431e-05,7.12345e-05,0.000138907,0.00010329,0.000210142,
0.000211321,0.000403135,0.00068598,0.00201243,0.0325629,0.932637,0.0250367,0.00301701,0.00120941,0.000617707,0.000598201,0.000188563,0.000146299,0.000156052,9.42817e-05,8.45284e-05,7.80262e-05,6.50218e-05,8.77795e-05,0.000107286,
9.56416e-05,0.000180944,0.000281755,0.000599699,0.00163366,0.0262575,0.934827,0.030445,0.00297781,0.00108566,0.000713435,0.000237812,0.000175774,8.78869e-05,7.49623e-05,5.42831e-05,3.87736e-05,6.97925e-05,7.75472e-05,8.5302e-05,
3.96426e-05,7.74832e-05,0.000145957,0.000255875,0.000565808,0.00152984,0.0285499,0.927687,0.0362333,0.00292274,0.00105053,0.000327952,0.000178392,0.000126135,6.48697e-05,6.48697e-05,2.34252e-05,3.60387e-05,5.76619e-05,6.30677e-05,
2.98582e-05,3.78969e-05,4.82324e-05,0.000104504,0.000204413,0.000408827,0.00134821,0.034028,0.929677,0.030631,0.00236568,0.000578789,0.000220491,0.000107949,6.66066e-05,3.90453e-05,3.90453e-05,2.87098e-05,1.83742e-05,1.72259e-05,
3.56067e-05,3.26394e-05,4.35192e-05,6.52789e-05,9.29729e-05,0.000156274,0.000402553,0.00157065,0.0368628,0.922786,0.0352654,0.00184462,0.000399586,0.000177044,8.1104e-05,5.14318e-05,4.84646e-05,3.16504e-05,3.16504e-05,2.07705e-05,
5.89926e-05,5.19392e-05,6.98934e-05,7.30996e-05,7.88706e-05,0.000116062,0.000184673,0.000339208,0.00131964,0.0326806,0.950762,0.0126225,0.000867576,0.000273162,0.000140428,8.91302e-05,8.0153e-05,7.4382e-05,5.96338e-05,5.77102e-05,
5.21826e-05,6.37787e-05,5.79807e-05,5.6048e-05,7.53748e-05,0.000112096,0.000195202,0.000427124,0.000950883,0.00365471,0.0508065,0.920876,0.0199086,0.00160993,0.000535355,0.000222259,0.000156548,0.000106298,6.37787e-05,6.95768e-05,
7.06255e-05,7.06255e-05,7.33419e-05,8.1491e-05,7.60582e-05,0.000127669,0.000171131,0.000287935,0.000497095,0.00123595,0.00361277,0.0325475,0.931197,0.0267317,0.00186614,0.000635629,0.000306949,0.000165698,0.000124953,0.00011952,
0.000129771,7.65317e-05,0.000126444,8.31866e-05,6.32219e-05,0.000119789,0.000129771,0.00019632,0.000379331,0.000638873,0.00169701,0.00365689,0.0380429,0.923319,0.0277843,0.00210296,0.000738697,0.000366021,0.000229595,0.000119789,
0.000103487,7.36684e-05,5.52513e-05,2.98182e-05,5.87594e-05,7.27914e-05,7.62995e-05,7.19144e-05,0.000128043,0.000211358,0.0012243,0.000491123,0.00101557,0.0157238,0.963026,0.0162921,0.000641091,0.00033677,0.000228898,0.000138567,
0.000197695,0.000116106,0.000119244,7.84503e-05,8.15883e-05,8.78644e-05,0.000103554,0.000125521,0.000147487,0.000185143,0.000875506,0.000429908,0.000866092,0.00249158,0.033514,0.938125,0.019895,0.00165687,0.000611913,0.000291835,
0.000394649,0.000272965,0.000197324,0.000144704,0.000121683,9.20847e-05,7.89297e-05,9.20847e-05,0.000115106,0.000157859,0.00113461,0.000325585,0.000427536,0.000957023,0.00241393,0.0237809,0.947094,0.0198771,0.00158846,0.000733389,
0.000890628,0.000405578,0.000309665,0.000252116,0.000191828,0.000186347,0.000243895,0.000389136,0.000424761,0.000545338,0.00175659,0.000602887,0.000493271,0.000734426,0.00111534,0.00254309,0.0234523,0.943474,0.0200569,0.00193198,
0.00230604,0.00100507,0.000571408,0.000341825,0.00021938,0.000193871,0.000193871,0.000163259,0.000107139,0.000260195,0.000959149,0.00021938,0.000321417,0.000484677,0.000744871,0.00112751,0.00280602,0.0250756,0.940482,0.0224176,
0.0272254,0.00285771,0.00138165,0.000557811,0.000459121,0.000424794,0.000429085,0.000420503,0.000583556,0.000785226,0.00177212,0.00055352,0.000467703,0.000566392,0.00050632,0.000750899,0.00121431,0.00288774,0.0283196,0.927836,


0.930928,0.0260023,0.00312679,0.00142784,0.00075308,0.000445823,0.000307257,0.000265084,0.000240986,0.000228936,0.000596439,0.000240986,0.000198813,0.000192789,0.000283158,0.000343405,0.000608489,0.00120493,0.00281351,0.0297918,
0.0268931,0.940919,0.0193294,0.00215176,0.000973104,0.000699907,0.000434515,0.000356458,0.000486552,0.000603637,0.00169383,0.00048395,0.00030442,0.000299217,0.000257586,0.00026279,0.000353856,0.000548997,0.000816991,0.00213094,
0.00146544,0.0246947,0.950071,0.0165536,0.00183698,0.000926268,0.000501153,0.000300692,0.000214286,0.000169355,0.00112846,0.000129608,0.000122696,0.000124424,0.000126152,0.00015553,0.000184908,0.000290323,0.000392282,0.000611752,
0.000800596,0.00218411,0.0279692,0.93586,0.0252723,0.00281131,0.00123594,0.000664089,0.000457484,0.000302529,0.000841179,0.000114371,0.000129128,9.96134e-05,9.96134e-05,0.000129128,0.000129128,0.00017709,0.000317287,0.000405832,
0.000345347,0.000786821,0.0020792,0.0264173,0.935153,0.0286709,0.00283754,0.00110013,0.000694254,0.000313304,0.000480637,0.000192255,8.90069e-05,6.76453e-05,7.12055e-05,0.000106808,0.000110369,8.90069e-05,0.00012817,0.000267021,
0.000181213,0.000292484,0.000734389,0.00197427,0.031779,0.933511,0.0251028,0.00305201,0.00122716,0.000534101,0.000648552,0.000216184,0.000117629,0.000101734,8.90169e-05,5.08668e-05,7.94794e-05,7.94794e-05,8.90169e-05,0.000139884,
0.000107483,0.000174362,0.00030573,0.000625791,0.0017269,0.0263453,0.934717,0.0302314,0.00303819,0.00106289,0.00065923,0.00028901,0.000152865,0.000102706,7.8821e-05,8.12095e-05,5.01588e-05,7.16555e-05,7.4044e-05,0.000105095,
8.93882e-05,0.00012033,0.000183131,0.000326152,0.000793263,0.00262572,0.0700817,0.901904,0.0179689,0.00324387,0.00136672,0.000460464,0.000238827,0.000147147,8.87006e-05,7.54069e-05,6.53221e-05,6.62389e-05,7.42609e-05,8.04494e-05,
3.92434e-05,4.92824e-05,4.74572e-05,0.00010039,0.000170663,0.000413425,0.00145292,0.0349266,0.930828,0.0285756,0.00222136,0.000569486,0.000238198,0.000125944,6.47973e-05,4.10687e-05,4.56319e-05,2.92044e-05,2.82918e-05,3.19423e-05,
3.0684e-05,2.77146e-05,4.05821e-05,5.34496e-05,0.00010393,0.000169257,0.000372167,0.00152034,0.0358587,0.922507,0.0366041,0.00183114,0.000467189,0.000149461,8.31438e-05,5.147e-05,3.46432e-05,3.36534e-05,2.37554e-05,3.76127e-05,
5.25102e-05,4.99487e-05,5.69928e-05,7.23616e-05,9.73359e-05,0.000115907,0.000165215,0.000357966,0.00131275,0.0318084,0.951313,0.012995,0.000840803,0.000259989,0.000135758,0.00010438,7.81249e-05,7.10809e-05,6.46772e-05,4.80276e-05,
4.83546e-05,4.64204e-05,6.76964e-05,6.38281e-05,5.02888e-05,0.000131524,0.000164406,0.000344285,0.000920671,0.00375232,0.0493081,0.92211,0.0202277,0.00163052,0.00054544,0.000228234,0.000135393,9.28408e-05,6.18939e-05,6.96306e-05,
0.00010074,8.44038e-05,4.90087e-05,5.98995e-05,5.71768e-05,0.000103463,0.000138858,0.000266825,0.000525482,0.00121433,0.00360214,0.0319373,0.931516,0.0270855,0.00190317,0.000593549,0.000356674,0.000196035,0.000125244,8.44038e-05,
0.000127568,9.73546e-05,8.05694e-05,6.37841e-05,8.05694e-05,9.06405e-05,9.06405e-05,0.000224923,0.000345777,0.000614341,0.00153417,0.00319256,0.0369981,0.924362,0.0285283,0.00215859,0.000731838,0.000362562,0.00017121,0.000144353,
0.000109958,7.216e-05,9.62133e-05,8.93409e-05,6.87238e-05,7.55962e-05,8.59048e-05,0.000113394,0.000237097,0.00033331,0.000769707,0.00105147,0.00273177,0.0309223,0.929335,0.0306886,0.00203079,0.000676929,0.000319566,0.000192427,
0.000223493,0.000111747,0.000121607,0.000105173,0.000101887,8.87399e-05,8.54532e-05,0.000131467,0.00015776,0.00023664,0.000709919,0.000539013,0.000916979,0.0027345,0.034109,0.936074,0.020729,0.00183067,0.000647473,0.0003451,
0.000467387,0.000258207,0.000143812,0.000114396,0.000127469,0.000130738,0.000120932,0.000140543,0.000124201,0.000153617,0.000957654,0.000415092,0.000532756,0.000970728,0.00231733,0.0237158,0.946914,0.0200944,0.00160807,0.00069291,
0.000992394,0.000593552,0.00038628,0.000235536,0.000172727,0.000172727,0.000244958,0.000354875,0.000392561,0.000659502,0.00178694,0.000593552,0.000606114,0.000722312,0.00102066,0.00252495,0.0242132,0.940441,0.0218515,0.00203504,
0.0021953,0.00115401,0.000644098,0.000440134,0.000273742,0.000187862,0.000257639,0.000134187,0.000177127,0.000220067,0.000966147,0.000289844,0.000434766,0.000418664,0.000617261,0.00121305,0.00280183,0.0251037,0.938789,0.0236813,
0.0274041,0.00279317,0.00118821,0.000820217,0.000403458,0.000399025,0.000452228,0.000483263,0.000607404,0.0010419,0.00207049,0.000704943,0.000571935,0.000523166,0.000576369,0.000753713,0.00126801,0.00315673,0.0280204,0.926761,


0.931829,0.0258097,0.00327428,0.00120157,0.000738965,0.000444581,0.00025233,0.00022229,0.000180235,0.000240314,0.000636832,0.00016822,0.000198259,0.00022229,0.000282369,0.000372486,0.000726949,0.00113548,0.00281768,0.0292462,
0.026799,0.935913,0.0220614,0.00239461,0.00117794,0.000729357,0.000555086,0.000558313,0.000580904,0.000932673,0.00207512,0.000496995,0.000396951,0.000296906,0.000274316,0.000296906,0.000429223,0.000642221,0.000974627,0.00241398,
0.00187217,0.0248498,0.942412,0.0219582,0.00265902,0.00106981,0.000608551,0.000395364,0.000282957,0.0002597,0.00101554,0.000151169,9.6903e-05,0.000147293,0.000166673,0.000147293,0.000182178,0.000348851,0.000488391,0.000887631,
0.000851684,0.00205021,0.0252615,0.938675,0.0254079,0.00289418,0.00103281,0.000685972,0.000300594,0.000316009,0.000813146,0.000154151,0.000100198,0.000131028,0.000123321,0.000127174,0.000127174,0.000219665,0.000323717,0.000404646,
0.000363276,0.000740006,0.00179956,0.0256143,0.937015,0.0281236,0.00262029,0.00111337,0.000581914,0.000333003,0.000571823,0.000151365,9.41825e-05,9.08189e-05,7.73642e-05,9.08189e-05,0.000114365,0.000111001,0.000117728,0.00027582,
0.000200557,0.000358571,0.000641174,0.00205115,0.0300531,0.935363,0.0249116,0.00298708,0.00113649,0.000571283,0.000717142,0.00026437,0.000127627,0.000115472,7.29297e-05,6.9891e-05,8.81234e-05,7.59684e-05,9.11621e-05,0.000103317,
0.000116151,0.000172936,0.000330386,0.000619473,0.0017242,0.0250809,0.935175,0.0313608,0.00281344,0.000988576,0.000645285,0.000237465,0.000196166,0.000141963,7.4853e-05,6.96907e-05,5.6785e-05,6.19473e-05,6.71096e-05,6.71096e-05,
6.93139e-05,8.17548e-05,0.000138628,0.000252374,0.00050297,0.0014858,0.0271995,0.927121,0.038343,0.00293429,0.000917076,0.000337683,0.000197278,0.000110191,7.28684e-05,5.15411e-05,4.4432e-05,4.79865e-05,4.97638e-05,4.26547e-05,
3.76848e-05,5.27587e-05,5.06053e-05,9.90572e-05,0.000162583,0.000375771,0.00124683,0.0327696,0.931253,0.0305785,0.00226109,0.000563119,0.000208882,0.000103364,6.56793e-05,4.30684e-05,4.09149e-05,2.04575e-05,3.44547e-05,3.23013e-05,
2.0739e-05,1.624e-05,2.56768e-05,3.22606e-05,5.94737e-05,0.000114778,0.000301428,0.00130776,0.0706164,0.916179,0.0100789,0.000817159,0.000199818,8.74548e-05,4.33434e-05,2.80909e-05,2.20557e-05,1.73373e-05,1.47038e-05,1.71179e-05,
5.19487e-05,5.77208e-05,6.22102e-05,7.3113e-05,8.78638e-05,0.000120572,0.000161618,0.00036813,0.0013077,0.030905,0.951814,0.0133944,0.000818352,0.000280908,0.000146867,9.68426e-05,7.18303e-05,6.41342e-05,6.54169e-05,5.13073e-05,
1.28348e-05,1.34765e-05,1.26423e-05,1.52734e-05,1.81612e-05,2.86858e-05,4.62052e-05,9.37581e-05,0.000299243,0.00128264,0.0712439,0.919359,0.00654664,0.000683709,0.000177377,7.50835e-05,3.56165e-05,2.29101e-05,1.91238e-05,1.34765e-05,
7.05644e-05,8.14204e-05,6.78503e-05,6.51363e-05,8.68484e-05,0.000132987,0.000170983,0.000230691,0.000537375,0.0011616,0.00356079,0.0317811,0.931156,0.0275825,0.00192152,0.000656791,0.000301255,0.000173697,0.000160127,0.000100419,
0.000125936,0.000106051,0.000125936,9.61089e-05,9.9423e-05,0.000155763,0.000178961,0.000205474,0.000357923,0.00079207,0.00155763,0.00363557,0.0356697,0.924637,0.0289354,0.00189898,0.000689333,0.000344666,0.000231987,0.000155763,
0.000144047,0.00011318,0.000116609,8.91718e-05,6.85937e-05,0.00010632,8.91718e-05,0.000116609,0.00021264,0.00032925,0.000857421,0.00112151,0.0027266,0.0307025,0.928889,0.0311758,0.00193091,0.00065507,0.000342968,0.00021264,
0.00013588,7.95121e-05,6.99931e-05,6.77533e-05,6.79399e-05,6.47669e-05,6.71933e-05,8.86579e-05,0.000109376,0.000171343,0.000709636,0.000343806,0.000590368,0.0016998,0.0340767,0.946741,0.0133857,0.000917189,0.000375909,0.000237416,
0.000374201,0.000195528,0.000121362,0.000124734,0.000138218,0.000144961,0.000117991,0.000107878,0.000144961,0.000239354,0.000977642,0.000384315,0.000478708,0.000869765,0.00259581,0.023605,0.945663,0.0212654,0.00172267,0.000728175,
0.000600832,0.000357332,0.00030883,0.000211826,0.000201927,0.000194009,0.000222714,0.000329616,0.000375149,0.000488981,0.00172331,0.000602812,0.000566188,0.00067705,0.000830475,0.00197671,0.0235087,0.947047,0.0182269,0.00155009,
0.00213724,0.00113362,0.000613612,0.000416008,0.000260005,0.000213204,0.000176803,0.000182003,0.000104002,0.000208004,0.000930818,0.000187204,0.000327606,0.000390007,0.000676013,0.00117002,0.00274565,0.0252101,0.939772,0.0231456,
0.0275912,0.00311548,0.00123085,0.000745875,0.000488041,0.000417444,0.000491111,0.0005525,0.000675277,0.00099143,0.0020289,0.000887069,0.000675277,0.000644583,0.00060775,0.000761222,0.00116025,0.00334569,0.0355503,0.91804,


0.931991,0.0268033,0.00325292,0.00140879,0.000695326,0.00050789,0.000320455,0.000259992,0.000205575,0.00022976,0.000707419,0.000157204,0.000259992,0.000211621,0.000326501,0.000374872,0.000616724,0.00107624,0.0027813,0.027813,
0.0271337,0.935219,0.023126,0.00244913,0.00117545,0.000841481,0.000602461,0.000523879,0.000504234,0.000854578,0.00138828,0.000464943,0.000389635,0.000314327,0.00030123,0.000314327,0.000435474,0.000422377,0.000877497,0.00266196,
0.00193797,0.0242531,0.943871,0.0214125,0.00255236,0.00112637,0.000584046,0.000402005,0.00024272,0.000231343,0.000819181,0.000178248,0.000125153,6.82651e-05,9.48126e-05,0.000144115,0.000204795,0.000341325,0.000523366,0.000887446,
0.000864246,0.00210801,0.0251834,0.938763,0.0251646,0.00286704,0.00120243,0.000627518,0.000383274,0.000293092,0.000781579,0.000229213,0.000116485,9.01822e-05,0.000131516,0.000139031,0.000180364,0.000225455,0.000255516,0.000394547,
0.000362973,0.000729338,0.00202518,0.0250214,0.937304,0.0282135,0.00261205,0.00114998,0.000519017,0.000312089,0.000580078,0.000101768,0.000142475,8.48067e-05,9.83758e-05,8.14144e-05,8.8199e-05,0.000135691,0.000189967,0.000247636,
0.000207573,0.000302202,0.000695981,0.00199331,0.0297074,0.935927,0.0250889,0.00279308,0.00106839,0.000576932,0.000647141,0.000183153,0.000119049,0.000112944,6.71561e-05,0.000128207,7.63137e-05,9.15765e-05,8.85239e-05,0.000125155,
0.000113758,0.000160296,0.000299908,0.000563621,0.00195975,0.0238763,0.935292,0.0318084,0.00307923,0.00105485,0.000723916,0.000320592,0.000168052,0.000121515,8.79041e-05,6.46354e-05,8.27333e-05,5.17083e-05,6.46354e-05,0.000106002,
4.51494e-05,0.000102941,0.000126418,0.000213105,0.000502062,0.00153147,0.0266291,0.92684,0.0392439,0.00278662,0.00106372,0.000316046,0.000167956,0.000121,7.04331e-05,6.32092e-05,4.15375e-05,4.51494e-05,4.69554e-05,4.33434e-05,
3.44046e-05,4.24323e-05,5.61941e-05,7.79837e-05,0.000155967,0.000376157,0.0012787,0.0308231,0.930767,0.0329091,0.00232116,0.000599786,0.000246566,9.63328e-05,5.50473e-05,3.55514e-05,3.7845e-05,2.86705e-05,2.17896e-05,3.66982e-05,
3.56657e-05,2.67493e-05,3.86378e-05,5.84521e-05,7.33128e-05,0.000158514,0.000387369,0.00156335,0.0340855,0.922715,0.0381455,0.00186651,0.000413128,0.000178329,7.23221e-05,5.84521e-05,4.26007e-05,3.66564e-05,1.68421e-05,2.67493e-05,
2.49265e-05,2.10957e-05,1.85042e-05,1.85648e-05,2.09273e-05,3.18557e-05,5.94848e-05,0.000171076,0.000960973,0.0594703,0.932083,0.00621783,0.000593058,0.000118579,4.89101e-05,2.93838e-05,2.66895e-05,2.82236e-05,2.88853e-05,2.76106e-05,
4.63634e-05,6.18178e-05,7.53405e-05,3.86361e-05,9.07949e-05,0.000110113,0.000197044,0.000353521,0.000952381,0.00370327,0.0464155,0.923493,0.0217348,0.00156863,0.000533179,0.000272385,0.000112045,9.07949e-05,7.72723e-05,7.34087e-05,
8.70305e-05,3.80759e-05,8.15911e-05,6.25532e-05,8.15911e-05,9.247e-05,0.000163182,0.000231175,0.000519464,0.00109604,0.00351386,0.0308197,0.931858,0.0281353,0.00194731,0.000625532,0.000285569,0.000146864,0.000114228,0.000100629,
7.24229e-05,6.03524e-05,5.48658e-05,5.59631e-05,7.46175e-05,8.01041e-05,8.22987e-05,0.000148138,0.000229339,0.000392839,0.00141444,0.00140237,0.0185008,0.957933,0.0176855,0.000903092,0.000400521,0.000204101,0.000187641,0.000117413,
