0.931357,0.0237361,0.00299863,0.00136082,0.000523857,0.000415472,0.000325152,0.000325152,0.000258918,0.000162576,0.000614177,0.000174619,0.000252896,0.000258918,0.000210747,0.0004516,0.000620198,0.00124642,0.0025109,0.0321961,
0.0269774,0.94995,0.0147395,0.00153357,0.000780203,0.000438984,0.000331634,0.000237703,0.000216617,0.000207032,0.00121152,0.000164859,0.00013227,0.000105433,0.000166776,0.000182111,0.000224284,0.000402562,0.000623012,0.00137446,
0.00176454,0.024506,0.947964,0.0180792,0.00231818,0.000880649,0.000540693,0.000411186,0.000203974,0.000155409,0.000744667,0.00018131,0.000135983,0.000135983,0.000132745,0.000203974,0.000178072,0.000249301,0.000440325,0.000773806,
0.00135084,0.00314807,0.0403828,0.927517,0.0181614,0.00267883,0.00134393,0.000865665,0.000612183,0.000391648,0.0010405,0.000224786,0.000163674,0.0001658,0.000165268,0.000185993,0.000225849,0.000306092,0.000403339,0.000666387,
0.000378866,0.000721991,0.0022732,0.029187,0.935207,0.0255234,0.00291298,0.00109371,0.000621913,0.000346699,0.000486093,0.000153691,0.000139394,0.000110801,8.22069e-05,0.000110801,0.000128672,0.000117949,0.000185859,0.000218027,
0.000305792,0.000504071,0.00103762,0.00356333,0.0854574,0.887466,0.0153673,0.00272098,0.00117192,0.000596177,0.000589814,0.000220385,0.000148709,0.000118566,0.000102824,0.000102824,9.2441e-05,0.000112202,0.000146365,0.000174834,
0.000238497,0.00030689,0.000569062,0.00145729,0.00527325,0.0764235,0.886711,0.0200991,0.00429602,0.00194481,0.00106842,0.000436222,0.00023236,0.000170982,0.000126263,0.000108727,0.000109165,0.000111357,0.000136347,0.000180627,
6.90888e-05,6.72706e-05,0.000127269,0.000238174,0.000507257,0.00144905,0.0319336,0.92827,0.0324972,0.00298536,0.000925426,0.000365443,0.000183631,8.90882e-05,7.81794e-05,5.45438e-05,3.27263e-05,2.909e-05,5.45438e-05,4.3635e-05,
4.47662e-05,4.36183e-05,6.54275e-05,8.4941e-05,0.000159551,0.000383382,0.00127067,0.0377873,0.929407,0.027343,0.00228767,0.00053949,0.000223831,0.00012282,5.50969e-05,5.3949e-05,3.67312e-05,2.86963e-05,3.55834e-05,2.64006e-05,
8.73303e-05,0.000109854,0.000127439,0.000188689,0.000355644,0.000663473,0.00189538,0.00850305,0.0707719,0.89388,0.0195586,0.00205542,0.000767203,0.000357224,0.000213979,0.0001306,9.95802e-05,8.23908e-05,7.90319e-05,7.33021e-05,
0.0001124,0.000116639,0.000121296,0.000125412,0.000153974,0.000230468,0.000407779,0.00122026,0.0068883,0.0594449,0.92372,0.00554019,0.00081164,0.000322364,0.000189608,0.000134875,0.000120483,0.000112153,0.000108826,0.000118019,
5.5824e-05,4.61992e-05,4.23492e-05,8.27735e-05,6.54488e-05,0.000113573,0.000179022,0.000394618,0.00100483,0.00352654,0.0567557,0.916753,0.0181774,0.00175942,0.000473541,0.000225221,0.000130898,9.04733e-05,6.15989e-05,6.15989e-05,
0.000271138,0.000210468,0.000167207,0.000145889,0.000166477,0.000227668,0.000385441,0.000859071,0.00227876,0.00807862,0.0208855,0.0728761,0.873121,0.0159237,0.00200049,0.000864231,0.000486192,0.000383773,0.000347079,0.000321018,
0.000270568,0.000226813,0.000178533,0.000159289,0.000156048,0.000194401,0.000283128,0.000501635,0.00108214,0.00278448,0.00570577,0.00762318,0.0429119,0.919434,0.0150977,0.00138282,0.000753566,0.000507037,0.000404265,0.000342616,
0.000290935,0.000232764,0.000189135,0.000161379,0.000157,0.00017772,0.000228933,0.000338473,0.000612755,0.00128454,0.00295525,0.00253202,0.00341976,0.033746,0.935809,0.0150542,0.00125147,0.000722921,0.000469203,0.000366777,
0.000385728,0.000287389,0.000224716,0.000186061,0.000179567,0.000190493,0.00025564,0.000348207,0.00053602,0.000906904,0.00229303,0.00137035,0.00176402,0.00258454,0.0340847,0.935531,0.0161332,0.00147158,0.000750634,0.000516434,
0.000606767,0.000427343,0.000327947,0.000281952,0.000259595,0.000302743,0.000387186,0.000471629,0.000697903,0.00110702,0.00265234,0.00124216,0.00126409,0.0016396,0.00292177,0.0235971,0.93861,0.0202104,0.00204074,0.000951518,
0.000804824,0.000522385,0.000368698,0.000292872,0.000230531,0.000225442,0.000255722,0.000308647,0.000374041,0.000488543,0.00184858,0.000588288,0.00067989,0.000818056,0.00135418,0.00275747,0.0235526,0.945672,0.0172349,0.00162263,
0.0019883,0.00109097,0.000599795,0.000363655,0.000250308,0.000217249,0.000250308,0.000226694,0.000292813,0.000250308,0.00109097,0.000198357,0.000410883,0.00040616,0.000580904,0.00115708,0.00239918,0.0248041,0.943232,0.02019,
0.0274694,0.00313056,0.00128701,0.000710587,0.000482007,0.000536667,0.000516791,0.000501883,0.00058139,0.00103358,0.00188827,0.000814939,0.000730464,0.000730464,0.000616174,0.000819908,0.00124229,0.00361257,0.0308633,0.922432,


0.931239,0.0240789,0.00301138,0.00132766,0.000802631,0.000386229,0.000356054,0.000283637,0.000217254,0.000223288,0.000712109,0.000229323,0.000211219,0.000241393,0.000247428,0.000518995,0.000621587,0.00120093,0.00267946,0.0314112,
0.0270444,0.946156,0.0149979,0.00154023,0.000920836,0.000629595,0.000525172,0.000414835,0.000413,0.000502942,0.00162936,0.000281248,0.000246984,0.000212924,0.000218431,0.000254938,0.000355282,0.000529047,0.000888612,0.00223836,
0.0021892,0.0248593,0.945639,0.0186247,0.00242329,0.00112098,0.000537409,0.000441797,0.000319808,0.000211007,0.000992394,0.000125286,0.000154959,0.000115395,0.000204413,0.00017474,0.000201116,0.000286838,0.000553894,0.000824247,
0.00104984,0.00218504,0.0288664,0.93497,0.0247481,0.00313672,0.00118641,0.000665753,0.000401159,0.000315806,0.0007255,0.000187777,0.000119494,0.000106691,0.000119494,0.000102424,0.000157903,0.000196312,0.000268862,0.00049078,
0.000243614,0.000365943,0.000758026,0.0167675,0.96326,0.0143262,0.00116265,0.000559371,0.000320985,0.000231067,0.00122225,0.000121284,7.63253e-05,5.33232e-05,6.27332e-05,7.42342e-05,8.78264e-05,7.73709e-05,9.30542e-05,0.000135922,
0.000219697,0.000350859,0.000721392,0.00210187,0.0356171,0.930546,0.0238027,0.00309871,0.00126571,0.00062302,0.000603346,0.000203301,0.000144278,8.19764e-05,8.52554e-05,0.000108209,8.85345e-05,7.86973e-05,0.000111488,0.000147557,
0.000134636,0.000201954,0.000300342,0.000590328,0.00178134,0.0275797,0.935856,0.0277118,0.00303967,0.00110039,0.000668003,0.000310699,0.0002149,0.000103566,6.47289e-05,6.21398e-05,6.21398e-05,5.43723e-05,6.99073e-05,9.32097e-05,
5.99386e-05,6.1755e-05,0.000128959,0.000263367,0.000506754,0.00152208,0.0314968,0.92864,0.032652,0.00286616,0.000908161,0.000345101,0.000172551,9.26325e-05,7.62855e-05,6.1755e-05,3.26938e-05,2.72448e-05,4.17754e-05,4.35917e-05,
3.12227e-05,5.08815e-05,7.40094e-05,7.40094e-05,0.000166521,0.000390862,0.00133564,0.0366,0.929841,0.0280415,0.00227579,0.000573573,0.000204682,0.000104076,7.51658e-05,4.62559e-05,3.58483e-05,2.42843e-05,2.54407e-05,2.89099e-05,
3.66768e-05,1.38777e-05,4.26244e-05,6.83972e-05,8.82225e-05,0.000170497,0.000410383,0.0015543,0.0410254,0.921538,0.0323568,0.00181699,0.000437147,0.000165541,8.624e-05,5.55108e-05,4.85719e-05,2.97379e-05,2.97379e-05,2.47816e-05,
5.56079e-05,5.69011e-05,6.854e-05,7.62992e-05,8.27652e-05,0.000115742,0.00016941,0.000348519,0.00133006,0.0368861,0.947447,0.0117843,0.000819893,0.000251529,0.000137727,0.00010087,8.1472e-05,6.98332e-05,5.10817e-05,6.59536e-05,
0.000206373,0.000165901,0.000133488,0.000126411,0.000149189,0.000245387,0.00053309,0.00134333,0.00502937,0.0320289,0.134734,0.801565,0.0185713,0.00289746,0.000862721,0.00038286,0.000257817,0.00025187,0.000265787,0.000249223,
5.26764e-05,4.71315e-05,6.65386e-05,8.04008e-05,6.65386e-05,0.000133077,0.000169119,0.000271699,0.000565578,0.0011672,0.00355704,0.034991,0.931529,0.0239373,0.00195734,0.00071529,0.000263382,0.000185754,0.000144167,9.98079e-05,
0.000138637,0.000101441,6.76277e-05,0.000104823,7.77718e-05,0.000101441,0.000114967,0.000229934,0.000300943,0.000493682,0.00157572,0.00333742,0.0396535,0.924318,0.0258405,0.00202207,0.000737141,0.000331376,0.00021979,0.000233315,
0.000146775,8.87478e-05,8.1921e-05,9.55746e-05,8.53344e-05,8.1921e-05,9.89879e-05,0.000153602,0.000177496,0.000331098,0.000873825,0.000979639,0.00269657,0.0336218,0.930592,0.0266687,0.00192514,0.000686089,0.000413019,0.000201389,
0.000266984,0.000193137,9.37284e-05,7.66869e-05,8.23674e-05,8.23674e-05,7.95272e-05,0.000122131,0.000136332,0.000204498,0.000749827,0.000471482,0.000908882,0.00230345,0.0337678,0.940312,0.0178027,0.00151386,0.000519767,0.000312428,
0.000379589,0.000203958,0.000181296,0.000141638,7.93172e-05,0.000101979,8.21499e-05,0.000107645,0.000172798,0.000155802,0.000920646,0.000303105,0.000447576,0.000784674,0.0022832,0.0236195,0.950118,0.0178095,0.00149003,0.000617541,
0.000721822,0.00041285,0.000311635,0.000215747,0.000189112,0.000258364,0.000250374,0.000261028,0.000386215,0.000471448,0.00145163,0.000508738,0.000535373,0.000596635,0.000942896,0.00212285,0.0233673,0.946713,0.0184078,0.00187514,
0.00192124,0.000879839,0.000546705,0.000404574,0.000355104,0.00038096,0.000468988,0.000566582,0.00077552,0.00121357,0.0029317,0.00107428,0.000803318,0.000772979,0.00081662,0.00112763,0.00240472,0.0251569,0.937355,0.0200437,
0.0219196,0.00267874,0.00134025,0.000866462,0.000663661,0.000551385,0.000525521,0.000500244,0.000563142,0.000704809,0.0016812,0.000592533,0.000580189,0.000575486,0.000730674,0.00103341,0.00186519,0.00393376,0.03767,0.921024,


0.930678,0.0245622,0.0031244,0.00115848,0.000731366,0.000520733,0.000310099,0.000175528,0.00025159,0.000257441,0.00062605,0.000169677,0.000169677,0.000198932,0.000269143,0.000392012,0.000637751,0.0012521,0.00288451,0.0316301,
0.0270309,0.937866,0.0213418,0.00238991,0.00104183,0.000561959,0.000457776,0.000438833,0.000492504,0.000760855,0.00169535,0.000489346,0.000356749,0.000331493,0.000325179,0.000347278,0.000378849,0.000580902,0.000921866,0.00219101,
0.00185793,0.0245901,0.947364,0.0181576,0.00234075,0.000990081,0.00058977,0.000406422,0.000250576,0.00015279,0.00118871,0.000113065,9.77858e-05,9.473e-05,0.000113065,0.000165013,0.00018946,0.000262799,0.000363641,0.000712003,
0.00089143,0.00216857,0.0296529,0.934111,0.0249643,0.00318858,0.00132,0.000548572,0.000437143,0.000325715,0.000750001,0.000137143,0.00015,0.000128572,7.7143e-05,0.00012,0.000137143,0.000171429,0.000274286,0.000445715,
0.00054504,0.00101049,0.00277235,0.0560712,0.91571,0.0168655,0.0023826,0.00119563,0.000649289,0.000448576,0.000732776,0.000220179,0.000170866,0.000117659,0.000125446,0.00013626,0.000135827,0.000152265,0.00024224,0.000315344,
0.000190638,0.000325399,0.000755977,0.0019754,0.0353633,0.931236,0.0238166,0.00306006,0.00112411,0.000611355,0.000542331,0.000184064,0.000151195,0.000111753,6.24503e-05,8.21714e-05,6.57371e-05,0.000101893,7.88846e-05,0.000161056,
0.000106924,0.000155525,0.00029161,0.0005978,0.00180798,0.0286531,0.935632,0.0271756,0.0029647,0.00104493,0.000639111,0.000235718,0.000155525,0.000116644,5.83219e-05,7.04723e-05,5.83219e-05,7.77626e-05,7.77626e-05,8.01927e-05,
6.1803e-05,7.23977e-05,0.000151859,0.000217193,0.000520911,0.00156979,0.0309809,0.92777,0.0339387,0.00279349,0.00098355,0.000344331,0.000173048,0.000107714,6.1803e-05,6.53345e-05,5.82714e-05,3.70818e-05,3.70818e-05,5.47398e-05,
3.70268e-05,3.47127e-05,6.24828e-05,8.67816e-05,0.000166621,0.000398039,0.00131098,0.0358489,0.929927,0.028675,0.00237666,0.000551931,0.00019092,0.000124966,4.97548e-05,4.28123e-05,3.81839e-05,2.19847e-05,1.85134e-05,3.70268e-05,
3.174e-05,2.87644e-05,4.06669e-05,6.64557e-05,8.72851e-05,0.000154733,0.000381872,0.00155923,0.0399339,0.922109,0.0330017,0.0017457,0.000440393,0.00014779,7.93501e-05,6.05045e-05,3.66994e-05,3.27319e-05,2.28132e-05,3.86832e-05,
4.40581e-05,5.50726e-05,5.63684e-05,6.99746e-05,8.81161e-05,0.000116624,0.000178824,0.000386804,0.00133664,0.0361872,0.947947,0.011978,0.000798228,0.00028249,0.000138653,9.52432e-05,6.73829e-05,6.93266e-05,5.63684e-05,4.72976e-05,
5.33978e-05,4.57696e-05,3.62342e-05,6.10261e-05,8.7725e-05,0.000125866,0.000156379,0.000337551,0.000953532,0.00373594,0.0540958,0.918452,0.0190173,0.00172399,0.000507279,0.000226941,0.000146844,9.72603e-05,8.20038e-05,5.72119e-05,
6.91442e-05,5.80812e-05,6.63785e-05,8.29731e-05,7.191e-05,0.00014382,0.000135523,0.000271045,0.00052273,0.00116715,0.00372826,0.0341462,0.931163,0.0250662,0.00195816,0.000641659,0.000318064,0.000177009,0.000121694,9.12704e-05,
0.00012428,0.000117562,0.000114203,8.73318e-05,9.74086e-05,9.06908e-05,0.000141075,0.000255278,0.000386275,0.000789346,0.00166602,0.00338579,0.0380666,0.925419,0.0256588,0.00207581,0.00071209,0.00037284,0.000275431,0.000164587,
0.000110078,9.97582e-05,9.63182e-05,7.91186e-05,8.25585e-05,9.63182e-05,0.000116958,0.000134158,0.000247675,0.000330234,0.000832465,0.00110766,0.00281043,0.0337733,0.929526,0.0275573,0.00181285,0.000622629,0.000347434,0.000216716,
0.000178081,0.000146988,0.000115894,8.48006e-05,0.000121548,8.76273e-05,7.63206e-05,9.61074e-05,0.000169601,0.000234615,0.00104305,0.000537071,0.000842353,0.00236311,0.0338694,0.939277,0.0183085,0.00152641,0.000624698,0.000296802,
0.000363775,0.000299751,0.000165881,0.000104767,0.000101857,0.000128049,0.000101857,9.31264e-05,0.000125139,0.000160061,0.00115826,0.000349224,0.00043944,0.000835227,0.00210698,0.0231914,0.95048,0.0176329,0.00156278,0.000599501,
0.000782767,0.000492501,0.000306921,0.000171305,0.000157029,0.000147512,0.000235544,0.000235544,0.000292645,0.000413986,0.00153936,0.000492501,0.000444916,0.000637634,0.000861281,0.00222696,0.0234545,0.946241,0.0189458,0.00192004,
0.00223847,0.00106033,0.000527602,0.000358564,0.00024075,0.000220261,0.000199772,0.00017416,0.000163915,0.000143426,0.00108082,0.000281729,0.000368809,0.000379054,0.000635171,0.00115253,0.00281217,0.0251763,0.940212,0.0225742,
0.0275976,0.00343525,0.00117078,0.000679341,0.000476984,0.000409532,0.000496256,0.000467348,0.000847972,0.00107442,0.00208139,0.000799792,0.000746794,0.000698613,0.000582981,0.000838336,0.00147913,0.00358461,0.0304451,0.922088,


0.931446,0.0242789,0.00347963,0.00134715,0.000555774,0.000471199,0.000289969,0.000229559,0.000205395,0.000217477,0.000694717,0.000157066,0.000157066,0.000138943,0.000223518,0.000289969,0.000634307,0.00133507,0.00276679,0.031081,
0.0269852,0.952569,0.0133574,0.00111442,0.000646165,0.000481066,0.000317389,0.000187872,0.000136634,0.00016083,0.00126102,9.82057e-05,9.82057e-05,0.000125248,0.000138057,0.00014802,0.000214914,0.00037432,0.000482489,0.00110303,
0.00181974,0.0246403,0.95186,0.014066,0.0014685,0.000840433,0.000554338,0.000399235,0.000274039,0.000248536,0.00138921,0.000167391,0.000125659,0.00013076,0.000151858,0.000153944,0.000210282,0.000292587,0.000450936,0.000756738,
0.0010473,0.00218224,0.02854,0.935024,0.0249687,0.00315066,0.00126202,0.000639773,0.000394381,0.00032865,0.000736177,0.000157752,0.000127078,0.000100786,0.000113932,0.00017528,0.000162134,0.000170898,0.000276066,0.000442583,
0.000361762,0.000684124,0.0019879,0.0276623,0.934969,0.0274259,0.00307677,0.00115692,0.000673379,0.000329526,0.000551598,0.000154018,0.000118199,0.000121781,6.80543e-05,7.16361e-05,8.59633e-05,0.000107454,0.000200581,0.000193417,
0.00015083,0.00033117,0.000747592,0.00200997,0.0340942,0.931785,0.0244509,0.00290184,0.00131157,0.000580368,0.000541021,0.000222966,0.000140993,0.000111483,0.000114762,9.83674e-05,9.50885e-05,9.50885e-05,0.000118041,9.83674e-05,
0.000144979,0.00014239,0.000297725,0.000613573,0.00185366,0.0266374,0.935632,0.0289726,0.00303421,0.00108217,0.000618751,0.000258892,0.000132035,0.000134624,5.69562e-05,8.28453e-05,6.47229e-05,4.91894e-05,8.54342e-05,0.000106146,
6.36118e-05,6.70503e-05,0.000137539,0.000273359,0.000503737,0.00157654,0.0308156,0.927795,0.0340065,0.00280064,0.00105217,0.000312901,0.000154731,0.000118627,8.08042e-05,5.15771e-05,3.43848e-05,4.64194e-05,5.15771e-05,5.67349e-05,
4.27266e-05,4.0417e-05,4.38813e-05,8.89174e-05,0.000161668,0.000398396,0.00127025,0.0348683,0.930531,0.0291499,0.00228529,0.000568148,0.000220561,9.23817e-05,5.77386e-05,4.15718e-05,2.77145e-05,4.0417e-05,2.88693e-05,4.15718e-05,
3.76846e-05,4.66099e-05,2.9751e-05,6.44605e-05,8.92529e-05,0.000180489,0.00036197,0.00162639,0.0388538,0.922592,0.0335542,0.00174539,0.000363954,0.000168589,8.42945e-05,5.65269e-05,3.76846e-05,3.76846e-05,3.47095e-05,3.47095e-05,
7.56364e-05,5.75354e-05,6.91717e-05,7.2404e-05,7.82222e-05,0.000126061,0.000178424,0.000380121,0.00133172,0.0350022,0.948668,0.0123727,0.000812606,0.000264404,0.000129939,8.85657e-05,8.27475e-05,8.53333e-05,6.07677e-05,6.33535e-05,
5.23623e-05,4.07262e-05,5.81804e-05,5.0423e-05,6.98164e-05,0.000112482,0.000186177,0.000380112,0.000994884,0.00369833,0.0528084,0.919564,0.0191025,0.00171438,0.000506169,0.0002366,0.000184238,0.000104725,8.33918e-05,5.23623e-05,
7.19412e-05,8.57761e-05,6.08734e-05,7.19412e-05,8.85431e-05,0.000102378,0.000163251,0.000284998,0.000561695,0.0011898,0.00345595,0.0333116,0.931645,0.0255364,0.0020863,0.000625335,0.000290532,0.000179853,9.13101e-05,9.6844e-05,
0.000111574,7.77634e-05,0.000118336,0.000118336,6.08583e-05,0.000121717,0.000182575,0.000206242,0.000280624,0.000486866,0.0013896,0.00331002,0.0385098,0.924881,0.0266796,0.00203875,0.000737062,0.000311054,0.000243433,0.000135241,
0.000172701,6.56263e-05,8.28964e-05,5.18102e-05,6.90803e-05,6.56263e-05,8.28964e-05,0.000176155,0.000224511,0.000293591,0.000697711,0.000967125,0.00259051,0.0324194,0.930481,0.0285164,0.00178573,0.000656263,0.00042139,0.000179609,
0.000139612,0.000160858,8.49814e-05,7.89113e-05,7.28412e-05,0.000121402,7.28412e-05,0.000115332,0.000179068,0.000261014,0.000722342,0.000412767,0.000922655,0.00244321,0.0335009,0.939008,0.0191299,0.00164803,0.000579694,0.000345996,
0.000384196,0.000285146,0.000198101,9.30476e-05,9.90506e-05,8.40429e-05,7.20368e-05,0.000102052,0.000126064,0.0001951,0.00114959,0.000366187,0.000513262,0.000816417,0.00201403,0.0236641,0.949073,0.0186936,0.00138071,0.000690353,
0.000936921,0.000497025,0.000342776,0.00028279,0.000208522,0.000245656,0.000245656,0.000299929,0.000362771,0.000656987,0.00173959,0.000639848,0.000599858,0.000654131,0.00114544,0.00239372,0.0234402,0.94445,0.0190012,0.0018567,
0.00217678,0.00100724,0.000486911,0.000276871,0.000181398,0.000257776,0.000143209,0.000133662,0.000190945,0.000176624,0.00107884,0.000205266,0.000300739,0.000439174,0.000677856,0.00106452,0.00286418,0.0246081,0.942855,0.0208751,
0.0138264,0.000897156,0.000463631,0.000297619,0.000258051,0.000183216,0.000141928,0.000169453,0.000165152,0.000239987,0.00163346,0.000203,0.000203,0.000196119,0.000321703,0.000325144,0.000467072,0.000950487,0.0140405,0.965017,


0.915497,0.0194338,0.00254882,0.00127224,0.000840153,0.000648726,0.000508109,0.000489203,0.000523865,0.000624305,0.00129076,0.000401367,0.000360797,0.000350162,0.000420667,0.000567192,0.000833457,0.00135732,0.00363357,0.0483984,
0.0270445,0.941918,0.018778,0.00199898,0.000941133,0.00049664,0.000464359,0.000417178,0.000429594,0.000581069,0.00172334,0.000342682,0.000280602,0.000315367,0.000216039,0.000270669,0.000382413,0.000511539,0.000859188,0.00202878,
0.00134939,0.0246167,0.951506,0.016077,0.00170065,0.000689686,0.000434802,0.000265593,0.000242033,0.000132797,0.00109664,0.00010281,6.63984e-05,7.06821e-05,0.000107094,0.000115662,0.00018206,0.000278445,0.00032985,0.000636139,
0.000825045,0.00217549,0.0270377,0.936586,0.024895,0.00308674,0.00140791,0.00062802,0.000414575,0.000238073,0.00082915,0.000164188,0.000168293,0.000172398,0.00013956,0.000102618,0.000188816,0.000197026,0.000262701,0.00048025,
0.000380007,0.000860394,0.00195023,0.0272817,0.935374,0.0275003,0.0029576,0.00111134,0.000609446,0.000358497,0.000516236,0.000175664,0.000121889,0.000111134,7.88694e-05,0.000111134,6.45295e-05,0.000100379,0.000146984,0.000190004,
0.000207117,0.000358345,0.000634501,0.00208761,0.0331584,0.932559,0.0243313,0.00318237,0.00123284,0.000532586,0.000641076,0.000207117,0.000167666,9.86271e-05,0.000111777,9.2052e-05,5.91763e-05,0.00010849,0.00012164,0.00010849,
9.85074e-05,0.000171092,0.000339591,0.000606598,0.00186386,0.0258219,0.935592,0.029814,0.00300447,0.00104729,0.000661036,0.000254045,0.000152946,0.00012443,5.44383e-05,7.7769e-05,5.1846e-05,8.03613e-05,0.0001011,8.29536e-05,
8.03837e-05,8.75289e-05,0.000114323,0.000269732,0.000501952,0.00148263,0.0298331,0.927585,0.0353456,0.00283308,0.000943169,0.000344757,0.000201852,9.64604e-05,5.8948e-05,3.03672e-05,4.46576e-05,5.71617e-05,4.1085e-05,4.82302e-05,
3.70158e-05,3.47023e-05,5.43669e-05,9.83232e-05,0.000170041,0.000367844,0.00130943,0.034021,0.930435,0.0299747,0.00235744,0.000565647,0.000194333,0.000117988,6.13074e-05,5.08967e-05,5.20535e-05,2.19781e-05,3.93293e-05,3.70158e-05,
2.18216e-05,3.5708e-05,4.66188e-05,6.84404e-05,8.33187e-05,0.000182508,0.00039874,0.00155429,0.0378892,0.922505,0.0345178,0.00185285,0.000374934,0.000188459,8.23268e-05,5.75296e-05,3.96756e-05,3.5708e-05,2.47972e-05,4.06675e-05,
5.37353e-05,5.43827e-05,5.56775e-05,6.99206e-05,8.48111e-05,0.00012754,0.000178686,0.00035025,0.00134403,0.0340248,0.949669,0.012442,0.000767832,0.000288746,0.000123008,0.000105528,7.63947e-05,7.57473e-05,5.30879e-05,5.50301e-05,
3.51494e-05,3.71021e-05,6.44405e-05,7.81097e-05,6.05351e-05,0.000111306,0.000171841,0.000386643,0.000970514,0.00361258,0.0524819,0.919762,0.0194239,0.00171841,0.000505761,0.000195274,0.000150361,9.56844e-05,8.20152e-05,5.66296e-05,
8.00658e-05,7.4544e-05,8.28267e-05,6.07396e-05,8.00658e-05,0.000104914,0.000168414,0.000256763,0.000488678,0.00124792,0.00369407,0.0331086,0.931436,0.0258309,0.00185256,0.000698505,0.000361677,0.000171175,0.000113197,8.83485e-05,
0.000128393,9.46055e-05,9.79842e-05,7.43329e-05,8.44692e-05,0.000128393,0.000138529,0.000185832,0.00032774,0.000584527,0.00144611,0.00317942,0.0368252,0.925491,0.0277025,0.00210497,0.000689268,0.000378422,0.000199347,0.000138529,
0.000151944,6.56123e-05,6.2159e-05,6.2159e-05,7.59721e-05,8.28787e-05,0.000110505,0.000176117,0.000234823,0.000265902,0.00081152,0.0010498,0.00266593,0.0326404,0.929267,0.0289834,0.00198218,0.000707922,0.000338421,0.000265902,
0.000226278,0.000123988,7.74925e-05,8.36919e-05,9.91904e-05,8.67916e-05,9.2991e-05,0.00010539,0.000164284,0.000260375,0.00061994,0.000505251,0.000985704,0.00247046,0.0338487,0.937997,0.0195095,0.00169863,0.000638538,0.000406061,
0.000343182,0.00026474,0.000179762,9.47836e-05,0.000124199,0.000130736,9.8052e-05,9.8052e-05,0.000147078,0.000137273,0.00101974,0.00038894,0.000480455,0.00101647,0.00228134,0.0234116,0.947575,0.0197411,0.00171918,0.000748464,
0.000911426,0.000486298,0.00028138,0.000293614,0.000204918,0.00022021,0.000207977,0.000247737,0.000431245,0.000675924,0.00173416,0.000544409,0.000565818,0.000694275,0.000951187,0.00247431,0.0235472,0.94114,0.0222749,0.00211341,
0.0023653,0.0010705,0.000550543,0.000418005,0.000229393,0.000188612,0.000147831,0.000112148,0.000183514,0.000163124,0.00100933,0.000290564,0.000377224,0.000468981,0.000647398,0.00117245,0.00272213,0.0250038,0.941398,0.0214814,
0.026656,0.00325278,0.00133049,0.000742892,0.000503656,0.000470079,0.000554021,0.000562416,0.000575007,0.000898186,0.00203561,0.000873003,0.00065895,0.000558218,0.000650555,0.000776469,0.00133469,0.00342066,0.0369599,0.917186,


0.932012,0.0252914,0.00290081,0.00139602,0.000749376,0.000477425,0.000265908,0.000211517,0.000211517,0.000193387,0.000725203,0.000181301,0.000193387,0.000187344,0.000271951,0.000404905,0.000574119,0.00119658,0.00267721,0.0298783,
0.0270468,0.943399,0.0181617,0.00179649,0.000889193,0.000574694,0.000411789,0.000414051,0.00042989,0.00059732,0.00168336,0.0003688,0.000237571,0.000239833,0.000257934,0.000208157,0.000300923,0.000484191,0.00066746,0.00183042,
0.0021597,0.0246648,0.942853,0.0215259,0.00267297,0.00121212,0.000639618,0.000367188,0.000304016,0.000236896,0.000872566,0.000193465,0.000138189,0.000130293,0.000126344,0.000197413,0.00020531,0.000256637,0.000402723,0.00084098,
0.00105962,0.00254983,0.0374648,0.925643,0.025326,0.00292799,0.0011345,0.000718894,0.000445564,0.000262097,0.00053917,0.000153514,0.000131048,0.000138537,0.000127304,0.000153514,0.00014977,0.000239631,0.000333237,0.000501728,
0.00037599,0.000709009,0.00205183,0.0270354,0.934757,0.0282995,0.00307237,0.00124256,0.000565775,0.000297211,0.000569356,0.000136072,0.000118168,9.31022e-05,6.80362e-05,8.59405e-05,7.16171e-05,0.000136072,0.000103845,0.00021127,
0.000215631,0.000401858,0.000692634,0.00201909,0.0324427,0.932648,0.0251243,0.00302864,0.00121538,0.000614223,0.000591353,0.000189494,0.000143754,0.000153556,9.47471e-05,8.49457e-05,8.16785e-05,6.20757e-05,8.82128e-05,0.000107816,
9.59606e-05,0.000181547,0.000280101,0.000604292,0.0016417,0.0260572,0.93497,0.0305051,0.00298515,0.00109188,0.000695066,0.000233418,0.000173766,8.818e-05,7.00253e-05,5.44641e-05,3.89029e-05,7.00253e-05,7.78059e-05,8.55865e-05,
3.99086e-05,7.80031e-05,0.000146936,0.000253964,0.00056779,0.00153648,0.0285364,0.927649,0.0362624,0.00293872,0.00105576,0.000328339,0.000179589,0.000125168,6.53049e-05,5.98629e-05,2.35823e-05,3.26525e-05,5.80488e-05,6.16769e-05,
3.01026e-05,3.70493e-05,4.51538e-05,0.000105359,0.000207245,0.000409858,0.00136156,0.0332575,0.930241,0.0308146,0.00237579,0.000581211,0.000218822,0.000107675,6.48363e-05,3.93649e-05,3.93649e-05,2.7787e-05,1.85246e-05,1.73669e-05,
3.56639e-05,3.07106e-05,4.35893e-05,6.34026e-05,9.21318e-05,0.000155534,0.000403201,0.00157417,0.0367339,0.922878,0.0353033,0.00184561,0.000396266,0.00017931,8.12345e-05,5.15146e-05,4.75519e-05,3.17013e-05,3.26919e-05,2.0804e-05,
5.89242e-05,5.1154e-05,6.53994e-05,7.05796e-05,7.64073e-05,0.000113963,0.000188428,0.000338005,0.00132741,0.032883,0.950485,0.0126985,0.000870266,0.000272606,0.000141159,8.93576e-05,7.96449e-05,7.31697e-05,5.89242e-05,5.82767e-05,
5.27849e-05,6.45149e-05,5.47399e-05,5.86499e-05,7.62448e-05,0.000111435,0.000197455,0.000430099,0.000957948,0.00368517,0.0507106,0.92092,0.019896,0.00161874,0.000541534,0.000224825,0.0001564,0.00010948,6.45149e-05,6.84249e-05,
7.19442e-05,6.91771e-05,6.91771e-05,8.30126e-05,7.74784e-05,0.000124519,0.000171559,0.000287777,0.000500843,0.00123965,0.00364979,0.0319931,0.931623,0.0267799,0.00189269,0.000641964,0.000315448,0.000166025,0.000124519,0.000118985,
0.000131106,7.3957e-05,0.000127744,8.40421e-05,6.05103e-05,0.000121021,0.000134467,0.000188254,0.000373147,0.000645443,0.00167076,0.00368441,0.0367197,0.924409,0.0279894,0.00212458,0.000742932,0.000369785,0.000228594,0.000121021,
0.000102973,7.3049e-05,5.45668e-05,2.90436e-05,5.89673e-05,7.21689e-05,7.65695e-05,7.12888e-05,0.000128496,0.000211226,0.00121983,0.000492861,0.00101477,0.0155348,0.963211,0.0163031,0.00064336,0.000334441,0.000227948,0.000139057,
0.000201321,0.000116388,0.000119534,7.23496e-05,8.17865e-05,8.80777e-05,0.000103806,0.000125825,0.000147845,0.000182447,0.000868195,0.000430952,0.000865049,0.00249449,0.0334412,0.938261,0.0198395,0.00165775,0.000613399,0.000289398,
0.000392684,0.000273889,0.000197992,0.000145194,0.000115495,9.23961e-05,7.91967e-05,8.90963e-05,0.000112195,0.000158393,0.00113515,0.000320087,0.000415783,0.00095366,0.0024221,0.0235313,0.947357,0.0198883,0.00158393,0.000735869,
0.000892936,0.000403882,0.000310467,0.000255517,0.000192325,0.00018683,0.000244527,0.000390144,0.000420367,0.000546751,0.0017584,0.000604449,0.000497296,0.000736328,0.00111274,0.00255242,0.0233564,0.943564,0.020043,0.00193149,
0.00229898,0.00100067,0.000574745,0.000343821,0.000220661,0.000195003,0.000195003,0.000164213,0.000102633,0.000256583,0.000959619,0.000215529,0.000318162,0.000487507,0.000733826,0.00112896,0.00281215,0.0248834,0.940755,0.0223535,
0.02731,0.00286613,0.00138573,0.000555151,0.000460474,0.000421743,0.00043035,0.000421743,0.000585276,0.000787541,0.00177735,0.000555151,0.000460474,0.000563758,0.000507813,0.000753112,0.00121359,0.00287904,0.0278307,0.928235,


0.930975,0.0260037,0.00311996,0.00143627,0.000760378,0.000452606,0.000307772,0.000265529,0.00024139,0.00022932,0.00060951,0.000247425,0.000193112,0.000181042,0.000289668,0.000343981,0.000603475,0.00120695,0.00281219,0.0297211,
0.0268291,0.940962,0.019334,0.00215228,0.00097309,0.00070699,0.000435673,0.000360017,0.000480023,0.000605246,0.00169052,0.000485241,0.000305232,0.000300014,0.000255664,0.000263491,0.0003548,0.000547852,0.000821778,0.00213662,
0.0014708,0.0245376,0.950239,0.0165599,0.00183807,0.000926829,0.000498929,0.000297971,0.000213084,0.000169774,0.00110873,0.000129929,0.000121267,0.000124732,0.000128197,0.000157648,0.000185366,0.000289309,0.000393253,0.000609802,
0.00080515,0.00218541,0.0278723,0.935948,0.0252862,0.00281617,0.00123184,0.000667866,0.000456375,0.00029683,0.000819991,0.000115021,0.000126153,0.00010018,0.00010018,0.000133573,0.000126153,0.000181808,0.000322802,0.000408141,
0.000343638,0.000791083,0.0020833,0.0260628,0.935418,0.0287725,0.00284217,0.00109892,0.000694435,0.000315001,0.000468922,0.000189717,8.59094e-05,6.80116e-05,7.15912e-05,0.000103807,0.000110966,8.9489e-05,0.000128864,0.000261308,
0.000185275,0.000293885,0.000737906,0.00198053,0.0315926,0.933646,0.0251495,0.00306662,0.00122984,0.00053027,0.000629296,0.000214025,0.000118193,9.90264e-05,8.62488e-05,5.11104e-05,8.30544e-05,7.986e-05,8.62488e-05,0.000140554,
0.000107826,0.000174918,0.000306705,0.000625391,0.0017324,0.0262113,0.934765,0.0303039,0.00304309,0.00106388,0.000656541,0.000292328,0.000153353,0.000100638,7.66763e-05,8.38647e-05,5.03188e-05,7.1884e-05,7.42801e-05,0.00010543,
8.92618e-05,0.000120928,0.000182883,0.000326758,0.000792801,0.00262783,0.0701166,0.90188,0.0179545,0.00324761,0.00136554,0.000459388,0.000239332,0.000146628,8.81144e-05,7.52644e-05,6.53974e-05,6.63153e-05,7.41171e-05,8.05421e-05,
3.85823e-05,4.86872e-05,4.685e-05,0.000101049,0.000169027,0.000415219,0.00146154,0.0344834,0.931128,0.0287053,0.00223135,0.000566793,0.000236087,0.000124933,6.52225e-05,4.04196e-05,4.59314e-05,2.93961e-05,3.03147e-05,3.21519e-05,
3.07361e-05,2.77616e-05,4.0651e-05,5.35403e-05,0.000104106,0.00016657,0.000373791,0.00152392,0.0357213,0.922607,0.0366434,0.00183029,0.000465999,0.000148723,8.22934e-05,5.05658e-05,3.4702e-05,3.37106e-05,2.37957e-05,3.76765e-05,
5.49455e-05,4.97742e-05,5.36527e-05,7.17524e-05,9.50234e-05,0.00011183,0.000161604,0.000354883,0.00132192,0.0319964,0.951077,0.0130512,0.00084099,0.000259214,0.000137687,0.00010278,8.08022e-05,7.1106e-05,6.01169e-05,4.78349e-05,
4.89091e-05,4.69528e-05,6.84728e-05,6.26037e-05,5.08655e-05,0.000131076,0.000166291,0.000348233,0.000923404,0.00378948,0.0493063,0.922096,0.0201721,0.0016453,0.000549739,0.000228895,0.000136946,9.39055e-05,6.45601e-05,7.04291e-05,
9.98668e-05,8.32224e-05,4.99334e-05,6.10297e-05,5.82557e-05,0.000105415,0.000138704,0.00027186,0.000527075,0.00121782,0.00365624,0.0314331,0.931969,0.02705,0.00192521,0.000593653,0.000357856,0.000191411,0.000124834,8.59964e-05,
0.000122118,9.15881e-05,8.14117e-05,6.10588e-05,8.14117e-05,9.15881e-05,9.15881e-05,0.000223882,0.000342607,0.000617372,0.00153325,0.00322255,0.0357262,0.925424,0.0286976,0.00217437,0.000732705,0.000359568,0.000179784,0.000145863,
0.000113844,7.24463e-05,9.6595e-05,8.96954e-05,6.89964e-05,7.24463e-05,8.62456e-05,0.000110394,0.000231138,0.000334633,0.000752061,0.0010522,0.00273226,0.0307414,0.929468,0.0307517,0.00203885,0.000679615,0.000313934,0.00019319,
0.000224005,0.000112003,0.000121885,0.000105414,9.88259e-05,8.89434e-05,8.2355e-05,0.000131768,0.000158122,0.000237182,0.000704958,0.000540249,0.000919081,0.00273418,0.0341081,0.936076,0.0207337,0.00183157,0.000645663,0.000345891,
0.000468969,0.000252522,0.000147578,0.000111503,0.000127901,0.00013118,0.000121342,0.000141019,0.000124621,0.000154137,0.000951057,0.000416497,0.00053128,0.000970734,0.00231861,0.0235436,0.947092,0.0201001,0.00161024,0.000685417,
0.00100915,0.000592121,0.000382014,0.000232392,0.000168723,0.00017509,0.000245125,0.000353363,0.000394747,0.000671707,0.00175726,0.000601671,0.000604855,0.000722642,0.00102825,0.00254676,0.0238185,0.940766,0.0218798,0.00205014,
0.00221517,0.00115081,0.000653747,0.000437632,0.000270143,0.000194503,0.000253935,0.000135072,0.000178295,0.000237726,0.000929293,0.000280949,0.000421423,0.000416021,0.000605121,0.00122105,0.00280949,0.0249504,0.93905,0.0235889,
0.0274595,0.00280244,0.0011877,0.000814042,0.000404797,0.000400349,0.000453729,0.000484867,0.000613868,0.00104091,0.00206402,0.000702834,0.000578282,0.00052935,0.000573833,0.000756214,0.00125887,0.00314496,0.0276419,0.927088,


0.931925,0.0258223,0.00326315,0.00119207,0.000746552,0.000445523,0.000252864,0.000228782,0.000180617,0.000240823,0.000602058,0.000174597,0.000192659,0.000222761,0.000282967,0.000373276,0.000722469,0.00114993,0.00282967,0.0291516,
0.0267516,0.935902,0.0220772,0.00239547,0.00118803,0.00073159,0.000556786,0.000556786,0.000582683,0.000935529,0.00208147,0.000498517,0.000398166,0.000297816,0.000275156,0.000301053,0.000433775,0.000644188,0.000977612,0.0024149,
0.00186764,0.0246342,0.942575,0.0219945,0.00267085,0.00108004,0.000619948,0.000397703,0.000280731,0.000265135,0.000986459,0.000152063,9.74761e-05,0.000148164,0.000167659,0.000152063,0.000183255,0.000350914,0.000483482,0.000892882,
0.000849054,0.00205867,0.0251615,0.938698,0.0254522,0.0029116,0.00103903,0.000690099,0.00030628,0.000314034,0.000810285,0.000151201,0.000100801,0.000131817,0.00012794,0.00012794,0.000124063,0.000213233,0.000329542,0.000403204,
0.000368274,0.00073317,0.00180421,0.0253738,0.937164,0.0282118,0.00263198,0.00111158,0.000584509,0.000334488,0.00055748,0.00015204,9.46026e-05,9.12239e-05,7.43306e-05,8.78453e-05,0.000111496,0.000111496,0.000118253,0.000283808,
0.000204543,0.00036024,0.000644159,0.00205154,0.0299305,0.93545,0.024939,0.00298877,0.00113567,0.00057089,0.000711322,0.000265601,0.000131274,0.00011601,7.32692e-05,7.02164e-05,8.54808e-05,7.63221e-05,9.15866e-05,0.000103798,
0.000116545,0.000173522,0.000331505,0.000621572,0.00173004,0.0248888,0.935274,0.031436,0.00282038,0.000994515,0.000642291,0.000240859,0.000194241,0.000137264,7.51066e-05,6.99268e-05,5.69774e-05,6.21572e-05,6.73369e-05,6.73369e-05,
6.97582e-05,8.22789e-05,0.000141305,0.000257569,0.000506194,0.00148818,0.0272629,0.927049,0.0383169,0.00295131,0.000917589,0.000341636,0.000194965,0.000109109,7.33355e-05,5.18715e-05,4.47168e-05,4.82941e-05,5.00828e-05,4.29281e-05,
3.79719e-05,5.31607e-05,4.9906e-05,9.9812e-05,0.000158397,0.00037104,0.00125416,0.0322968,0.931576,0.0307215,0.00227072,0.000567409,0.000205049,0.000104152,6.50948e-05,4.23116e-05,4.01418e-05,1.95284e-05,3.47172e-05,3.25474e-05,
2.07425e-05,1.61331e-05,2.56812e-05,3.21564e-05,5.93741e-05,0.000114797,0.000301151,0.00130799,0.0706162,0.916182,0.0100779,0.000816751,0.000199853,8.736e-05,4.31313e-05,2.79859e-05,2.20595e-05,1.72306e-05,1.47063e-05,1.70111e-05,
5.18032e-05,5.89261e-05,5.95737e-05,7.05819e-05,8.74179e-05,0.0001185,0.000161885,0.000369098,0.00131451,0.0311162,0.951564,0.0134371,0.000821728,0.00028168,0.000146344,9.58359e-05,6.99343e-05,6.02212e-05,6.28114e-05,5.18032e-05,
1.28397e-05,1.34817e-05,1.25187e-05,1.52792e-05,1.81681e-05,2.86325e-05,4.61586e-05,9.37296e-05,0.000299164,0.00128275,0.0712532,0.91936,0.00653655,0.000683841,0.000177508,7.51121e-05,3.55659e-05,2.29188e-05,1.91311e-05,1.34175e-05,
7.18671e-05,8.01594e-05,6.08106e-05,6.63388e-05,9.12159e-05,0.000132678,0.000168611,0.00023495,0.000541767,0.00116922,0.00358783,0.0313119,0.931746,0.0273841,0.00195423,0.00065786,0.000301289,0.000174139,0.000163083,0.000102272,
0.000127238,0.000103799,0.000127238,9.71023e-05,0.000103799,0.000160721,0.000180811,0.000207598,0.000358274,0.000790212,0.00155029,0.00365975,0.0344981,0.925553,0.0291441,0.00191526,0.000689761,0.000341532,0.000234385,0.000157373,
0.000144642,0.000113647,0.000117091,8.95403e-05,6.88772e-05,0.00010676,8.95403e-05,0.000117091,0.000213519,0.00033061,0.000854077,0.00111237,0.00272754,0.0306125,0.928929,0.0312323,0.00193545,0.000647445,0.000340942,0.000216963,
0.000136005,7.93988e-05,7.02446e-05,6.76291e-05,6.80027e-05,6.44531e-05,6.68818e-05,8.89266e-05,0.000109103,0.000171501,0.000709171,0.000343563,0.000588672,0.00169932,0.0340688,0.946757,0.0133801,0.000917476,0.000375883,0.000237449,
0.000378871,0.000192818,0.00012178,0.000125163,0.000138694,0.000145459,0.000118397,0.000108249,0.000145459,0.000240177,0.00099792,0.000392402,0.000473589,0.000869374,0.00259797,0.0234866,0.945744,0.0212709,0.00172522,0.000727297,
0.000600391,0.000356668,0.000308122,0.000211029,0.000202112,0.000194186,0.000222918,0.000329918,0.000375492,0.000490419,0.00172588,0.000602373,0.000564724,0.00067866,0.000828262,0.00197753,0.0234975,0.947066,0.0182178,0.00155052,
0.0021553,0.00113519,0.000622525,0.000413273,0.000261565,0.000198789,0.000183096,0.000188327,0.000109857,0.000209252,0.000915478,0.000188327,0.000319109,0.000387116,0.000680069,0.00116658,0.00275166,0.0250684,0.940044,0.023002,
0.0276175,0.00312297,0.0012338,0.000747667,0.000495368,0.000418447,0.000495368,0.000553827,0.0006769,0.000990736,0.00200916,0.000889201,0.0006769,0.000646132,0.000612287,0.000756897,0.00115688,0.00333835,0.0353065,0.918255,


0.93208,0.0267327,0.00324235,0.00139997,0.000696953,0.000509079,0.000321204,0.000254539,0.000199995,0.000230297,0.000678771,0.000157572,0.00026666,0.000212116,0.000327265,0.000375748,0.000618167,0.00108482,0.00278781,0.0278236,
0.0271712,0.935202,0.0230931,0.00244689,0.0011825,0.000838558,0.000602713,0.000524099,0.000504445,0.000854936,0.00139214,0.000465138,0.000386523,0.000311184,0.000301357,0.000314459,0.000438933,0.000422555,0.000877865,0.00266963,
0.00195299,0.0240309,0.94408,0.0213875,0.00256712,0.0011367,0.000583609,0.00040433,0.000244124,0.000225052,0.000816289,0.000175464,0.000125876,6.48454e-05,9.53609e-05,0.000144949,0.000209794,0.000339485,0.000526392,0.000888763,
0.000884377,0.00212024,0.0250611,0.938902,0.0251405,0.00287989,0.0012094,0.00061982,0.000385498,0.000294792,0.000736981,0.000230543,0.000117161,9.07053e-05,0.000132279,0.000139837,0.000173852,0.000226763,0.000256998,0.000396836,
0.000364787,0.000732983,0.00202849,0.024785,0.937468,0.0283,0.00262851,0.00115232,0.000518202,0.000320467,0.000552294,9.2049e-05,0.000139778,8.86398e-05,9.88675e-05,8.18213e-05,8.18213e-05,0.00013296,0.000187507,0.000245464,
0.00020853,0.000303595,0.000693056,0.0020025,0.0296542,0.935954,0.0250972,0.00279676,0.00106718,0.000579591,0.000640923,0.000183997,0.000122665,0.000113465,6.74656e-05,0.000128798,7.66655e-05,9.50652e-05,8.8932e-05,0.000125731,
0.000114122,0.000160808,0.000300867,0.000562828,0.00196341,0.0237503,0.935391,0.0318192,0.00308907,0.00105044,0.00072623,0.000321616,0.000165995,0.000121903,8.8185e-05,6.48419e-05,8.29977e-05,5.18735e-05,6.48419e-05,0.000108934,
4.54476e-05,0.000103621,0.000127253,0.000207241,0.000505377,0.00154158,0.0267268,0.926829,0.0391358,0.00280139,0.00107075,0.000318133,0.000165429,0.000114528,6.72625e-05,6.18087e-05,4.18118e-05,4.54476e-05,4.72655e-05,4.36297e-05,
3.23745e-05,4.27805e-05,5.66553e-05,7.86237e-05,0.000156091,0.0003804,0.00128689,0.0304632,0.930941,0.033074,0.00233096,0.000596615,0.000247433,9.71234e-05,5.54991e-05,3.58432e-05,3.81556e-05,2.77495e-05,2.19684e-05,3.69994e-05,
3.57234e-05,2.67926e-05,3.87004e-05,5.85467e-05,7.24392e-05,0.000157778,0.000387004,0.00156588,0.0340583,0.922738,0.0381487,0.00186953,0.000412804,0.000177625,7.14469e-05,5.75544e-05,4.26697e-05,3.67157e-05,1.68694e-05,2.67926e-05,
2.49233e-05,2.10989e-05,1.8482e-05,1.8519e-05,2.09019e-05,3.18277e-05,5.94623e-05,0.000171046,0.000961013,0.0594745,0.932079,0.00621799,0.000593054,0.000118532,4.88867e-05,2.93725e-05,2.66865e-05,2.82139e-05,2.8879e-05,2.76076e-05,
4.68872e-05,6.25162e-05,7.61917e-05,3.90726e-05,9.18207e-05,0.000109403,0.000201224,0.000359468,0.00095728,0.00374316,0.0464398,0.923597,0.021531,0.00158244,0.000537249,0.000271555,0.000111357,9.18207e-05,7.81453e-05,7.22844e-05,
8.86994e-05,3.8806e-05,8.03838e-05,6.37527e-05,8.03838e-05,9.42431e-05,0.000166311,0.00022452,0.000518337,0.00111983,0.00356184,0.0305237,0.932278,0.0278904,0.00197633,0.000631983,0.000293817,0.00014968,0.000116418,0.000102559,
7.32073e-05,5.98969e-05,5.43509e-05,5.65693e-05,7.43165e-05,7.87533e-05,7.98625e-05,0.000148633,0.000229605,0.000391548,0.00140092,0.00141201,0.0179924,0.95848,0.0176419,0.000913983,0.000400422,0.000205202,0.000187455,0.000118685,
