0.931292,0.0237534,0.002997,0.00136009,0.000535609,0.000409229,0.000330994,0.000337012,0.000258777,0.000162488,0.000601808,0.000174524,0.000252759,0.000258777,0.000204615,0.000451356,0.000619862,0.00123972,0.00252157,0.0322388,
0.0269902,0.949944,0.014724,0.00154093,0.00077908,0.000436438,0.000331157,0.000239275,0.000216305,0.000208648,0.00121743,0.000164621,0.000133994,0.000105281,0.000164621,0.000181849,0.000222047,0.000401982,0.000622116,0.00137631,
0.00176503,0.0247944,0.947694,0.0180343,0.00232004,0.000880904,0.000542095,0.000413024,0.000203285,0.000154884,0.000764741,0.000187152,0.00013875,0.000132297,0.000132297,0.000203285,0.000174245,0.00024846,0.000442065,0.000774421,
0.00135001,0.00314809,0.0404612,0.927457,0.0181458,0.00267614,0.00134364,0.00086745,0.000612099,0.000390724,0.0010437,0.00022456,0.000163509,0.000165102,0.000165102,0.000186337,0.000225622,0.000305253,0.000402934,0.000665717,
0.00037363,0.000718792,0.00228092,0.0298121,0.934647,0.0254246,0.00290719,0.00109954,0.000619158,0.000348721,0.000512406,0.00015301,0.000142335,0.00011031,8.54011e-05,0.00011031,0.000128102,0.000120985,0.000185036,0.000220619,
0.000305707,0.000503931,0.00103733,0.00356234,0.0854647,0.887466,0.0153644,0.00272056,0.0011716,0.000596011,0.000589984,0.000219988,0.000148333,0.000118867,0.00010246,0.000102795,9.24152e-05,0.000112171,0.000145989,0.000174785,
0.000238191,0.000306496,0.000569207,0.00145673,0.00526691,0.0765627,0.886605,0.0200742,0.00429007,0.0019445,0.00107274,0.000437413,0.000232061,0.0001712,0.000126101,0.000109901,0.000109025,0.000111214,0.000135734,0.000180395,
6.88011e-05,6.69905e-05,0.000126739,0.000238993,0.000510576,0.00144301,0.0319961,0.928327,0.0323908,0.00297112,0.000927004,0.000365732,0.000188298,8.69066e-05,7.96644e-05,5.43166e-05,3.259e-05,2.89689e-05,5.25061e-05,4.34533e-05,
4.45717e-05,4.34289e-05,6.51433e-05,8.4572e-05,0.000158858,0.000381717,0.00126515,0.0384265,0.928881,0.0272459,0.00228002,0.000540575,0.000222859,0.000122287,5.48575e-05,5.48575e-05,3.65717e-05,2.85716e-05,3.65717e-05,2.62859e-05,
8.76191e-05,0.000110116,0.000127482,0.000188657,0.000355805,0.000663064,0.00189348,0.00849412,0.0709784,0.893702,0.0195408,0.00205412,0.000767654,0.000357581,0.00021372,0.000130639,9.94595e-05,8.26856e-05,7.89361e-05,7.32133e-05,
0.000112342,0.000116728,0.000121359,0.000125523,0.000153953,0.000230499,0.000407832,0.00122002,0.00688651,0.0594355,0.923733,0.00553887,0.0008116,0.000322319,0.000189602,0.00013486,0.000120546,0.000112219,0.000108672,0.000118033,
5.52287e-05,4.57065e-05,4.18977e-05,8.18909e-05,6.66554e-05,0.000114266,0.000179017,0.000394219,0.00100173,0.00349084,0.0572722,0.916437,0.0180255,0.00174637,0.000472301,0.000222819,0.000135215,9.33175e-05,6.28465e-05,6.0942e-05,
0.000270861,0.000210409,0.000167088,0.000145792,0.000166307,0.000227488,0.000385256,0.000858299,0.00227665,0.0080709,0.0208649,0.0731326,0.872913,0.0159112,0.00199876,0.000863506,0.000485956,0.000383433,0.000346725,0.000320795,
0.000270557,0.00022669,0.000178639,0.000159203,0.000155963,0.000194431,0.000282975,0.000501634,0.00108169,0.00278332,0.00570343,0.00761994,0.0431048,0.919255,0.0150921,0.00138261,0.00075316,0.000507033,0.00040425,0.000342431,
0.000290924,0.000232755,0.00018905,0.000161372,0.000157072,0.000177635,0.000228924,0.000338382,0.000612887,0.00128457,0.00295505,0.00253184,0.00341963,0.033747,0.935809,0.0150531,0.0012515,0.000723127,0.000469184,0.000366763,
0.000385759,0.000287335,0.000224674,0.000185923,0.000179533,0.000190355,0.000255489,0.000348142,0.00053592,0.000906838,0.00229312,0.0013701,0.001764,0.00258458,0.0341012,0.935517,0.0161317,0.00147172,0.0007507,0.000516338,
0.000606659,0.000427409,0.000327889,0.000281902,0.000259549,0.000302689,0.000387117,0.000471545,0.000697779,0.00110682,0.0026523,0.00124194,0.00126415,0.00163945,0.00292153,0.0236141,0.938597,0.0202077,0.00204052,0.000951633,
0.000804677,0.00052229,0.000368376,0.000293072,0.000230489,0.000225401,0.000255675,0.000308591,0.000373718,0.000488454,0.00184951,0.00058818,0.000679765,0.000817906,0.00135393,0.00275697,0.0235539,0.945671,0.017235,0.00162284,
0.00197999,0.00108641,0.00059729,0.00036684,0.000253966,0.000221044,0.000239857,0.000225747,0.000296293,0.00024456,0.00108641,0.000197529,0.00041387,0.000395058,0.000578478,0.00116166,0.00240327,0.0251238,0.94298,0.020148,
0.0274129,0.0031213,0.0012832,0.000703531,0.000475627,0.00053508,0.000515262,0.000510308,0.00057967,0.00103052,0.00188764,0.000817483,0.000728303,0.000733258,0.000609397,0.000812529,0.00123861,0.00360684,0.0315747,0.921824,


0.931034,0.0240876,0.00301321,0.00131979,0.00080754,0.000391717,0.000355559,0.000283242,0.000216951,0.000222978,0.000717144,0.000229004,0.000210925,0.000241057,0.000241057,0.000530325,0.000626748,0.00120528,0.00268778,0.0315784,
0.0270469,0.946157,0.0149966,0.00154001,0.000920909,0.000629301,0.000525097,0.000414572,0.000412941,0.00050287,0.00162892,0.000281411,0.000247153,0.000212894,0.0002184,0.000254902,0.000355027,0.000528768,0.000888281,0.00223804,
0.0021822,0.0256186,0.944966,0.0185569,0.0024119,0.00110915,0.000538165,0.000439721,0.000324868,0.000210016,0.00100414,0.000124697,0.000157512,0.000114852,0.000203453,0.000170638,0.000206734,0.00028549,0.000551291,0.000823656,
0.00104889,0.00218695,0.0290418,0.934867,0.0246467,0.00313392,0.00117628,0.000670947,0.000390678,0.000318488,0.000768617,0.0001826,0.000123149,0.000106163,0.000118902,0.000101916,0.000157121,0.000195339,0.00026753,0.000496841,
0.000244783,0.000371862,0.000762473,0.0176108,0.962418,0.0142974,0.00116142,0.000563522,0.000320822,0.000231242,0.00123433,0.000123954,7.6039e-05,5.31231e-05,6.35394e-05,7.39557e-05,8.64553e-05,8.02055e-05,9.2705e-05,0.000133329,
0.000218698,0.000346,0.000718114,0.00210864,0.0358567,0.930415,0.0237173,0.00308463,0.00126976,0.000620189,0.000603869,0.000202378,0.000143623,8.16039e-05,8.4868e-05,0.000107717,8.4868e-05,7.83397e-05,0.000110981,0.000146887,
0.000134242,0.000201363,0.000302044,0.00059118,0.00177612,0.0279507,0.935577,0.0276409,0.00303076,0.00109717,0.000668627,0.000307207,0.00021427,0.000103263,6.45393e-05,6.19577e-05,6.45393e-05,5.4213e-05,6.97024e-05,9.0355e-05,
6.33009e-05,6.14923e-05,0.00012841,0.000262246,0.000508216,0.0015156,0.031551,0.928703,0.0325475,0.00285758,0.000906107,0.000341825,0.000179051,9.04298e-05,7.5961e-05,6.14923e-05,3.25547e-05,2.71289e-05,4.15977e-05,4.52149e-05,
3.10897e-05,5.06647e-05,7.36941e-05,7.5997e-05,0.000165812,0.000389197,0.00133225,0.0371683,0.929381,0.027945,0.00226955,0.000572281,0.000204962,0.000103632,7.48456e-05,4.60588e-05,3.56956e-05,2.41809e-05,2.53323e-05,2.99382e-05,
3.66243e-05,1.38578e-05,4.25633e-05,6.82993e-05,8.80962e-05,0.000171243,0.000409796,0.0015501,0.0411884,0.921408,0.0323274,0.00181538,0.000440481,0.000164314,8.71064e-05,5.54313e-05,4.85024e-05,2.96954e-05,2.96954e-05,2.47461e-05,
5.32472e-05,5.70964e-05,6.67194e-05,7.82669e-05,8.27577e-05,0.000118042,0.000168723,0.000350918,0.00132797,0.0367547,0.947654,0.011708,0.000817954,0.000252764,0.000138571,0.000103928,7.955e-05,6.80024e-05,5.13226e-05,6.73609e-05,
0.000206289,0.000165833,0.000133404,0.000126389,0.000149158,0.000245376,0.000532932,0.0013429,0.00502738,0.0320159,0.134771,0.801552,0.0185655,0.00289642,0.00086237,0.000382734,0.000257682,0.000251797,0.000265678,0.000249122,
5.22209e-05,4.6724e-05,6.59632e-05,8.24541e-05,6.59632e-05,0.000137423,0.000167657,0.00026935,0.000560688,0.00115436,0.00352903,0.0361286,0.93064,0.0237605,0.00194317,0.000709105,0.000261104,0.000184147,0.00014292,9.89449e-05,
0.000137802,0.000100831,6.72203e-05,0.000104192,8.06644e-05,0.000100831,0.000117636,0.000235271,0.000302492,0.000487347,0.00158304,0.00331732,0.0404196,0.923688,0.0257252,0.00200989,0.000739424,0.00032938,0.000218466,0.000235271,
0.000146244,8.84263e-05,8.16243e-05,9.52284e-05,8.50253e-05,8.50253e-05,9.86294e-05,0.000153046,0.000173452,0.0003367,0.000880862,0.000976091,0.002697,0.0339727,0.930323,0.0265857,0.00191817,0.000683604,0.000418325,0.00020066,
0.000266537,0.000192814,9.35714e-05,7.65584e-05,8.22294e-05,8.22294e-05,8.22294e-05,0.000121926,0.000136104,0.000204156,0.000748571,0.000479199,0.000910194,0.00230242,0.0338842,0.940177,0.0178069,0.00151699,0.000521731,0.00031474,
0.000381713,0.00020358,0.000183788,0.000144203,7.91701e-05,0.00010179,8.19976e-05,0.000110273,0.000175305,0.000152685,0.000933076,0.000308198,0.000443918,0.000786046,0.00227614,0.0238019,0.949942,0.0177765,0.00149858,0.000619223,
0.00072045,0.000412065,0.000311043,0.000215337,0.000186094,0.000257873,0.000249898,0.000257873,0.000382822,0.000470552,0.00146483,0.000507771,0.000537014,0.000592842,0.000943762,0.00212679,0.0233734,0.946724,0.0183941,0.00187157,
0.00192132,0.00087967,0.0005466,0.000404496,0.000354887,0.000380887,0.000468899,0.000566474,0.000775222,0.00121304,0.00293069,0.00107422,0.000803463,0.000773578,0.000816613,0.00112757,0.00240456,0.025175,0.937341,0.0200418,
0.0219055,0.00267833,0.00133975,0.000863825,0.000663127,0.000551041,0.000526394,0.00050116,0.000562778,0.000703619,0.0016807,0.000592706,0.000580383,0.000575101,0.000730613,0.00103636,0.00186908,0.00393475,0.0380963,0.920608,


0.930466,0.0245658,0.00313432,0.00115783,0.000725104,0.00051459,0.000309923,0.000175428,0.000251447,0.000257295,0.00066078,0.000169581,0.000169581,0.000204666,0.00026899,0.00039179,0.000643237,0.00125724,0.00288872,0.0317876,
0.0270812,0.937844,0.0213078,0.00238433,0.0010394,0.000560648,0.000463007,0.000434659,0.000491354,0.000759079,0.00170399,0.000491354,0.000355917,0.000333869,0.000330719,0.000352767,0.000381114,0.000579546,0.000919714,0.0021859,
0.00185207,0.0248933,0.947109,0.0181247,0.00233641,0.000986959,0.000584865,0.000399048,0.000249786,0.000152309,0.0011941,0.000115754,9.74775e-05,9.44313e-05,0.000112708,0.000167539,0.000191909,0.000261971,0.000362494,0.000712804,
0.000887289,0.00216277,0.0297967,0.934038,0.0249166,0.0031695,0.0013096,0.000546024,0.000430847,0.000319936,0.000784909,0.000136506,0.000149303,0.00013224,7.67846e-05,0.000119443,0.000140772,0.000166367,0.000273012,0.000443644,
0.000543735,0.00101004,0.00277318,0.0561163,0.915661,0.0168683,0.00238301,0.00119561,0.000650146,0.000449868,0.000734064,0.000220176,0.000170863,0.00011809,0.000125012,0.000136258,0.000135393,0.000152263,0.000241372,0.000315773,
0.000192979,0.000323812,0.00075229,0.0019625,0.0356651,0.931051,0.0237233,0.00305168,0.00111535,0.000611645,0.000549499,0.000186437,0.000150458,0.000111208,6.54166e-05,8.17707e-05,6.54166e-05,0.000101396,7.84999e-05,0.000160271,
0.000106676,0.000155165,0.000290935,0.000598842,0.00180622,0.0288462,0.9355,0.02712,0.00295784,0.00104494,0.000640057,0.000237597,0.00015759,0.000116374,5.8187e-05,7.03093e-05,5.8187e-05,7.51583e-05,8.00072e-05,8.00072e-05,
6.15497e-05,7.03425e-05,0.000151236,0.00021982,0.000524052,0.00156336,0.031014,0.927844,0.0338488,0.00278556,0.00097952,0.00034292,0.000172339,0.000107272,6.33083e-05,6.50668e-05,5.80326e-05,3.69298e-05,3.69298e-05,5.45155e-05,
3.68582e-05,3.45545e-05,6.10463e-05,8.63863e-05,0.000167014,0.000398529,0.00130846,0.0363445,0.929559,0.0285674,0.00236353,0.000549417,0.000193505,0.000123244,4.95282e-05,4.26173e-05,3.801e-05,2.07327e-05,1.84291e-05,3.68582e-05,
3.17015e-05,2.87295e-05,4.06176e-05,6.63751e-05,8.71792e-05,0.000155536,0.0003824,0.00155932,0.0400608,0.922027,0.0329577,0.00174457,0.000439859,0.00014761,7.82632e-05,6.0431e-05,3.76456e-05,3.26922e-05,2.27855e-05,3.86362e-05,
4.62866e-05,5.65725e-05,5.4001e-05,7.20013e-05,9.06445e-05,0.000118931,0.000178718,0.000389579,0.00132945,0.0360862,0.948131,0.0119014,0.000790729,0.000283505,0.00013886,9.51446e-05,6.68584e-05,6.75012e-05,5.46439e-05,4.82152e-05,
5.47129e-05,4.71663e-05,3.58464e-05,6.03728e-05,8.67859e-05,0.000124519,0.000154705,0.000335824,0.000945212,0.00369783,0.0544751,0.918251,0.0189099,0.00170553,0.000505622,0.000226398,0.000149045,9.62192e-05,8.1126e-05,5.65995e-05,
7.12885e-05,5.75792e-05,7.12885e-05,8.2256e-05,7.40304e-05,0.000148061,0.000134351,0.000271445,0.000520955,0.00115981,0.00369878,0.0352769,0.930184,0.0249592,0.00194124,0.000636113,0.000326282,0.000175479,0.000120642,9.04816e-05,
0.000123601,0.00011692,0.000113579,8.68549e-05,9.68766e-05,9.01954e-05,0.000140304,0.000257224,0.000377485,0.000785034,0.00167697,0.00337732,0.0386972,0.924871,0.0255788,0.00207784,0.000711542,0.000380825,0.000277267,0.000163688,
0.000108386,9.82245e-05,9.82245e-05,8.46763e-05,9.14504e-05,9.48375e-05,0.000121934,0.00014903,0.000257416,0.000335318,0.000860311,0.00110079,0.00278754,0.0352558,0.928283,0.0272827,0.00180191,0.000623218,0.000348866,0.000216771,
0.00017778,0.000149561,0.000115698,8.4657e-05,0.000121342,8.74789e-05,7.61913e-05,9.59446e-05,0.000169314,0.000234218,0.00103564,0.000538983,0.000840927,0.00236475,0.033987,0.939182,0.0182859,0.00152947,0.00062364,0.000299122,
0.000368855,0.00029915,0.000168453,0.000107462,0.000101653,0.000127792,0.000101653,9.29398e-05,0.000127792,0.000156836,0.00117046,0.000348524,0.00043856,0.000833554,0.00210857,0.0233598,0.950318,0.0176092,0.00156255,0.0005983,
0.000783617,0.000489167,0.000311072,0.000170971,0.000156723,0.000147225,0.000235085,0.00023746,0.000289701,0.00041318,0.00156961,0.000493916,0.000441675,0.000636392,0.000864353,0.00222737,0.0235204,0.946151,0.0189445,0.0019163,
0.00223344,0.001059,0.000542049,0.000361366,0.000225854,0.000220835,0.00019574,0.000180683,0.000160607,0.000140531,0.00113931,0.000281062,0.000376423,0.000396499,0.000637409,0.00114934,0.00285579,0.0275642,0.937915,0.0223645,
0.0275486,0.00342556,0.00117228,0.000677425,0.000485248,0.000408377,0.000494857,0.00046603,0.000845581,0.00107139,0.00208513,0.000802341,0.000744688,0.000696643,0.000586141,0.000831167,0.00147977,0.00359372,0.0309502,0.921635,


0.9314,0.0243132,0.0034647,0.00134001,0.00056739,0.000458741,0.000283695,0.00022937,0.000205226,0.000217298,0.000706219,0.000156938,0.000156938,0.000138829,0.000217298,0.000283695,0.00062775,0.00134001,0.00276452,0.031128,
0.0270388,0.952516,0.013353,0.00111477,0.000645541,0.000479179,0.000318505,0.00018769,0.000136502,0.000160674,0.00126691,9.6689e-05,9.81109e-05,0.000125127,0.000136502,0.000149299,0.000214706,0.000373959,0.000482023,0.00110624,
0.00181986,0.0246189,0.951878,0.0140658,0.00146868,0.000840272,0.000554464,0.000399158,0.000274218,0.000248489,0.0013908,0.000167359,0.000126099,0.000130735,0.00015206,0.000153915,0.000210242,0.000292531,0.000450849,0.000757056,
0.00104179,0.00218819,0.028647,0.934921,0.0249245,0.0031428,0.0012641,0.000640766,0.000396665,0.000326921,0.000780252,0.000152563,0.00012641,0.000100256,0.000117692,0.000169999,0.000161281,0.000169999,0.000287691,0.000440254,
0.000360173,0.000681119,0.0019863,0.0280507,0.934737,0.0272911,0.00306325,0.00115541,0.000673987,0.000328078,0.00055274,0.000149775,0.000114114,0.000121246,7.13213e-05,7.13213e-05,8.55856e-05,0.000106982,0.000203266,0.000196134,
0.00015013,0.000323106,0.000747387,0.00200391,0.0342917,0.931652,0.0243994,0.00289164,0.00131201,0.000577674,0.000554828,0.000231722,0.000140339,0.000107702,0.000114229,9.79109e-05,9.46472e-05,9.46472e-05,0.000117493,9.79109e-05,
0.000147133,0.000144552,0.000296848,0.000611764,0.00185078,0.0269512,0.935367,0.0289207,0.00302785,0.00108156,0.00062209,0.000255547,0.000134227,0.000136808,5.67883e-05,8.51824e-05,6.45321e-05,4.90444e-05,8.77637e-05,0.000108414,
6.33693e-05,6.67947e-05,0.000137015,0.000274029,0.000503529,0.00156882,0.030842,0.927853,0.0339368,0.00279339,0.0010533,0.000313421,0.000152429,0.000119888,8.04961e-05,5.13805e-05,3.42537e-05,4.79551e-05,5.13805e-05,5.65186e-05,
4.2535e-05,4.02358e-05,4.48342e-05,9.19676e-05,0.000160943,0.00039661,0.00126455,0.035319,0.930189,0.0290537,0.00228424,0.0005656,0.000218423,9.0818e-05,5.74797e-05,4.13854e-05,2.75903e-05,4.02358e-05,2.98895e-05,4.13854e-05,
3.76304e-05,4.65429e-05,2.97082e-05,6.43678e-05,9.11052e-05,0.00018221,0.000359469,0.00162504,0.0390089,0.922464,0.0335287,0.00174486,0.000364421,0.000168346,8.41732e-05,5.64456e-05,3.76304e-05,3.76304e-05,3.46596e-05,3.46596e-05,
7.37689e-05,5.70907e-05,7.05616e-05,7.44104e-05,8.08251e-05,0.000123804,0.000181536,0.000378467,0.00132463,0.0348972,0.948843,0.0123066,0.000811458,0.000265568,0.000129577,8.85227e-05,8.27495e-05,8.65983e-05,5.96566e-05,6.35054e-05,
5.17876e-05,4.02793e-05,5.75418e-05,4.98696e-05,6.90502e-05,0.000109329,0.000182216,0.000377858,0.000983965,0.00365774,0.0531264,0.919405,0.0190329,0.0016994,0.00050445,0.000234003,0.000180298,0.000103575,8.24766e-05,5.17876e-05,
7.1321e-05,8.77797e-05,6.03485e-05,7.1321e-05,8.77797e-05,0.000104238,0.000164587,0.000279798,0.000559596,0.00118503,0.00343987,0.0342697,0.930882,0.0253875,0.00207105,0.000622687,0.000293513,0.000178303,9.05228e-05,9.32659e-05,
0.000110948,8.06894e-05,0.000117672,0.000117672,6.0517e-05,0.000121034,0.000184913,0.000208447,0.000279051,0.000484136,0.00138853,0.00329482,0.0391209,0.924371,0.0266006,0.00203741,0.000729566,0.000312671,0.00024543,0.000134482,
0.000172077,6.88307e-05,8.25968e-05,5.50646e-05,6.88307e-05,6.53892e-05,8.25968e-05,0.000175518,0.000220258,0.00029253,0.000702073,0.000970513,0.00257771,0.0326567,0.930326,0.0284443,0.00178272,0.000657333,0.000419867,0.00017896,
0.000142385,0.000160561,8.17954e-05,7.87659e-05,7.2707e-05,0.000124208,7.2707e-05,0.000115119,0.000178738,0.000263563,0.000736158,0.000408977,0.000920955,0.00243871,0.0335664,0.938923,0.0191492,0.00163894,0.000581656,0.000345358,
0.000383447,0.00028459,0.000197715,9.58618e-05,9.88574e-05,8.3879e-05,7.18963e-05,0.000101853,0.000125819,0.000194719,0.00116832,0.000371464,0.000515257,0.000817821,0.00201609,0.0237647,0.948966,0.0186721,0.00138101,0.000689006,
0.000935054,0.000498885,0.000344944,0.000282227,0.000205256,0.000245167,0.000245167,0.000299331,0.000362048,0.000655678,0.00175323,0.000638573,0.000604364,0.000649976,0.00114601,0.00238895,0.0234619,0.94441,0.0190175,0.00185585,
0.00216741,0.0010029,0.000489569,0.000270927,0.000185371,0.000256667,0.000147346,0.00013784,0.000194877,0.000175865,0.00110747,0.000204383,0.000299445,0.000437285,0.00067494,0.00107895,0.00285661,0.0248064,0.942668,0.0208376,
0.0138014,0.000896419,0.000462363,0.000301094,0.000258203,0.000183573,0.000142398,0.00016899,0.000164701,0.000239331,0.00163929,0.000202445,0.000201587,0.00019644,0.000321681,0.000325113,0.000468368,0.000950461,0.014564,0.964512,


0.915468,0.0194346,0.00254713,0.00127199,0.000839333,0.000648397,0.000508245,0.000488955,0.000524386,0.000624382,0.00129168,0.000401557,0.000361008,0.000350378,0.000420454,0.000567692,0.000833034,0.0013586,0.00363724,0.0484231,
0.0270578,0.941916,0.0187632,0.00199556,0.000942002,0.000493312,0.000466043,0.000416464,0.000428859,0.000582554,0.00172535,0.000342096,0.000282601,0.000317306,0.000215669,0.000270206,0.000384238,0.000518101,0.000857718,0.00202531,
0.00134409,0.0247492,0.951373,0.0160629,0.00169668,0.000685936,0.000435922,0.000267109,0.00023933,0.000132486,0.00112399,0.00010257,6.83799e-05,7.26536e-05,0.000106844,0.000117528,0.000183771,0.000277793,0.000326941,0.000632514,
0.000833493,0.00217771,0.0274072,0.936307,0.0248291,0.0030684,0.00140141,0.00062512,0.000412661,0.000236974,0.000825322,0.000159344,0.000167516,0.000171602,0.000143001,0.000102144,0.000187945,0.000204288,0.000261488,0.000478033,
0.000374667,0.000856381,0.00194113,0.0277004,0.935083,0.0274006,0.00294024,0.00110973,0.00061374,0.000363962,0.000535238,0.000174845,0.000124889,0.000110616,7.85016e-05,0.000110616,6.06603e-05,9.99112e-05,0.00014273,0.000178413,
0.000206111,0.000350062,0.000631421,0.00208074,0.0333868,0.932412,0.0242557,0.00317346,0.00123994,0.000536544,0.000657593,0.000209383,0.000166852,9.81483e-05,0.000111235,8.83334e-05,5.8889e-05,0.000107963,0.00012105,0.000107963,
9.8226e-05,0.000170603,0.000341206,0.000604865,0.00185595,0.0260454,0.935442,0.0297521,0.00300365,0.0010443,0.000669488,0.000250735,0.000155094,0.000118905,5.42828e-05,7.75468e-05,5.16979e-05,8.01317e-05,0.000100811,8.27166e-05,
8.0049e-05,8.71644e-05,0.000113847,0.000270388,0.000499861,0.00147824,0.0298849,0.927625,0.0352678,0.00282306,0.000944578,0.0003451,0.000201012,9.60587e-05,5.87026e-05,3.20196e-05,4.44716e-05,5.69237e-05,4.26928e-05,4.80294e-05,
3.80088e-05,3.45534e-05,5.64372e-05,9.67496e-05,0.000173919,0.000365114,0.00130612,0.0344014,0.930157,0.0298783,0.00235078,0.000565524,0.000195803,0.000117482,6.21961e-05,5.06783e-05,5.18301e-05,2.18838e-05,3.91605e-05,3.6857e-05,
2.27829e-05,3.56602e-05,4.55658e-05,7.03298e-05,8.41976e-05,0.000181272,0.000399196,0.0015532,0.037981,0.922425,0.0345032,0.00185235,0.000375422,0.000189197,8.3207e-05,5.74525e-05,3.96224e-05,3.56602e-05,2.4764e-05,4.0613e-05,
5.20238e-05,5.52351e-05,5.71619e-05,7.06496e-05,8.47795e-05,0.000128454,0.000183047,0.000348752,0.00133656,0.0338694,0.94989,0.0123829,0.000761731,0.00028581,0.000122673,0.000108543,7.70723e-05,7.77145e-05,5.33083e-05,5.45929e-05,
3.47492e-05,3.66798e-05,6.56374e-05,7.529e-05,6.17764e-05,0.000110039,0.000173746,0.000386103,0.000967187,0.00357531,0.0527049,0.919635,0.0193862,0.00170464,0.000505794,0.000194982,0.00014865,9.45951e-05,8.30121e-05,5.59849e-05,
7.66391e-05,7.39019e-05,8.48504e-05,5.74793e-05,7.93762e-05,0.00010401,0.000164227,0.000257288,0.000487205,0.0012536,0.00367867,0.0338854,0.930828,0.0257151,0.00183386,0.000695226,0.000358561,0.000164227,0.000114959,8.75875e-05,
0.000134417,9.40917e-05,0.000100813,7.39292e-05,8.73709e-05,0.000127696,0.000134417,0.000188183,0.000329321,0.000581352,0.0014349,0.00316887,0.0372738,0.925143,0.0276294,0.0020969,0.000688886,0.000373006,0.000198265,0.000141138,
0.000151381,6.53689e-05,6.19285e-05,6.19285e-05,7.22499e-05,8.25713e-05,0.000113535,0.000175464,0.000230511,0.000268357,0.000822272,0.0010459,0.00266636,0.0328599,0.929119,0.0289103,0.00198171,0.000705296,0.000337166,0.000268357,
0.000228964,0.000123764,7.73527e-05,8.35409e-05,9.90114e-05,8.6635e-05,9.59173e-05,0.0001052,0.000167082,0.000253717,0.000612633,0.000507434,0.000980832,0.002466,0.0339362,0.937914,0.0195145,0.00169557,0.00064048,0.000411516,
0.000345748,0.000267465,0.000176136,9.45913e-05,0.000120685,0.000127209,9.78531e-05,0.000101115,0.00014678,0.000136994,0.00103724,0.000391412,0.000476218,0.00101767,0.00227345,0.0235532,0.947407,0.01975,0.00172221,0.000756731,
0.000909338,0.000488235,0.000283787,0.000292941,0.000204448,0.000216654,0.000210551,0.000247169,0.000430257,0.000677426,0.00173018,0.000543162,0.000564522,0.000695735,0.000952058,0.00247169,0.023539,0.94114,0.022291,0.00211162,
0.00235462,0.00107075,0.000558208,0.000416119,0.000228358,0.000192836,0.000137015,0.000111642,0.000182686,0.000162388,0.0010403,0.000284179,0.000370447,0.00047194,0.000639402,0.00116716,0.00271492,0.0252767,0.941114,0.0215062,
0.026599,0.00325736,0.00132723,0.000741069,0.00050242,0.000468925,0.000552662,0.000561036,0.000573596,0.000900169,0.00203899,0.000870861,0.00066152,0.000556849,0.000653146,0.000778751,0.00133141,0.00342483,0.037267,0.916933,


0.93182,0.0252967,0.00291003,0.00139464,0.000748639,0.000476955,0.000265646,0.000211309,0.000211309,0.000193197,0.000718452,0.000181122,0.000193197,0.000193197,0.000271683,0.000416581,0.000573554,0.00119541,0.00268061,0.0300482,
0.0270538,0.943396,0.0181564,0.00180028,0.000892232,0.00057148,0.000411104,0.000413363,0.000426916,0.000596327,0.00168508,0.000370446,0.000239434,0.000243952,0.000257505,0.00021007,0.000300422,0.000483386,0.000664092,0.00182738,
0.00215385,0.0248715,0.94273,0.0214442,0.00267266,0.00120663,0.000628862,0.000369456,0.00030264,0.000235823,0.000892197,0.000192589,0.000141494,0.000125772,0.000121842,0.00020045,0.00020045,0.000263336,0.00040876,0.000837172,
0.00104771,0.00254658,0.0374604,0.925698,0.0252458,0.00292689,0.00112974,0.000741975,0.000443694,0.000268453,0.000570463,0.000152869,0.000134227,0.000134227,0.00012677,0.000152869,0.000149141,0.000238625,0.000331838,0.000499622,
0.000377765,0.000705636,0.00204563,0.027306,0.934575,0.0282112,0.00306488,0.00124377,0.000566647,0.000299361,0.000580902,0.000135425,0.000117606,9.26592e-05,6.77125e-05,8.90954e-05,7.12763e-05,0.000135425,0.000103351,0.000210265,
0.000211345,0.000403181,0.000686058,0.00201265,0.0325569,0.932639,0.0250395,0.00301736,0.00120954,0.000617778,0.000598269,0.000188585,0.000146316,0.00015607,9.42924e-05,8.4538e-05,7.80351e-05,6.50292e-05,8.77895e-05,0.000107298,
9.56661e-05,0.00018099,0.000281827,0.000599852,0.00163408,0.0262435,0.934833,0.0304503,0.00297858,0.00108594,0.000713617,0.000237872,0.000175819,8.79094e-05,7.49815e-05,5.4297e-05,3.87835e-05,6.98104e-05,7.75671e-05,8.53238e-05,
3.9744e-05,7.76816e-05,0.00014633,0.00025111,0.000567256,0.00153376,0.0285687,0.927677,0.0362195,0.00292841,0.00105141,0.000328792,0.000178848,0.000124652,6.50357e-05,6.50357e-05,2.34851e-05,3.43244e-05,5.78095e-05,6.14226e-05,
2.9968e-05,3.80363e-05,4.72572e-05,0.000104888,0.000205166,0.000408026,0.00135317,0.0336126,0.93,0.0307126,0.00236978,0.000579766,0.000221302,0.000108346,6.68517e-05,3.91889e-05,3.91889e-05,2.76628e-05,1.84418e-05,1.72892e-05,
3.56142e-05,3.26464e-05,4.35285e-05,6.52927e-05,9.29927e-05,0.000156307,0.000402639,0.00157098,0.0368241,0.92282,0.0352709,0.00184501,0.000397692,0.000177082,8.11213e-05,5.14428e-05,4.84749e-05,3.16571e-05,3.16571e-05,2.0775e-05,
5.8458e-05,5.2034e-05,6.93787e-05,7.32331e-05,7.77298e-05,0.000116274,0.00018501,0.000339185,0.00132141,0.0327384,0.950686,0.0126443,0.000865306,0.000273018,0.000140685,8.86505e-05,7.9657e-05,7.38755e-05,5.97428e-05,5.78156e-05,
5.22111e-05,6.38136e-05,5.80124e-05,5.60786e-05,7.54161e-05,0.000112157,0.000195308,0.000427358,0.000949469,0.00365671,0.0508285,0.920852,0.0199118,0.00160694,0.000535648,0.000222381,0.000156633,0.000106356,6.38136e-05,6.96149e-05,
7.13396e-05,7.13396e-05,7.13396e-05,8.23149e-05,7.68273e-05,0.00012896,0.000170117,0.000285358,0.000499377,0.0012457,0.00363009,0.0326763,0.93108,0.0266728,0.00187952,0.000639312,0.000310053,0.00016463,0.000126216,0.000117985,
0.000130423,7.69161e-05,0.000127079,8.36045e-05,6.35394e-05,0.00012039,0.000130423,0.000187274,0.000377892,0.000642082,0.00169884,0.00367191,0.0370268,0.924171,0.0279206,0.00211352,0.000739064,0.00036786,0.000230748,0.00012039,
0.000103496,7.36753e-05,5.52565e-05,2.9821e-05,5.87648e-05,7.27982e-05,7.63066e-05,7.19211e-05,0.000128055,0.000211378,0.00122441,0.000491169,0.00101304,0.0157174,0.963036,0.016291,0.00064115,0.000336801,0.00022892,0.00013858,
0.000197809,0.000116174,0.000119313,7.84957e-05,8.16355e-05,8.79151e-05,0.000103614,0.000125593,0.000147572,0.00018525,0.000876011,0.000430156,0.000863452,0.00249302,0.0335239,0.938142,0.0198657,0.00165783,0.000612266,0.000292004,
0.000395144,0.000273308,0.000197572,0.000144886,0.000121836,9.22002e-05,7.90287e-05,9.22002e-05,0.00011525,0.000158057,0.00112945,0.000325994,0.000421487,0.000958223,0.00241367,0.0237086,0.947159,0.0198889,0.00159045,0.000734309,
0.000891168,0.000405824,0.000309852,0.000252269,0.000191944,0.00018646,0.000244043,0.000389372,0.000419534,0.000545669,0.00175766,0.000603252,0.00049357,0.000734871,0.00111602,0.00254463,0.0234254,0.943503,0.0200554,0.00193041,
0.00230378,0.00100631,0.000572115,0.000342247,0.000219651,0.00019411,0.00019411,0.000163461,0.000107271,0.000260516,0.000960335,0.000219651,0.000321814,0.000485276,0.000745792,0.0011289,0.00280949,0.025076,0.940485,0.0224044,
0.0272357,0.00285968,0.00138261,0.000558196,0.000459438,0.000425088,0.000429382,0.000420794,0.000583959,0.000785769,0.00176905,0.000553902,0.000463732,0.00056249,0.00050667,0.000751418,0.00121515,0.00288974,0.0282061,0.927941,


0.930933,0.0259859,0.00313062,0.00142959,0.000754002,0.000446369,0.000307633,0.000265409,0.000241281,0.000229217,0.00059717,0.000241281,0.000199057,0.000193025,0.000283505,0.000343825,0.000609234,0.0012064,0.00281695,0.0297861,
0.0268431,0.940973,0.0193206,0.00215339,0.000973842,0.000700437,0.000434844,0.000356728,0.000486921,0.000604094,0.0016899,0.000484317,0.000304651,0.000299443,0.000257782,0.000262989,0.000354124,0.000549413,0.00081761,0.00213256,
0.00146655,0.0246236,0.950139,0.0165627,0.00183665,0.000926973,0.000499805,0.000299191,0.00021272,0.000169484,0.00112413,0.000129707,0.000122789,0.000124519,0.000126248,0.000155648,0.000185049,0.000290544,0.00039258,0.000612217,
0.000801738,0.00218723,0.0279352,0.935894,0.0252677,0.00281532,0.00123032,0.000665036,0.000458136,0.000302961,0.000838684,0.000114534,0.000129313,9.97554e-05,9.97554e-05,0.000129313,0.000129313,0.000177343,0.000317739,0.000406411,
0.000345528,0.000787233,0.00208029,0.0263349,0.935226,0.0286824,0.00283903,0.0011007,0.000694618,0.000313468,0.000477327,0.000192356,8.90535e-05,6.76807e-05,7.12428e-05,0.000106864,0.000110426,8.90535e-05,0.000124675,0.000267161,
0.000181233,0.000292517,0.000734471,0.00197449,0.031773,0.933516,0.0251056,0.00305235,0.0012273,0.000534161,0.000648624,0.000213028,0.000117643,0.000101745,8.90268e-05,5.08725e-05,7.94882e-05,7.94882e-05,8.90268e-05,0.000139899,
0.000107514,0.000174411,0.000305816,0.000625968,0.00172738,0.0263432,0.934711,0.0302376,0.00303905,0.00106319,0.000659416,0.000289092,0.000152908,0.000102735,7.88433e-05,8.12324e-05,5.0173e-05,7.16757e-05,7.40649e-05,0.000105124,
8.9415e-05,0.000120366,0.000183186,0.00032625,0.000793042,0.00262651,0.0700993,0.901892,0.017961,0.00324485,0.0013669,0.000460602,0.000238899,0.000147191,8.87272e-05,7.54296e-05,6.53418e-05,6.62588e-05,7.42832e-05,8.04735e-05,
3.84493e-05,4.94348e-05,4.76039e-05,9.97851e-05,0.000170275,0.000414703,0.00145741,0.0346465,0.931039,0.0286392,0.00222548,0.0005685,0.000237104,0.000124502,6.49976e-05,4.11957e-05,4.5773e-05,2.92947e-05,2.83792e-05,3.20411e-05,
3.06912e-05,2.7721e-05,4.05915e-05,5.3462e-05,0.000103954,0.000169296,0.000372254,0.0015207,0.0358205,0.922539,0.0366096,0.00183157,0.000466308,0.000149496,8.31631e-05,5.14819e-05,3.46513e-05,3.36613e-05,2.37609e-05,3.76214e-05,
5.26057e-05,5.00396e-05,5.70964e-05,7.24932e-05,9.55884e-05,0.000114834,0.000164874,0.000357975,0.00131193,0.031863,0.951242,0.0130154,0.000841049,0.000259179,0.000136005,0.000103928,7.8267e-05,7.12101e-05,6.41533e-05,4.8115e-05,
4.83803e-05,4.64451e-05,6.77324e-05,6.3862e-05,5.03155e-05,0.000131594,0.000164493,0.000344468,0.000917291,0.00375431,0.0493247,0.922112,0.0202094,0.00163138,0.00054573,0.000228355,0.000135465,9.28902e-05,6.19268e-05,6.96677e-05,
9.90121e-05,8.52604e-05,4.9506e-05,6.05074e-05,5.7757e-05,0.000104513,0.000140267,0.000266783,0.000528064,0.0012184,0.00363044,0.0320552,0.931486,0.026956,0.00191423,0.000588572,0.000357544,0.000189773,0.000126515,8.52604e-05,
0.000124819,9.44574e-05,8.09635e-05,6.40961e-05,8.09635e-05,9.10839e-05,9.10839e-05,0.000226023,0.000340721,0.000617346,0.00153831,0.0032048,0.0361232,0.925089,0.0286476,0.00216915,0.000735418,0.000364336,0.000172047,0.00014506,
0.000109991,7.21813e-05,9.62418e-05,8.93673e-05,6.87441e-05,7.56185e-05,8.59301e-05,0.000113428,0.00023373,0.000333409,0.000769934,0.00105178,0.0027257,0.0309108,0.929359,0.0306874,0.00203139,0.00067713,0.000316223,0.000192484,
0.000223603,0.000111801,0.000121666,0.000105225,0.000101936,8.87834e-05,8.54951e-05,0.000131531,0.000157837,0.000236756,0.000710267,0.000539277,0.000917428,0.00273584,0.0341191,0.936066,0.020726,0.00183157,0.000644502,0.000345269,
0.0004679,0.00025849,0.000143969,0.000114521,0.000127609,0.000130881,0.000121065,0.000140697,0.000124337,0.000153785,0.000955432,0.000415547,0.00053334,0.000971792,0.00231987,0.0236633,0.946947,0.0201066,0.00160984,0.00069367,
0.000998635,0.000594124,0.000388709,0.000233858,0.000173813,0.000173813,0.000243338,0.000353946,0.000391869,0.00066365,0.00177605,0.000597285,0.000597285,0.000720534,0.00102708,0.00254083,0.0238819,0.940695,0.0219068,0.00204151,
0.00219851,0.00115032,0.00064504,0.000440777,0.000274142,0.000188137,0.000258016,0.000134383,0.000177386,0.000220389,0.000962185,0.000284893,0.000435402,0.000419276,0.000618163,0.00121483,0.00280592,0.0250921,0.938872,0.0236085,
0.0274183,0.00279507,0.00118458,0.000820774,0.000403732,0.000399295,0.000452535,0.000483591,0.000607816,0.0010426,0.00206746,0.000705422,0.000572324,0.000523521,0.00057676,0.000754225,0.00126887,0.00315887,0.0279551,0.926809,


0.93182,0.0258052,0.00327904,0.00120332,0.000740041,0.000445228,0.000252697,0.000222614,0.000180498,0.000240664,0.000637759,0.000168465,0.000198548,0.000222614,0.00028278,0.000373029,0.000728008,0.00113714,0.00282178,0.0292406,
0.0267425,0.935957,0.0220658,0.00239649,0.00117886,0.000729927,0.00055552,0.000558749,0.000581358,0.000933402,0.00207351,0.000497384,0.000397261,0.000297138,0.00027453,0.000297138,0.000429559,0.000642723,0.000975389,0.00241586,
0.00187533,0.0247171,0.942525,0.021976,0.00266352,0.00107162,0.000609581,0.000396033,0.000283436,0.00026014,0.00100561,0.000151425,9.7067e-05,0.000147542,0.000166955,0.000147542,0.000182486,0.000349441,0.000485335,0.000889134,
0.000852893,0.00205312,0.0252317,0.938707,0.0254093,0.00289443,0.00103428,0.000686946,0.000301021,0.000316458,0.000802723,0.00015437,9.64811e-05,0.000131214,0.000123496,0.000127355,0.000127355,0.000219977,0.000324177,0.000405221,
0.000363445,0.000740352,0.0018004,0.0255825,0.937033,0.0281367,0.00262152,0.00111389,0.000582186,0.000333158,0.000568725,0.000151436,9.42266e-05,9.08614e-05,7.74004e-05,9.08614e-05,0.000114418,0.000111053,0.000117783,0.000275949,
0.000200581,0.000358615,0.000641252,0.0020514,0.0300385,0.935376,0.0249146,0.0029844,0.00113663,0.000571352,0.000717229,0.000264402,0.000127643,0.000115486,7.29386e-05,6.98995e-05,8.81341e-05,7.59777e-05,9.11732e-05,0.00010333,
0.00011619,0.000172994,0.000330497,0.000619681,0.00172478,0.0250842,0.935166,0.0313636,0.00281438,0.000988908,0.000645501,0.000237544,0.000196232,0.00014201,7.48781e-05,6.97141e-05,5.68041e-05,6.19681e-05,6.71321e-05,6.71321e-05,
6.9485e-05,8.19567e-05,0.00013897,0.000252997,0.000504212,0.00148769,0.0272417,0.927098,0.0383148,0.00293975,0.000917559,0.000338517,0.000194202,0.000110463,7.30484e-05,5.16684e-05,4.45417e-05,4.8105e-05,4.98867e-05,4.276e-05,
3.78199e-05,5.29479e-05,4.97062e-05,9.94124e-05,0.000163166,0.000370635,0.0012513,0.0324862,0.931458,0.0306504,0.00226595,0.000565138,0.000207469,0.000103735,6.59147e-05,4.32228e-05,4.10616e-05,2.05308e-05,3.45782e-05,3.24171e-05,
2.07395e-05,1.62405e-05,2.56775e-05,3.22615e-05,5.94752e-05,0.000114781,0.000301326,0.0013078,0.0706142,0.916182,0.0100789,0.000817181,0.000199824,8.73474e-05,4.33445e-05,2.80916e-05,2.20563e-05,1.73378e-05,1.45945e-05,1.71183e-05,
5.20452e-05,5.71855e-05,6.23258e-05,7.26063e-05,8.73846e-05,0.000120796,0.000161919,0.000368814,0.00130563,0.0309599,0.951737,0.013418,0.000819873,0.000280787,0.00014714,9.70226e-05,7.13213e-05,6.42534e-05,6.48959e-05,5.14027e-05,
1.2835e-05,1.34768e-05,1.26425e-05,1.52737e-05,1.81616e-05,2.86863e-05,4.62061e-05,9.37598e-05,0.000299248,0.00128267,0.0712448,0.919359,0.0065458,0.000683657,0.00017738,7.50849e-05,3.56172e-05,2.29105e-05,1.91242e-05,1.34768e-05,
7.12788e-05,8.22447e-05,6.30543e-05,6.57958e-05,8.77277e-05,0.000131592,0.000169972,0.000233027,0.000540074,0.00116513,0.00357216,0.0319658,0.931202,0.0273135,0.00194098,0.000657958,0.000301564,0.000172714,0.000161748,0.000101435,
0.00012654,0.00010656,0.00012654,9.65698e-05,9.98998e-05,0.00015651,0.00017982,0.00020313,0.000356309,0.000792538,0.00155844,0.00364301,0.0348184,0.925338,0.0290642,0.00190809,0.000692638,0.000342989,0.000233099,0.00015651,
0.00014409,0.000113213,0.000116644,8.91984e-05,6.86142e-05,0.000106352,8.91984e-05,0.000116644,0.000212704,0.000329348,0.000854246,0.00112184,0.00272741,0.0307083,0.928881,0.0311783,0.00193149,0.000655265,0.000343071,0.000212704,
0.000135927,7.93527e-05,7.00171e-05,6.77766e-05,6.79633e-05,6.47892e-05,6.70297e-05,8.86883e-05,0.000109227,0.000171402,0.000708947,0.000343924,0.000589451,0.00170002,0.0340791,0.946746,0.0133802,0.000917131,0.000376039,0.000237498,
0.000374668,0.000195773,0.000121514,0.000124889,0.000138391,0.000145142,0.000118139,0.000108013,0.000145142,0.000239653,0.000978863,0.000384795,0.00047593,0.000870851,0.00259905,0.0235231,0.945734,0.0212717,0.00172145,0.000729084,
0.000600945,0.000357399,0.000308888,0.000211865,0.000201965,0.000194045,0.000222756,0.000329678,0.00037522,0.000489073,0.00172264,0.000602926,0.000566295,0.000677177,0.000830631,0.00197708,0.0235052,0.947052,0.0182234,0.00155038,
0.00214007,0.00113512,0.000614423,0.000411351,0.000260349,0.000208279,0.000177037,0.000182244,0.00010414,0.000208279,0.000926842,0.000187451,0.000322833,0.000390523,0.000676907,0.00116636,0.00274408,0.025207,0.939839,0.0230982,
0.0275955,0.00311701,0.00123145,0.000746239,0.00048828,0.000417648,0.000491351,0.00055277,0.000675607,0.000991914,0.00202989,0.000887502,0.000675607,0.000644898,0.000608046,0.000761594,0.00116082,0.00334733,0.0355001,0.918076,


0.932029,0.0267477,0.00325719,0.00140459,0.00069624,0.000508558,0.000320876,0.000260333,0.000205845,0.000230062,0.000702294,0.000157411,0.000260333,0.000211899,0.00032693,0.000375364,0.000617534,0.00107766,0.00278496,0.0278254,
0.0270613,0.935303,0.0231158,0.00244463,0.00117644,0.000838907,0.000602964,0.000524317,0.000504655,0.000855292,0.00138616,0.000465331,0.000389961,0.00031459,0.000301482,0.00031459,0.000435838,0.00042273,0.000878231,0.00266418,
0.001941,0.0241732,0.943943,0.0214117,0.00255634,0.00112813,0.000584957,0.000402633,0.000243099,0.000227906,0.000816661,0.000178526,0.000125348,6.83716e-05,9.49606e-05,0.00014434,0.000205115,0.000341858,0.000524183,0.000888832,
0.000865329,0.00211065,0.025151,0.938787,0.025166,0.00287063,0.00120394,0.000624541,0.000383754,0.000293459,0.000778796,0.0002295,0.000116631,9.02952e-05,0.00013168,0.000139205,0.00018059,0.000225738,0.000255836,0.000395041,
0.000363154,0.000726308,0.00202619,0.0249558,0.937368,0.0282242,0.00261335,0.00115055,0.000519276,0.000312244,0.000573579,9.84249e-05,0.000142546,8.4849e-05,9.84249e-05,8.14551e-05,8.8243e-05,0.000135758,0.000190062,0.000247759,
0.000207592,0.00030223,0.000692992,0.0019935,0.029701,0.935939,0.0250912,0.00278723,0.00106849,0.000576985,0.0006472,0.00018317,0.00011906,0.000112955,6.71622e-05,0.000128219,7.63207e-05,9.15849e-05,8.8532e-05,0.000125166,
0.000113795,0.000160347,0.000300004,0.000563801,0.00196037,0.0238762,0.935297,0.0318005,0.00308022,0.00105519,0.000724149,0.000320694,0.000168106,0.000121554,8.79323e-05,6.46561e-05,8.27598e-05,5.17249e-05,6.46561e-05,0.000106036,
4.5261e-05,0.000103195,0.000126731,0.000211821,0.000503302,0.00153525,0.0266786,0.926871,0.0391598,0.00279351,0.00106454,0.000315017,0.000168371,0.000117679,6.69863e-05,6.33654e-05,4.16401e-05,4.34506e-05,4.70714e-05,4.34506e-05,
3.33841e-05,4.25935e-05,5.64076e-05,7.828e-05,0.00015656,0.000377586,0.00128356,0.0306224,0.930872,0.0329939,0.00232422,0.000599763,0.000246352,9.66988e-05,5.52564e-05,3.56865e-05,3.79888e-05,2.87794e-05,2.18723e-05,3.68376e-05,
3.56735e-05,2.67551e-05,3.86463e-05,5.84649e-05,7.33289e-05,0.000158549,0.000387454,0.00156369,0.0340672,0.922727,0.0381518,0.00186691,0.000412227,0.000178368,7.2338e-05,5.84649e-05,4.261e-05,3.66644e-05,1.68458e-05,2.67551e-05,
2.49266e-05,2.10958e-05,1.85026e-05,1.85649e-05,2.09257e-05,3.18542e-05,5.94851e-05,0.000171075,0.000960966,0.0594706,0.932083,0.00621786,0.000593058,0.000118569,4.89086e-05,2.93822e-05,2.66897e-05,2.82237e-05,2.88855e-05,2.76091e-05,
4.63909e-05,6.18545e-05,7.53852e-05,3.86591e-05,9.08488e-05,0.000110178,0.000197161,0.000353731,0.00094908,0.00370547,0.0464257,0.923523,0.0216955,0.00156763,0.000533495,0.000272546,0.000112111,9.08488e-05,7.73181e-05,7.34522e-05,
8.79478e-05,3.84772e-05,8.24511e-05,6.32125e-05,7.97027e-05,9.34446e-05,0.000162154,0.000228115,0.000524939,0.00110759,0.0035344,0.0309796,0.931906,0.027863,0.00196783,0.000629377,0.00028583,0.000148412,0.000115432,0.00010169,
7.25421e-05,6.04518e-05,5.3857e-05,5.60553e-05,7.47404e-05,8.0236e-05,8.24342e-05,0.000148382,0.000227519,0.000392387,0.00141457,0.00140468,0.0182663,0.958141,0.0177091,0.000904578,0.00040118,0.000204437,0.00018795,0.000117606,
