0.931407,0.0238297,0.00301121,0.00136653,0.000526055,0.000411169,0.000326517,0.000326517,0.000260004,0.000163258,0.000598614,0.000175352,0.000253957,0.000260004,0.000205585,0.000453496,0.000622801,0.0012456,0.00252144,0.0320349,
0.0268221,0.950085,0.0147561,0.0015361,0.000781488,0.000437787,0.000332181,0.000236175,0.000216973,0.000207373,0.0012116,0.00016513,0.000132488,0.000105607,0.00016513,0.000182411,0.000222734,0.000403225,0.000624039,0.00137673,
0.00177004,0.0242414,0.948172,0.0181323,0.00232541,0.000880147,0.000542379,0.00040922,0.00020461,0.000155893,0.000737245,0.000181875,0.000136407,0.000133159,0.000133159,0.00020461,0.000172132,0.000250079,0.000441698,0.000776218,
0.00135175,0.00315018,0.040344,0.927543,0.018171,0.0026801,0.00134484,0.000865715,0.000612594,0.00039138,0.00103801,0.000224937,0.000163784,0.000165379,0.000165379,0.000186118,0.000226,0.000305765,0.00040361,0.000666834,
0.00037637,0.000724064,0.00227973,0.0288837,0.935422,0.0255931,0.00292135,0.00109326,0.000620114,0.000347694,0.000487488,0.000154132,0.000139794,0.000111119,8.24429e-05,0.000111119,0.000129041,0.000118288,0.000186393,0.000218653,
0.00030595,0.000504331,0.00103815,0.00356517,0.0854454,0.887469,0.0153742,0.00272238,0.00117219,0.00059615,0.000588107,0.000220163,0.000148451,0.000118627,0.000102542,0.000102877,9.24886e-05,0.00011226,0.000146105,0.000174924,
0.000238609,0.000307034,0.000569329,0.00145797,0.00527573,0.0764015,0.886718,0.0201072,0.0042976,0.00194572,0.00106892,0.000436427,0.000232469,0.000171062,0.000126323,0.000108778,0.000109216,0.00011141,0.000135972,0.000180712,
6.92205e-05,6.73989e-05,0.000127512,0.000238629,0.000508224,0.00145181,0.0317722,0.928375,0.0325519,0.00298559,0.000923548,0.00036614,0.000183981,8.74365e-05,7.83285e-05,5.46478e-05,3.27887e-05,2.91455e-05,5.28262e-05,4.37182e-05,
4.48235e-05,4.36741e-05,6.55112e-05,8.50497e-05,0.000159755,0.000382723,0.00127,0.0377057,0.929454,0.0273802,0.002286,0.00054018,0.000222968,0.000122977,5.51673e-05,5.4018e-05,3.67782e-05,2.8733e-05,3.56289e-05,2.64344e-05,
8.73684e-05,0.000109902,0.000127495,0.000188771,0.000355799,0.000663763,0.00189621,0.00850637,0.0707463,0.893893,0.0195648,0.00205632,0.000767538,0.000357578,0.000213677,0.000130657,9.94261e-05,8.24268e-05,7.90665e-05,7.33341e-05,
0.000112397,0.000116661,0.00012132,0.000125362,0.000153905,0.000230488,0.000407834,0.00122035,0.00688964,0.059452,0.923711,0.00554088,0.000811699,0.000322328,0.000189571,0.000134876,0.000120506,0.000112151,0.000108724,0.000118042,
5.59679e-05,4.63183e-05,4.24584e-05,8.29869e-05,6.56176e-05,0.000113866,0.000179483,0.000395635,0.00100742,0.00353563,0.0566608,0.916797,0.0182069,0.00176395,0.000474762,0.000225802,0.000131235,9.07066e-05,6.17577e-05,6.17577e-05,
0.000271171,0.000210494,0.000167227,0.000145907,0.000166498,0.000227696,0.000385488,0.000859177,0.00227899,0.00807961,0.0208877,0.0728753,0.873116,0.0159257,0.00200073,0.000864338,0.000486148,0.00038382,0.00034707,0.000321058,
0.000270668,0.000226896,0.000178599,0.000159347,0.000156105,0.000194338,0.000283097,0.000501684,0.00108274,0.00278564,0.00570672,0.00762584,0.0428752,0.91946,0.0151017,0.00138319,0.000753843,0.000507156,0.000404414,0.000342742,
0.000290972,0.000232793,0.000189081,0.000161399,0.00015702,0.000177664,0.000228962,0.000338438,0.000612832,0.0012847,0.0029557,0.00253203,0.00342004,0.0337329,0.93582,0.0150549,0.00125163,0.000723013,0.000469262,0.000366824,
0.000385748,0.000287404,0.000224625,0.000185967,0.000179576,0.0001904,0.000255757,0.000348328,0.000536563,0.000906951,0.00229294,0.00137043,0.00176411,0.00258468,0.0340814,0.935532,0.0161342,0.00147166,0.000750673,0.000516461,
0.000606843,0.000427397,0.000327989,0.000281988,0.000259628,0.000302781,0.000387235,0.000471689,0.000698276,0.00110773,0.00265225,0.00124231,0.0012641,0.0016398,0.00292213,0.0235916,0.938612,0.0202118,0.00204085,0.000951638,
0.00080502,0.000522512,0.000368533,0.000292943,0.000230588,0.000225497,0.000255784,0.000308723,0.000373878,0.000488662,0.00184826,0.000588431,0.000680055,0.000817746,0.00135451,0.00275789,0.0235352,0.945684,0.0172391,0.00162302,
0.00199484,0.00109456,0.00060177,0.000364853,0.000251132,0.000217964,0.000241656,0.000227441,0.000293778,0.000246394,0.00107087,0.000199011,0.000407498,0.000398021,0.000582817,0.0011609,0.00240708,0.0245115,0.943486,0.0202422,
0.027524,0.00313848,0.00129026,0.000707404,0.000478245,0.000538025,0.000518099,0.000503153,0.000582861,0.0010362,0.00189305,0.000817002,0.000732312,0.000732312,0.000612751,0.000817002,0.00124543,0.00362171,0.0306724,0.922539,


0.931188,0.0241568,0.00301657,0.00132657,0.000805631,0.000387672,0.000357385,0.000284697,0.000218066,0.000224123,0.000696598,0.00023018,0.000212008,0.000242295,0.000242295,0.000520934,0.00062391,0.00120542,0.00268947,0.0313711,
0.0270318,0.946167,0.0149998,0.00154028,0.000920988,0.000629495,0.000525259,0.0004147,0.000413068,0.000503025,0.00162861,0.000281498,0.000247025,0.000212959,0.000218467,0.00025498,0.000355136,0.000528727,0.000888555,0.00223873,
0.00219646,0.0245746,0.945882,0.0186766,0.00242471,0.00111477,0.000535884,0.000443262,0.000317561,0.000211707,0.000979147,0.000122393,0.000155473,0.000115777,0.000205092,0.000172012,0.000201784,0.00028779,0.000555732,0.000826982,
0.0010557,0.00219723,0.0284481,0.935246,0.0248647,0.00315422,0.00118873,0.000669468,0.000390523,0.000317568,0.000720965,0.000184533,0.000115869,0.000107286,0.000120161,0.000102995,0.000158784,0.000197407,0.00026607,0.000493518,
0.000243817,0.000366249,0.000757611,0.0166538,0.963366,0.0143381,0.00116362,0.000559837,0.000321252,0.00023126,0.00122013,0.000121385,7.6389e-05,5.33677e-05,6.17391e-05,7.42961e-05,8.68532e-05,7.74354e-05,9.31318e-05,0.000133942,
0.00021702,0.000348547,0.000723399,0.00210772,0.035463,0.930642,0.023859,0.00310733,0.00126924,0.000621465,0.00059516,0.000200579,0.00014468,8.22044e-05,8.54926e-05,0.00010851,8.54926e-05,7.89162e-05,0.000111798,0.000147968,
0.000135005,0.000199911,0.000301165,0.000591945,0.00178622,0.0273775,0.935989,0.0277773,0.003048,0.00110341,0.000659447,0.000306357,0.000215489,0.00010385,6.49062e-05,6.231e-05,6.231e-05,5.45212e-05,7.00987e-05,9.08687e-05,
6.0048e-05,6.18677e-05,0.000129194,0.000263847,0.000507679,0.00152304,0.0313778,0.928699,0.0327098,0.00287139,0.000906179,0.000340272,0.000172866,9.09819e-05,7.64248e-05,6.36873e-05,3.27535e-05,2.72946e-05,4.18517e-05,4.36713e-05,
3.12615e-05,5.21025e-05,7.41014e-05,7.41014e-05,0.000166728,0.00039019,0.0013373,0.0365239,0.929884,0.0280717,0.00227746,0.000574285,0.000203779,0.000104205,7.41014e-05,4.63133e-05,3.58928e-05,2.43145e-05,2.54723e-05,2.89458e-05,
3.67266e-05,1.38966e-05,4.26823e-05,6.84902e-05,8.73499e-05,0.000170729,0.000410941,0.00155542,0.0409175,0.921606,0.0323929,0.00181946,0.000436749,0.000164774,8.73499e-05,5.65789e-05,4.76454e-05,2.97784e-05,2.97784e-05,2.48153e-05,
5.39349e-05,5.7184e-05,6.69313e-05,7.60288e-05,8.18771e-05,0.000115018,0.000167003,0.000348303,0.00133798,0.0369708,0.947317,0.0118351,0.000820721,0.00025148,0.000137112,0.000100722,7.79782e-05,6.8231e-05,5.0036e-05,6.62815e-05,
0.000206385,0.000165911,0.000133437,0.000126418,0.000149258,0.000245402,0.000533122,0.00134341,0.00502976,0.0320311,0.134738,0.801558,0.0185722,0.00289763,0.000862714,0.000382853,0.000257803,0.000251855,0.000265803,0.000249238,
5.29187e-05,4.73484e-05,6.68447e-05,8.07707e-05,6.68447e-05,0.000133689,0.000169897,0.000272949,0.000565395,0.001167,0.00356505,0.0347481,0.931671,0.024014,0.00196635,0.000718581,0.000261809,0.000186608,0.00014483,0.000100267,
0.000139229,0.000101875,6.79166e-05,0.000105271,7.8104e-05,0.000101875,0.000115458,0.000230916,0.000302229,0.000492395,0.00157566,0.00334829,0.0392761,0.924585,0.0259271,0.00202731,0.000740291,0.000329395,0.000220729,0.000234312,
0.00014711,8.89503e-05,8.2108e-05,9.57927e-05,8.55292e-05,8.2108e-05,9.92138e-05,0.000153952,0.000174479,0.000328432,0.000875818,0.000981875,0.00270272,0.0334727,0.930691,0.0267056,0.00192954,0.000687654,0.000413961,0.000201849,
0.000267508,0.000193517,9.39125e-05,7.68375e-05,8.25291e-05,8.25291e-05,7.96833e-05,0.000122371,0.0001366,0.0002049,0.000745608,0.000472408,0.000910666,0.00230512,0.033689,0.940363,0.0178235,0.00151683,0.000520787,0.000313042,
0.000380649,0.000204528,0.000181803,0.000142033,7.95387e-05,0.000102264,8.23793e-05,0.000107945,0.000173281,0.000153396,0.000914695,0.000303951,0.000445985,0.000786865,0.00228674,0.0234355,0.950268,0.0178365,0.00149419,0.000619265,
0.000723612,0.000413874,0.000309738,0.000216283,0.000186911,0.000259005,0.000250995,0.000259005,0.000384502,0.000472618,0.00144188,0.00051,0.000536701,0.000595445,0.000942565,0.00212811,0.0231583,0.946893,0.0184374,0.00187979,
0.00192146,0.000879857,0.000546659,0.000404352,0.000355022,0.000381032,0.000469078,0.00056669,0.000775518,0.0012135,0.00293047,0.00107448,0.000803471,0.000773126,0.000816775,0.00112785,0.00240518,0.0251445,0.937364,0.0200466,
0.0219368,0.00268099,0.00134138,0.000864835,0.000663628,0.000551847,0.000525961,0.000500663,0.000563025,0.000705399,0.00167849,0.000593029,0.000580086,0.000574791,0.000730697,0.00103427,0.00186557,0.00393706,0.0375709,0.921101,


0.930659,0.0246314,0.00313769,0.00116341,0.000728602,0.000517072,0.000311418,0.000176275,0.00025266,0.000258536,0.000622837,0.000170399,0.000170399,0.000199778,0.000270288,0.00039368,0.000640464,0.00125743,0.0028909,0.0315473,
0.0268189,0.938027,0.0213867,0.00239319,0.00103831,0.000563475,0.00045901,0.000436851,0.000493832,0.000762907,0.00168726,0.000490666,0.000357712,0.000332387,0.000326056,0.000345049,0.000379871,0.000582468,0.000924352,0.00219375,
0.00186362,0.024408,0.947491,0.0182071,0.00234792,0.000986985,0.000588513,0.000401537,0.000251344,0.000153259,0.00118622,0.000113411,9.80855e-05,9.50203e-05,0.000113411,0.000165519,0.000190041,0.00026054,0.000364755,0.000714185,
0.000896397,0.00218066,0.0292406,0.934395,0.0250862,0.00320203,0.00132305,0.000547319,0.00043096,0.00032322,0.000732632,0.000137907,0.000150836,0.000129288,7.75728e-05,0.000120669,0.000137907,0.000168074,0.000271505,0.000448199,
0.000544406,0.00101129,0.00277573,0.0559608,0.915798,0.0168835,0.00238465,0.00119622,0.000649649,0.000448691,0.000731072,0.000220448,0.000171074,0.000117803,0.000125166,0.000136426,0.00013556,0.000152451,0.00024167,0.000315296,
0.000191142,0.000326259,0.00075468,0.00197733,0.0352623,0.931271,0.0238729,0.00306815,0.00112378,0.000609676,0.000540469,0.00018455,0.000151595,0.000112049,6.26153e-05,8.23886e-05,6.59109e-05,0.000102162,7.90931e-05,0.000161482,
0.00010722,0.000153519,0.00028998,0.000597018,0.00181298,0.0284278,0.935785,0.0272386,0.00297291,0.00104783,0.000636007,0.00023637,0.000155956,0.000116967,5.84834e-05,7.06674e-05,5.84834e-05,7.5541e-05,7.79778e-05,8.04146e-05,
6.19155e-05,7.07605e-05,0.000152135,0.000217589,0.000521859,0.00157265,0.0308604,0.927838,0.0339916,0.00279681,0.000974726,0.000344958,0.000173363,0.00010791,6.19155e-05,6.54535e-05,5.83774e-05,3.71493e-05,3.71493e-05,5.48394e-05,
3.70721e-05,3.47551e-05,6.14007e-05,8.68877e-05,0.000166824,0.000398525,0.00131258,0.0357734,0.929972,0.0287054,0.00237725,0.000551447,0.000191153,0.00012396,4.98156e-05,4.28646e-05,3.82306e-05,2.08531e-05,1.8536e-05,3.70721e-05,
3.17824e-05,2.88028e-05,4.07212e-05,6.65444e-05,8.74016e-05,0.000154939,0.000382382,0.00156032,0.0399426,0.922069,0.0330289,0.00174803,0.000439988,0.000147987,7.84628e-05,6.05852e-05,3.67484e-05,3.27756e-05,2.28436e-05,3.87348e-05,
4.42798e-05,5.53497e-05,5.40474e-05,6.96756e-05,8.72572e-05,0.000115258,0.000179073,0.000386146,0.00134077,0.0362795,0.947816,0.0120285,0.000795083,0.000280005,0.000136746,9.50713e-05,6.57685e-05,6.83732e-05,5.53497e-05,4.75357e-05,
5.35379e-05,4.58896e-05,3.63293e-05,6.11862e-05,8.79551e-05,0.000126196,0.00015679,0.000336524,0.000956034,0.00374383,0.0540522,0.918445,0.0190499,0.00172851,0.00050861,0.000227536,0.000147229,9.75155e-05,8.22189e-05,5.7362e-05,
6.94608e-05,5.83471e-05,6.66824e-05,8.3353e-05,7.22393e-05,0.000144479,0.000136143,0.000272287,0.000522346,0.00116972,0.00372866,0.0340108,0.9312,0.0251476,0.00196157,0.000644597,0.00031952,0.00017782,0.000122251,9.16883e-05,
0.000124857,0.000118108,0.000114733,8.77374e-05,9.78609e-05,9.11119e-05,0.000138355,0.000256463,0.00038132,0.000793011,0.00167038,0.00340151,0.0376596,0.9257,0.0257509,0.00208545,0.000712022,0.000374571,0.00027671,0.000165351,
0.000110331,9.99872e-05,9.65394e-05,7.93002e-05,8.27481e-05,9.65394e-05,0.000117226,0.000134466,0.000248244,0.000330992,0.000820585,0.0011102,0.00281688,0.0336647,0.929595,0.027593,0.00181356,0.000624058,0.000348231,0.000217214,
0.000178422,0.000147269,0.000116116,8.49627e-05,0.00012178,8.77948e-05,7.64665e-05,9.62911e-05,0.000169925,0.000235064,0.00103655,0.000538097,0.000843963,0.00236763,0.033801,0.939328,0.018318,0.00152933,0.000625892,0.00029737,
0.000364794,0.00030059,0.000166346,0.000105061,0.000102142,0.000128408,0.000102142,9.33873e-05,0.000125489,0.000154673,0.00115859,0.000350202,0.000440671,0.000834649,0.00211289,0.0230608,0.950569,0.0176619,0.00156716,0.000601181,
0.000782105,0.000488816,0.000307596,0.000171682,0.000157375,0.000147837,0.000236062,0.000236062,0.000290905,0.000414897,0.00153321,0.000493585,0.000443511,0.000639037,0.000863177,0.00222948,0.0233225,0.946342,0.0189804,0.0019195,
0.00224681,0.001054,0.000529568,0.000354759,0.000231365,0.000221082,0.000200516,0.000174809,0.000164526,0.00014396,0.00105914,0.000282779,0.000365042,0.000375325,0.000637539,0.00115682,0.00282265,0.025008,0.940344,0.0226275,
0.0276477,0.00344328,0.00117352,0.000680929,0.000478099,0.00040566,0.000497416,0.000468441,0.000849954,0.00107693,0.00208142,0.000801661,0.000748539,0.000700246,0.000584343,0.000835466,0.00148259,0.00359299,0.0302893,0.922162,


0.931494,0.02435,0.00348204,0.00134671,0.000558097,0.000461036,0.000285115,0.000230518,0.000206253,0.000218386,0.000679422,0.000157723,0.000157723,0.000139524,0.000218386,0.000285115,0.000630892,0.00134065,0.00277835,0.0309804,
0.0269217,0.952626,0.0133682,0.0011158,0.000645539,0.000480236,0.000317782,0.000186679,0.000136803,0.000161029,0.0012583,9.69021e-05,9.83272e-05,0.000125403,0.000136803,0.000148203,0.00021518,0.000374783,0.000481661,0.0011044,
0.00182011,0.0246303,0.951863,0.0140695,0.00146903,0.000840606,0.000554452,0.000399317,0.000275023,0.000248819,0.0013888,0.000167425,0.000125685,0.000130787,0.000151889,0.000154208,0.000210325,0.000292647,0.000451029,0.000756893,
0.00105291,0.00219392,0.028217,0.935196,0.0250847,0.00316753,0.00126437,0.000643197,0.000396491,0.00033041,0.000726901,0.000154191,0.000127758,0.000101326,0.000114542,0.000171813,0.000163002,0.000171813,0.000277544,0.000444952,
0.00036275,0.000685992,0.00199333,0.0274504,0.935136,0.0274792,0.00307798,0.00115649,0.000675217,0.000330425,0.000538737,0.000150846,0.000114931,0.000118522,6.824e-05,7.18316e-05,8.61979e-05,0.000107747,0.000201128,0.000193945,
0.000151253,0.000325523,0.000749689,0.00201561,0.0339925,0.931824,0.0245063,0.00290998,0.00131524,0.000581996,0.000535962,0.000223592,0.000141389,0.000108508,0.000115084,9.86433e-05,9.53552e-05,9.53552e-05,0.000115084,9.86433e-05,
0.000145385,0.000142789,0.000298558,0.000615289,0.00185885,0.0264834,0.935693,0.0290432,0.00304269,0.00108519,0.000620481,0.000257019,0.000132404,0.000135,5.71154e-05,8.3077e-05,6.49039e-05,4.93269e-05,8.56731e-05,0.000106442,
6.37216e-05,6.7166e-05,0.000137776,0.000273831,0.000504606,0.00157582,0.030731,0.927833,0.0340532,0.00280203,0.00105055,0.000313441,0.000153276,0.000118832,8.09436e-05,5.16661e-05,3.44441e-05,4.64995e-05,5.16661e-05,5.68328e-05,
4.27758e-05,4.04636e-05,4.39319e-05,8.90198e-05,0.000161854,0.000397699,0.00127171,0.0348252,0.930532,0.0291858,0.00229139,0.000568802,0.000219659,9.1332e-05,5.78051e-05,4.16197e-05,2.77464e-05,4.04636e-05,2.89025e-05,4.16197e-05,
3.77367e-05,4.66744e-05,2.97922e-05,6.45497e-05,8.93765e-05,0.000180739,0.000360485,0.00162765,0.0387686,0.922635,0.0335927,0.00174781,0.000364458,0.000168822,8.44111e-05,5.66051e-05,3.77367e-05,3.77367e-05,3.47575e-05,3.47575e-05,
7.40642e-05,5.71724e-05,6.95164e-05,7.14655e-05,7.8612e-05,0.000121491,0.000178014,0.000379417,0.0013364,0.0350908,0.948534,0.0124239,0.000814057,0.000263773,0.000128638,8.83573e-05,8.25101e-05,8.51089e-05,6.04208e-05,6.23699e-05,
5.25055e-05,4.08376e-05,5.83394e-05,5.05608e-05,7.00073e-05,0.000110845,0.000182797,0.000381151,0.000997604,0.00370844,0.0527641,0.919567,0.0191295,0.00171907,0.000507553,0.000235302,0.000182797,0.000105011,8.36198e-05,5.25055e-05,
7.22742e-05,8.61731e-05,6.11551e-05,7.22742e-05,8.89529e-05,0.000102852,0.000161227,0.000283537,0.000564295,0.00119252,0.00346638,0.0331739,0.931723,0.0255712,0.00209317,0.00062823,0.000291877,0.000180686,9.17327e-05,9.45124e-05,
0.000112086,7.81202e-05,0.000118879,0.000118879,6.11376e-05,0.000122275,0.000183413,0.000207188,0.000281912,0.000489101,0.00138578,0.0033252,0.0382076,0.925052,0.0267783,0.00204811,0.000737047,0.000312481,0.00024455,0.000135861,
0.000173095,6.5776e-05,8.30855e-05,5.19285e-05,6.92379e-05,6.5776e-05,8.30855e-05,0.000176557,0.000221561,0.000294261,0.000692379,0.000969331,0.00259296,0.0323203,0.930537,0.0285537,0.0017898,0.00065776,0.000422351,0.000180019,
0.000139905,0.000161195,8.21183e-05,7.90769e-05,7.2994e-05,0.000121657,7.2994e-05,0.000115574,0.000179444,0.000258521,0.000717775,0.000410591,0.000924591,0.0024453,0.0334069,0.93909,0.0191518,0.00164541,0.000577869,0.000346722,
0.000385246,0.000285925,0.000198643,9.33018e-05,9.93213e-05,8.42726e-05,7.22337e-05,0.000102331,0.000126409,0.000195633,0.00113768,0.000367188,0.000511655,0.000815639,0.00201953,0.0235391,0.949172,0.0187176,0.00138448,0.000692239,
0.000939438,0.00049836,0.000343697,0.00028355,0.000206218,0.000246316,0.000246316,0.000300735,0.000363746,0.000658752,0.0017414,0.000641567,0.000601469,0.000653024,0.00114852,0.00239728,0.0232654,0.944565,0.0190408,0.00185883,
0.00217884,0.00100562,0.000488443,0.000272953,0.000181969,0.000258587,0.00014366,0.000134082,0.000191546,0.00017718,0.00107745,0.000205912,0.000301685,0.000440556,0.000679989,0.00106787,0.0028684,0.0244126,0.94301,0.0209025,
0.0138293,0.00089757,0.000463845,0.000297756,0.00025817,0.000183301,0.000141993,0.000169531,0.000165229,0.000240098,0.00163249,0.000203094,0.000202233,0.000196209,0.000320991,0.000324433,0.000467287,0.000950925,0.0140057,0.96505,


0.915494,0.0194361,0.00254835,0.0012726,0.0008396,0.000648514,0.000508252,0.000488946,0.000524012,0.00062448,0.00128915,0.00040148,0.000360898,0.00035026,0.000420785,0.000567351,0.000833691,0.0013577,0.00363459,0.048399,
0.0269228,0.941996,0.0188096,0.00200092,0.000943218,0.000495252,0.000465387,0.000418102,0.000430545,0.000582356,0.0017172,0.000343441,0.000281223,0.000316065,0.000216517,0.000271268,0.00038326,0.000512672,0.000861091,0.00203327,
0.00134999,0.0245016,0.951602,0.0160991,0.00170413,0.000686801,0.00043569,0.000266136,0.00024038,0.000130922,0.00109459,0.00010302,6.65339e-05,7.08264e-05,0.000107313,0.000115898,0.000182432,0.000279013,0.000328377,0.000635291,
0.000829396,0.00218696,0.0268502,0.936656,0.0249892,0.00309889,0.00141534,0.000627205,0.000416761,0.000239328,0.000812891,0.000160928,0.00016918,0.000173307,0.000140296,0.000103159,0.000189812,0.000193938,0.000264086,0.000482783,
0.000377415,0.000862664,0.00195537,0.0270445,0.935555,0.0275621,0.00295822,0.00111427,0.000611054,0.000359443,0.000514004,0.000176127,0.000122211,0.000111427,7.90775e-05,0.000111427,6.11054e-05,0.000100644,0.000143777,0.000179722,
0.000207714,0.000352785,0.000636332,0.00209033,0.0330629,0.932592,0.0243883,0.00318825,0.0012331,0.000534123,0.000642926,0.000207714,0.00016815,9.89116e-05,0.0001121,8.57234e-05,5.9347e-05,0.000108803,0.000121991,0.000108803,
9.87788e-05,0.000171563,0.000340527,0.000608269,0.0018664,0.0256461,0.935692,0.0298832,0.00301015,0.00104758,0.000660258,0.000252146,0.000153367,0.000119574,5.45883e-05,7.79832e-05,5.19888e-05,8.05827e-05,0.000101378,8.31821e-05,
8.05255e-05,8.76834e-05,0.000114525,0.000270208,0.000502837,0.00148525,0.02973,0.927631,0.0353972,0.00283629,0.000941254,0.000345365,0.000202209,9.48412e-05,5.90521e-05,3.04208e-05,4.47364e-05,5.72626e-05,4.11575e-05,4.83153e-05,
3.70589e-05,3.47427e-05,5.44302e-05,9.72795e-05,0.000170239,0.000367114,0.0013098,0.033961,0.930454,0.0300142,0.00236019,0.000566306,0.000194559,0.000116967,6.13787e-05,5.09559e-05,5.2114e-05,2.20037e-05,3.8217e-05,3.70589e-05,
2.18525e-05,3.57586e-05,4.56915e-05,6.85373e-05,8.34367e-05,0.00018078,0.000399304,0.00155649,0.0378266,0.922511,0.0345696,0.00185547,0.000374472,0.000189719,8.24434e-05,5.76111e-05,3.97318e-05,3.57586e-05,2.48324e-05,4.07251e-05,
5.27002e-05,5.40014e-05,5.53026e-05,6.8315e-05,8.32793e-05,0.000126871,0.00017892,0.000347431,0.00135069,0.0341048,0.949544,0.0124932,0.000767731,0.000285622,0.000122316,0.000106051,7.61225e-05,7.61225e-05,5.20495e-05,5.4652e-05,
3.52393e-05,3.7197e-05,6.46053e-05,7.63517e-05,6.06898e-05,0.000111591,0.000172281,0.000385674,0.000972995,0.0036179,0.0524438,0.919774,0.0194403,0.00172085,0.000507054,0.000195774,0.000148788,9.59291e-05,8.22249e-05,5.67744e-05,
7.76611e-05,7.48875e-05,8.32083e-05,5.82458e-05,8.04347e-05,0.000105397,0.000166417,0.000257946,0.000490929,0.00125367,0.00370554,0.0330281,0.931453,0.0258722,0.00185832,0.000701723,0.000363343,0.000166417,0.000113718,8.87555e-05,
0.000128995,9.5049e-05,9.84436e-05,7.46813e-05,8.48651e-05,0.000128995,0.000135784,0.000186703,0.000329277,0.000580478,0.00143252,0.00319432,0.0365735,0.925648,0.0277849,0.00211484,0.0006925,0.000376801,0.000200282,0.000139179,
0.000152284,6.57592e-05,6.22982e-05,6.22982e-05,7.26812e-05,8.30642e-05,0.000110752,0.000176512,0.000231888,0.000263037,0.000806415,0.00104869,0.0026719,0.0325577,0.929323,0.0290136,0.00198662,0.000709507,0.000335718,0.000266498,
0.00022679,0.000124268,7.76677e-05,8.38811e-05,9.94147e-05,8.69879e-05,9.32013e-05,0.000105628,0.000164656,0.00025475,0.000608915,0.000506394,0.000984827,0.00247605,0.0338259,0.938009,0.0195226,0.00170248,0.000639982,0.000406979,
0.000341051,0.000265626,0.000177084,9.51007e-05,0.000121335,0.000127894,9.838e-05,9.838e-05,0.00014757,0.000137732,0.00101659,0.000386961,0.000478783,0.00101987,0.0022857,0.0232997,0.947655,0.0197744,0.00172165,0.000750967,
0.000910956,0.000487684,0.000282182,0.000294451,0.000205502,0.000217771,0.000208569,0.000248443,0.000432474,0.00067785,0.0017207,0.00054596,0.000567431,0.000696253,0.000953897,0.00248136,0.0233904,0.941236,0.022323,0.00211943,
0.0023738,0.00107435,0.000552523,0.000419508,0.000230218,0.00018929,0.000138131,0.000112551,0.000184174,0.000163711,0.000992495,0.000286493,0.000373465,0.000465552,0.000639494,0.00117667,0.00273192,0.0248738,0.941499,0.0215228,
0.0266938,0.00325996,0.00133343,0.000744533,0.000504768,0.000471117,0.000555245,0.000563658,0.000576277,0.00090017,0.00203169,0.000874931,0.000660405,0.000559451,0.000647786,0.000778184,0.00133343,0.00342822,0.0368312,0.917252,


0.931927,0.0253513,0.00291324,0.00139593,0.000746518,0.000479471,0.000267047,0.000212424,0.000212424,0.000194216,0.000710102,0.000182078,0.000194216,0.000188147,0.000273116,0.00040664,0.000576579,0.00120171,0.00268868,0.0298789,
0.0269539,0.943483,0.0181672,0.00179995,0.000890906,0.000573535,0.000412582,0.000414849,0.000428451,0.000598471,0.0016798,0.000369511,0.000238028,0.000240295,0.000256164,0.000208558,0.000301503,0.000485124,0.000666479,0.00183168,
0.00216763,0.0244939,0.942972,0.0215852,0.00268279,0.00121657,0.000634043,0.000368537,0.000305133,0.000237766,0.000851995,0.000194176,0.000138697,0.000126809,0.000122846,0.000198138,0.000198138,0.00025758,0.000404202,0.000844069,
0.00105703,0.00256169,0.0372931,0.925718,0.025395,0.00294162,0.00113978,0.000722239,0.000447638,0.000263316,0.000530394,0.000154228,0.000131658,0.00013542,0.000127896,0.000154228,0.000150466,0.000240746,0.000334788,0.000500301,
0.000377009,0.000707341,0.00205739,0.0268215,0.934903,0.0283583,0.0030807,0.00124592,0.000567309,0.000294426,0.000563718,0.000136441,0.000114898,9.33546e-05,6.82207e-05,8.61735e-05,7.18112e-05,0.000136441,0.000104126,0.000211843,
0.000212991,0.000403045,0.000691402,0.00202505,0.0323845,0.932646,0.0251756,0.00303758,0.00121569,0.000616036,0.000586545,0.000190054,0.000144179,0.000154009,9.50268e-05,8.51965e-05,7.86429e-05,6.2259e-05,8.84732e-05,0.000108134,
9.62284e-05,0.000182054,0.000280883,0.000603378,0.00164368,0.0258984,0.935056,0.0305694,0.00299088,0.00109492,0.000689203,0.000234069,0.000174251,8.84261e-05,7.02207e-05,5.46161e-05,3.90115e-05,7.02207e-05,7.8023e-05,8.58253e-05,
3.99847e-05,7.81518e-05,0.000147216,0.00025263,0.000568873,0.00153941,0.0284564,0.927677,0.0363152,0.00294251,0.00104869,0.000327147,0.000179931,0.000125406,6.54294e-05,5.9977e-05,2.36273e-05,3.27147e-05,5.81595e-05,6.17945e-05,
3.01372e-05,3.7092e-05,4.52059e-05,0.00010548,0.000206324,0.00041033,0.00136081,0.0332136,0.930254,0.0308431,0.00237736,0.000581881,0.000220234,0.000106639,6.4911e-05,3.94102e-05,3.94102e-05,2.7819e-05,1.8546e-05,1.73869e-05,
3.57142e-05,3.07539e-05,4.36508e-05,6.3492e-05,9.22618e-05,0.000155754,0.000403769,0.0015744,0.0367113,0.922871,0.0353303,0.00184821,0.000396825,0.000177579,8.13491e-05,5.15872e-05,4.7619e-05,3.1746e-05,3.1746e-05,2.08333e-05,
5.79151e-05,5.14078e-05,6.50731e-05,6.89775e-05,7.61355e-05,0.000112576,0.000184808,0.000335777,0.00133205,0.032981,0.950351,0.0127446,0.000871329,0.000272006,0.000138606,8.84994e-05,7.87385e-05,7.28819e-05,5.79151e-05,5.85658e-05,
5.293e-05,6.46922e-05,5.48903e-05,5.68507e-05,7.64544e-05,0.000111741,0.000197997,0.000431281,0.000960581,0.0036953,0.0506991,0.920885,0.0199232,0.00162319,0.000543022,0.000225442,0.00015683,0.00010782,6.46922e-05,6.86129e-05,
7.22815e-05,6.95014e-05,6.95014e-05,8.06216e-05,7.78416e-05,0.000125103,0.000172363,0.000289126,0.00050319,0.00124269,0.00366133,0.0319401,0.931608,0.0268164,0.00190156,0.000644973,0.000314146,0.000166803,0.000125103,0.000119542,
0.000131713,7.42995e-05,0.000128335,8.44312e-05,6.07905e-05,0.000121581,0.000131713,0.000189126,0.000374875,0.000645055,0.00166836,0.00369809,0.0365013,0.924532,0.0280548,0.00213442,0.000746372,0.000371497,0.000229653,0.000121581,
0.000103031,7.30901e-05,5.45974e-05,2.90599e-05,5.81198e-05,7.22095e-05,7.66125e-05,7.13289e-05,0.000127687,0.000211345,0.00121611,0.000492257,0.00101534,0.0155127,0.963239,0.0163035,0.00064196,0.000334629,0.000228076,0.000139135,
0.000198624,0.000116652,0.000119805,7.25133e-05,8.19716e-05,8.82771e-05,0.000104041,0.00012611,0.000148179,0.00018286,0.000867007,0.000428775,0.000867007,0.00249698,0.0334413,0.938231,0.0198624,0.0016615,0.000614787,0.000290053,
0.000393951,0.000274773,0.000198631,0.000145663,0.000115868,9.26944e-05,7.94523e-05,8.93838e-05,0.000112557,0.000158905,0.00112888,0.00032112,0.000417125,0.000950117,0.00242661,0.0234484,0.947429,0.0198929,0.00158574,0.000738244,
0.000895176,0.000404895,0.000311246,0.000253404,0.000192807,0.000187298,0.000245141,0.000391123,0.000421421,0.000548123,0.00174628,0.000605965,0.00049579,0.000738176,0.00111553,0.00255607,0.0232828,0.943601,0.0200712,0.00193634,
0.00230637,0.00100389,0.000576591,0.000344925,0.00022137,0.000190481,0.000195629,0.00016474,0.000102963,0.000257407,0.000936961,0.000216222,0.000319185,0.000483925,0.000736184,0.00113259,0.00282118,0.024778,0.940827,0.0223841,
0.0273495,0.00287253,0.0013802,0.000556392,0.000461503,0.000422685,0.000431311,0.000422685,0.000586584,0.0007893,0.00177269,0.000556392,0.000461503,0.000565018,0.000508948,0.000754795,0.0012163,0.00288547,0.027729,0.928277,


0.930979,0.0260215,0.00312767,0.00143655,0.000757672,0.000448542,0.00030913,0.000266701,0.000242455,0.000230332,0.000581892,0.000242455,0.000193964,0.000181841,0.000284885,0.000345499,0.000606138,0.00121228,0.00281854,0.0297129,
0.0267671,0.941006,0.0193543,0.00215455,0.000975299,0.000703365,0.000436662,0.00035822,0.000481112,0.00060662,0.00168128,0.000486342,0.000305925,0.000300695,0.000256245,0.000264089,0.000355605,0.000549096,0.000818414,0.00213886,
0.00146987,0.0244863,0.950288,0.0165642,0.00184124,0.000928431,0.000499791,0.000296751,0.000213452,0.000170068,0.00110197,0.000130154,0.000121477,0.000124948,0.000126683,0.000156185,0.000185686,0.000289809,0.000393932,0.000610856,
0.000805222,0.00219572,0.0277205,0.936011,0.0253608,0.00282573,0.00123393,0.000671018,0.000458529,0.00029823,0.00080895,0.000115564,0.000126748,0.000100653,0.000100653,0.000130476,0.000126748,0.000178938,0.000320598,0.000410067,
0.00034458,0.000789663,0.00208902,0.0258686,0.935531,0.028837,0.00284996,0.00110194,0.000696339,0.000315865,0.000466619,0.000190237,8.6145e-05,6.81981e-05,7.17875e-05,0.000104092,0.000111271,8.97344e-05,0.000125628,0.000262024,
0.00018255,0.000294641,0.000736603,0.00198563,0.031549,0.933645,0.0251854,0.00307452,0.00122981,0.000531636,0.000627714,0.000214576,0.000118497,9.92813e-05,8.64708e-05,5.1242e-05,8.00656e-05,8.00656e-05,8.64708e-05,0.000140915,
0.000108103,0.000175367,0.000307493,0.000626998,0.00173686,0.0260841,0.934835,0.030353,0.00305091,0.00106422,0.000651021,0.000290677,0.000153747,0.000100896,7.68734e-05,8.1678e-05,5.04481e-05,7.20688e-05,7.44711e-05,0.000105701,
8.93079e-05,0.000120531,0.000182519,0.000326238,0.00079321,0.00262919,0.0701108,0.901877,0.0179619,0.00324952,0.00136487,0.000459626,0.000238996,0.000146704,8.81599e-05,7.53033e-05,6.54312e-05,6.63495e-05,7.41554e-05,8.05837e-05,
3.86191e-05,4.87336e-05,4.68946e-05,0.000100226,0.000169188,0.000415615,0.00146293,0.0344427,0.931155,0.0287161,0.00223347,0.000567333,0.000235393,0.000125052,6.52847e-05,4.04581e-05,4.68946e-05,2.94241e-05,2.85046e-05,3.21826e-05,
3.07784e-05,2.77998e-05,4.07069e-05,5.36139e-05,0.000104249,0.000166799,0.000372319,0.00152502,0.035688,0.922603,0.0366769,0.00183181,0.00046664,0.000148928,8.24066e-05,5.06354e-05,3.47498e-05,3.37569e-05,2.38284e-05,3.77283e-05,
5.26246e-05,4.93762e-05,5.32743e-05,7.08159e-05,9.35549e-05,0.000111746,0.000162422,0.000354729,0.00132406,0.0320991,0.950929,0.0131029,0.000842644,0.000258575,0.000135135,0.000102651,7.79624e-05,7.14656e-05,6.04209e-05,4.80768e-05,
4.90395e-05,4.70779e-05,6.86553e-05,6.27706e-05,5.10011e-05,0.000131426,0.000166734,0.0003472,0.000925866,0.00379958,0.0493239,0.922062,0.0201709,0.00164773,0.000551204,0.000229505,0.000137311,9.41559e-05,6.27706e-05,7.06169e-05,
0.000100333,8.36111e-05,5.01667e-05,6.13148e-05,5.85278e-05,0.000105907,0.000139352,0.000270343,0.000529537,0.00122351,0.00366217,0.0314099,0.931938,0.0270761,0.0019342,0.000593639,0.000359528,0.000192306,0.000125417,8.63981e-05,
0.000122688,9.20161e-05,8.17921e-05,6.1344e-05,8.17921e-05,9.20161e-05,9.20161e-05,0.000224928,0.0003408,0.000620256,0.00154042,0.0032376,0.0356136,0.925426,0.0287704,0.00218453,0.000736129,0.000361248,0.000173808,0.000146544,
0.000110655,7.26171e-05,9.68228e-05,8.99069e-05,6.91592e-05,7.26171e-05,8.6449e-05,0.000110655,0.000231683,0.000331964,0.000753835,0.00105122,0.0027387,0.0306963,0.929471,0.0307827,0.00204365,0.000681218,0.000314674,0.000193646,
0.000224528,0.000112264,0.00012217,0.00010566,9.90566e-05,8.9151e-05,8.25472e-05,0.000132076,0.000158491,0.000237736,0.000703302,0.000538208,0.000921227,0.00274057,0.034059,0.936112,0.0207326,0.00183585,0.00064717,0.000346698,
0.000470474,0.000253332,0.000144761,0.000111861,0.000128311,0.000131601,0.000121731,0.000141471,0.000125021,0.000154631,0.000924497,0.000414543,0.000529694,0.000970558,0.00232605,0.0234908,0.947165,0.0200922,0.0016154,0.000687615,
0.0010065,0.000596207,0.00038465,0.00023079,0.000169887,0.000173092,0.000246817,0.000355801,0.000397472,0.000669932,0.00173734,0.000599413,0.000605824,0.000724424,0.00103214,0.00256433,0.0235149,0.940982,0.0219443,0.00206429,
0.00221746,0.00115482,0.0006506,0.000439155,0.000271084,0.000189758,0.000249397,0.000135542,0.000178915,0.000222288,0.000916262,0.000281927,0.00042289,0.000417469,0.000607227,0.00121988,0.00281385,0.0248421,0.939153,0.0236168,
0.0274974,0.00280012,0.0011905,0.000815959,0.000401291,0.000401291,0.000454797,0.000486008,0.000610854,0.00104336,0.00206442,0.00070003,0.000575184,0.000526137,0.000575184,0.000757995,0.00126184,0.00315237,0.0275375,0.927148,


0.931874,0.0258293,0.0032778,0.00119742,0.000743854,0.000441474,0.000253999,0.000223761,0.000181428,0.000241904,0.000604759,0.000169333,0.000193523,0.000223761,0.000284237,0.000374951,0.000725711,0.001143,0.00283632,0.0291796,
0.0266985,0.93592,0.0220989,0.00240205,0.00118155,0.0007336,0.000555069,0.000558315,0.000584283,0.000938098,0.00207745,0.000499886,0.00039926,0.000298633,0.000275911,0.000298633,0.00043172,0.000645957,0.000980297,0.00242153,
0.00187462,0.0245383,0.94263,0.0220336,0.00268082,0.00107624,0.000614436,0.000399188,0.000281779,0.000262211,0.000986228,0.000148717,9.78401e-05,0.000148717,0.000164371,0.000148717,0.000183939,0.000352224,0.000481373,0.000896215,
0.000853445,0.00206931,0.025011,0.93877,0.0255254,0.00292276,0.0010444,0.000689771,0.000303967,0.000315658,0.000787196,0.000151983,9.74252e-05,0.000132498,0.000124704,0.000128601,0.000124704,0.000214336,0.000327349,0.000405289,
0.000365834,0.000735055,0.00180885,0.0252256,0.937249,0.0282641,0.00263875,0.00111444,0.000586012,0.000335348,0.000555525,0.000152431,9.48458e-05,9.14585e-05,7.45217e-05,8.80711e-05,0.000111783,0.000111783,0.000118557,0.000277763,
0.000202008,0.000361166,0.000645813,0.00205681,0.029888,0.935458,0.0249694,0.00299033,0.00113553,0.000572356,0.000707027,0.000266283,0.00012855,0.000116308,7.34574e-05,7.03967e-05,8.57003e-05,7.65181e-05,9.18217e-05,0.000104065,
0.000116859,0.000173991,0.0003324,0.00062325,0.00173471,0.0248235,0.935278,0.0314871,0.0028254,0.000992007,0.000641429,0.000238913,0.000194766,0.000137634,7.53094e-05,7.01157e-05,5.71313e-05,6.2325e-05,6.75188e-05,6.75188e-05,
6.98863e-05,8.243e-05,0.000139773,0.000252666,0.000507124,0.00149091,0.0272109,0.927046,0.038373,0.00295673,0.000913898,0.000340472,0.000195323,0.000109309,7.34702e-05,5.19668e-05,4.47989e-05,4.83828e-05,5.01748e-05,4.3007e-05,
3.80153e-05,5.32215e-05,4.9963e-05,9.9926e-05,0.000158578,0.000371464,0.00125559,0.0322718,0.931572,0.0307435,0.00227223,0.000568058,0.000205283,0.000104271,6.51692e-05,4.34461e-05,4.01876e-05,1.95507e-05,3.47569e-05,3.25846e-05,
2.07457e-05,1.61355e-05,2.56851e-05,3.21613e-05,5.93831e-05,0.000114815,0.000301197,0.00130797,0.0706195,0.916179,0.0100772,0.000816875,0.000199773,8.73734e-05,4.30281e-05,2.79902e-05,2.20629e-05,1.72332e-05,1.45988e-05,1.70137e-05,
5.1414e-05,5.79222e-05,5.98746e-05,6.76843e-05,8.5907e-05,0.000118448,0.000160099,0.000368359,0.00132245,0.0312311,0.951402,0.0134868,0.000822625,0.000279849,0.000145131,9.56692e-05,7.02876e-05,5.98746e-05,6.31286e-05,5.1414e-05,
1.28408e-05,1.34829e-05,1.25198e-05,1.52806e-05,1.81697e-05,2.8635e-05,4.61627e-05,9.37379e-05,0.000299127,0.00128286,0.0712561,0.919358,0.00653514,0.000683837,0.00017746,7.51187e-05,3.5569e-05,2.29208e-05,1.91328e-05,1.34186e-05,
7.22146e-05,8.05471e-05,6.11047e-05,6.66596e-05,8.88795e-05,0.000133319,0.000169427,0.000236086,0.000541609,0.0011721,0.00359962,0.0313384,0.931704,0.0273749,0.00196368,0.000661041,0.000297191,0.000174982,0.000161094,0.000102767,
0.000127846,0.000104295,0.000127846,9.75666e-05,0.000100931,0.000158125,0.000178311,0.000205226,0.000359987,0.00079399,0.00154761,0.00367725,0.03433,0.925658,0.0291758,0.00192778,0.000693059,0.000343165,0.000235505,0.000158125,
0.000144972,0.000113906,0.000117358,8.97443e-05,6.90341e-05,0.000107003,8.97443e-05,0.000117358,0.000214006,0.000331364,0.000845667,0.00111145,0.00273375,0.0305752,0.928936,0.0312586,0.00193986,0.00064892,0.000341719,0.000214006,
0.000136044,7.94211e-05,7.00775e-05,6.76481e-05,6.80219e-05,6.44713e-05,6.69006e-05,8.87648e-05,0.000109134,0.000171363,0.000707876,0.000343286,0.000588838,0.0016998,0.034064,0.946766,0.0133771,0.000917735,0.000375989,0.000237329,
0.00037675,0.000193466,0.000118795,0.000125583,0.00013916,0.000145948,0.000118795,0.000108613,0.000149342,0.000240984,0.000977514,0.000386933,0.00047518,0.000872295,0.00260331,0.0234366,0.945806,0.0212643,0.00173101,0.000729741,
0.000600951,0.000356009,0.000308409,0.000211225,0.0002023,0.000194367,0.000223126,0.000330226,0.000375843,0.000489884,0.00172154,0.000602935,0.000565251,0.000678302,0.000829035,0.00197937,0.0234678,0.947094,0.018217,0.00155196,
0.00215839,0.00113959,0.000619683,0.000414872,0.000262577,0.000199559,0.000178553,0.000183804,0.000105031,0.000210062,0.000903266,0.000189056,0.000320344,0.000388615,0.00067745,0.0011711,0.00275706,0.0250131,0.940096,0.0230123,
0.0276434,0.00312764,0.00123565,0.000748784,0.000489945,0.000419073,0.000493027,0.000554655,0.000677912,0.000992216,0.00201217,0.00089053,0.000677912,0.000644016,0.000610121,0.000758029,0.00115861,0.00334334,0.0352946,0.918228,


0.932079,0.0267704,0.00325578,0.00140577,0.000693756,0.000511188,0.000322535,0.000255594,0.000200824,0.000231252,0.000651157,0.000158225,0.00026168,0.000212995,0.000328621,0.000377306,0.000614643,0.00108323,0.00279328,0.0277928,
0.027038,0.935253,0.0231439,0.0024544,0.00118273,0.000836804,0.000606188,0.00052712,0.000507353,0.000859865,0.0013804,0.000467819,0.000388751,0.000312978,0.000303094,0.000312978,0.000438169,0.000424991,0.000882927,0.00267843,
0.00195671,0.0239439,0.94414,0.021409,0.00257704,0.00113727,0.000582037,0.000405894,0.000245068,0.000225922,0.0008003,0.000176143,0.000126363,6.50962e-05,9.57297e-05,0.000145509,0.000206776,0.000340798,0.000528428,0.000892201,
0.000873412,0.00212657,0.0249644,0.938929,0.025196,0.00288986,0.00121138,0.000622781,0.000387339,0.000292403,0.000736704,0.000231644,0.000117721,9.11387e-05,0.000132911,0.000140505,0.000174682,0.000227847,0.000258226,0.000394934,
0.000365677,0.000731354,0.00203344,0.0246815,0.937531,0.0283451,0.00263151,0.00115171,0.000519466,0.000314414,0.000550224,9.22736e-05,0.000140119,8.2021e-05,9.91087e-05,8.2021e-05,8.2021e-05,0.000133284,0.000187965,0.000246063,
0.000209083,0.000301325,0.000694893,0.00200781,0.0296467,0.935944,0.0251115,0.00280417,0.00107001,0.000578052,0.000633398,0.000184485,0.000119915,0.000113766,6.76444e-05,0.000129139,7.68687e-05,9.22424e-05,8.91677e-05,0.000126065,
0.000114449,0.000161269,0.00030173,0.000564443,0.00196645,0.0236442,0.935438,0.0318715,0.00309533,0.00105085,0.00072051,0.000322539,0.000166472,0.000122253,8.8438e-05,6.5028e-05,8.32358e-05,5.20224e-05,6.5028e-05,0.000106646,
4.55328e-05,0.000103815,0.000127492,0.000207629,0.000506325,0.00154447,0.0266877,0.926823,0.0391873,0.002803,0.00106182,0.000315087,0.000165739,0.000114743,6.73885e-05,6.19246e-05,4.18902e-05,4.37115e-05,4.73541e-05,4.37115e-05,
3.24156e-05,4.28349e-05,5.67273e-05,7.87237e-05,0.00015629,0.000379726,0.00128852,0.0304394,0.93094,0.0330917,0.00233508,0.000597374,0.00024659,9.72469e-05,5.55696e-05,3.70464e-05,3.82041e-05,2.77848e-05,2.19963e-05,3.70464e-05,
3.57708e-05,2.68281e-05,3.87517e-05,5.86244e-05,7.25353e-05,0.000157988,0.000387517,0.00156895,0.034026,0.922717,0.0381933,0.001873,0.000413352,0.00017786,7.15416e-05,5.76308e-05,4.27263e-05,3.67644e-05,1.68918e-05,2.68281e-05,
2.49183e-05,2.11057e-05,1.84804e-05,1.85191e-05,2.09138e-05,3.18245e-05,5.94659e-05,0.000171045,0.000961334,0.0594756,0.932078,0.00621802,0.000593049,0.000118528,4.88886e-05,2.93675e-05,2.66832e-05,2.8214e-05,2.88775e-05,2.76044e-05,
4.70177e-05,6.26903e-05,7.64038e-05,3.91814e-05,9.20763e-05,0.000109708,0.000197866,0.00035851,0.000961904,0.00375162,0.0464809,0.923541,0.0215302,0.00158685,0.000536785,0.000272311,0.000111667,9.20763e-05,7.83628e-05,7.24856e-05,
8.63202e-05,3.89833e-05,8.07512e-05,6.4044e-05,8.07512e-05,9.46738e-05,0.000164287,0.000225546,0.000517921,0.00111938,0.0035614,0.0305044,0.932325,0.0278591,0.00198536,0.000634871,0.00028959,0.000150364,0.00011695,0.000100243,
7.22079e-05,5.99881e-05,5.44336e-05,5.66554e-05,7.44296e-05,7.77623e-05,7.99841e-05,0.000147748,0.000228843,0.000391033,0.00140194,0.00141416,0.0179187,0.958545,0.0176498,0.000914263,0.000401031,0.000205515,0.00018774,0.000118865,
