0.931406,0.0238301,0.00301127,0.00136656,0.000526064,0.000411177,0.000326523,0.000326523,0.000260009,0.000163261,0.000598625,0.000175355,0.000253962,0.000260009,0.000205588,0.000453504,0.000622812,0.00124562,0.00252148,0.0320355,
0.0268233,0.950082,0.0147568,0.00153616,0.000781523,0.000437807,0.000332195,0.000236185,0.000216983,0.000207382,0.00121165,0.000165138,0.000132494,0.000105611,0.000165138,0.000182419,0.000222744,0.000403243,0.000624066,0.00137679,
0.00177006,0.0242384,0.948175,0.0181325,0.00232543,0.000880156,0.000542384,0.000409224,0.000204612,0.000155895,0.000737252,0.000181877,0.000136408,0.00013316,0.00013316,0.000204612,0.000172134,0.000250081,0.000441702,0.000776226,
0.00135175,0.00315019,0.0403441,0.927542,0.018171,0.00268011,0.00134484,0.000865717,0.000612596,0.000391381,0.00103801,0.000224938,0.000163784,0.00016538,0.00016538,0.000186119,0.000226001,0.000305766,0.000403611,0.000666836,
0.000376374,0.000724071,0.00227975,0.028884,0.935425,0.0255934,0.00292138,0.00109328,0.000620121,0.000347698,0.000483909,0.000154134,0.000139796,0.00011112,8.24438e-05,0.00011112,0.000129042,0.000118289,0.000186395,0.000218655,
0.00030595,0.000504331,0.00103815,0.00356517,0.0854454,0.88747,0.0153742,0.00272238,0.00117219,0.000596149,0.000588107,0.000220163,0.000148451,0.000118627,0.000102542,0.000102877,9.24886e-05,0.00011226,0.000146105,0.000174924,
0.000238611,0.000307037,0.000569333,0.00145798,0.00527576,0.076403,0.886716,0.0201074,0.00429763,0.00194573,0.00106893,0.000436431,0.000232471,0.000171063,0.000126324,0.000108779,0.000109217,0.00011141,0.000135973,0.000180713,
6.92209e-05,6.73993e-05,0.000127512,0.00023863,0.000508227,0.00145182,0.0317706,0.928376,0.032552,0.00298561,0.000923553,0.000366142,0.000183982,8.7437e-05,7.83289e-05,5.46481e-05,3.27889e-05,2.91456e-05,5.28265e-05,4.37185e-05,
4.48237e-05,4.36744e-05,6.55116e-05,8.50501e-05,0.000159756,0.000382726,0.00127001,0.0377048,0.929465,0.0273735,0.00228256,0.000540183,0.000222969,0.000122978,5.51677e-05,5.40183e-05,3.67784e-05,2.87332e-05,3.56291e-05,2.64345e-05,
8.7367e-05,0.000109901,0.000127493,0.000188768,0.000355793,0.000663752,0.00189677,0.00850603,0.0707365,0.893904,0.0195639,0.00205629,0.000767525,0.000357375,0.000213674,0.000130655,9.94245e-05,8.24255e-05,7.90652e-05,7.3333e-05,
0.000112397,0.000116661,0.00012132,0.000125362,0.000153905,0.000230463,0.000407834,0.00122035,0.00688959,0.0594519,0.923711,0.00554085,0.000811699,0.000322328,0.000189571,0.000134876,0.000120506,0.000112151,0.000108724,0.000118042,
5.59691e-05,4.63193e-05,4.24593e-05,8.29887e-05,6.5619e-05,0.000113868,0.000179487,0.000395644,0.00100744,0.0035357,0.056662,0.916795,0.0182073,0.00176399,0.000474772,0.000225806,0.000131238,9.07085e-05,6.1759e-05,6.1759e-05,
0.000271175,0.000210497,0.00016723,0.000145909,0.0001665,0.000227699,0.000385494,0.000859137,0.00227929,0.00807978,0.020888,0.0728744,0.873116,0.0159256,0.00200071,0.00086435,0.000486155,0.000383826,0.000347075,0.000321062,
0.000270672,0.000226899,0.000178601,0.00015935,0.000156107,0.00019434,0.000283101,0.000501692,0.00108262,0.00278568,0.005707,0.00762596,0.0428739,0.919461,0.0151017,0.00138322,0.000753855,0.000507163,0.00040442,0.000342747,
0.000290976,0.000232797,0.000189084,0.000161402,0.000157022,0.000177667,0.000228965,0.000338443,0.000612919,0.00128457,0.00295559,0.00253214,0.00342009,0.0337322,0.935821,0.0150548,0.00125164,0.000723022,0.000469269,0.000366829,
0.000385755,0.000287409,0.000224629,0.000185971,0.000179579,0.000190403,0.000255555,0.000348231,0.000536057,0.000906864,0.00229298,0.00137045,0.00176414,0.00258472,0.0340801,0.935534,0.0161339,0.00147168,0.000750686,0.00051647,
0.000606853,0.000427403,0.000327994,0.000281992,0.000259632,0.000302786,0.000387241,0.000471696,0.000698002,0.00110718,0.00265229,0.00124233,0.00126412,0.00163983,0.00292218,0.0235897,0.938614,0.0202123,0.00204088,0.000951653,
0.00080502,0.000522512,0.000368533,0.000292943,0.000230587,0.000225497,0.000255784,0.000308722,0.000373877,0.000488662,0.00184826,0.00058843,0.000680055,0.000817745,0.00135451,0.00275789,0.0235352,0.945683,0.0172393,0.00162302,
0.00199484,0.00109456,0.00060177,0.000364853,0.000251132,0.000217964,0.000241656,0.000227441,0.000293778,0.000246394,0.00107087,0.000199011,0.000407498,0.000398021,0.000582817,0.0011609,0.00241182,0.0245067,0.943486,0.0202422,
0.0275241,0.0031385,0.00129027,0.000707407,0.000478247,0.000538028,0.000518101,0.000503156,0.000582864,0.0010362,0.00189306,0.000817006,0.000732316,0.000732316,0.000612754,0.000817006,0.00124544,0.00362173,0.0306726,0.922539,


0.931188,0.0241568,0.00301657,0.00132657,0.000805631,0.000387672,0.000357385,0.000284697,0.000218066,0.000224123,0.000696598,0.00023018,0.000212008,0.000242295,0.000242295,0.000520934,0.00062391,0.00120542,0.00268947,0.0313711,
0.0270317,0.946167,0.0149999,0.00154029,0.000920994,0.000629499,0.000525262,0.000414702,0.00041307,0.000503028,0.00162862,0.000281296,0.000247026,0.000212961,0.000218468,0.000254982,0.000355139,0.00052873,0.00088856,0.00223874,
0.00219648,0.0245715,0.945885,0.0186767,0.00242473,0.00111478,0.000535888,0.000443265,0.000317563,0.000211709,0.000979153,0.000122394,0.000155474,0.000115778,0.000205093,0.000172013,0.000201785,0.000287792,0.000555736,0.000826988,
0.00105572,0.00219726,0.0284486,0.935245,0.0248651,0.00315428,0.00118875,0.000669479,0.000390529,0.000317573,0.000720977,0.000184536,0.000115871,0.000107288,0.000120163,0.000102997,0.000158787,0.00019741,0.000266075,0.000493526,
0.000243818,0.000366251,0.000757615,0.016655,0.963364,0.0143382,0.00116363,0.00055984,0.000321254,0.000231261,0.00122014,0.000121386,7.63894e-05,5.33679e-05,6.17394e-05,7.42965e-05,8.68537e-05,7.74358e-05,9.31323e-05,0.000133943,
0.000217022,0.00034855,0.000723406,0.00210774,0.03546,0.930645,0.0238592,0.00310736,0.00126925,0.000621471,0.000595166,0.000200581,0.000144681,8.22052e-05,8.54934e-05,0.000108511,8.54934e-05,7.8917e-05,0.000111799,0.000147969,
0.00013501,0.000199919,0.000301177,0.000591968,0.00178629,0.0273785,0.935987,0.0277784,0.00304812,0.00110345,0.000659473,0.000306369,0.000215497,0.000103854,6.49088e-05,6.23124e-05,6.23124e-05,5.45234e-05,7.01015e-05,9.08723e-05,
6.00487e-05,6.18683e-05,0.000129196,0.00026385,0.000507684,0.00152305,0.0313764,0.928702,0.0327102,0.00287142,0.000906189,0.000340276,0.000172867,9.09829e-05,7.64256e-05,6.18683e-05,3.27538e-05,2.72949e-05,4.18521e-05,4.36718e-05,
3.1262e-05,5.09455e-05,7.41026e-05,7.41026e-05,0.000166731,0.000390196,0.00133732,0.0365221,0.929892,0.0280687,0.00227518,0.000574295,0.000203782,0.000104207,7.41026e-05,4.63141e-05,3.58934e-05,2.43149e-05,2.54728e-05,2.89463e-05,
3.67213e-05,1.38945e-05,4.26761e-05,6.84802e-05,8.73371e-05,0.000170704,0.000410881,0.0015542,0.0409492,0.921582,0.0323892,0.0018182,0.000436686,0.000165742,8.63446e-05,5.55782e-05,4.76384e-05,2.9774e-05,2.9774e-05,2.48117e-05,
5.39363e-05,5.71855e-05,6.69331e-05,7.60308e-05,8.18793e-05,0.000115021,0.000167008,0.000348312,0.00133476,0.0369659,0.947325,0.0118355,0.000820742,0.000251486,0.000137115,0.000100725,7.79803e-05,6.82327e-05,5.00373e-05,6.62832e-05,
0.000206388,0.000165913,0.000133438,0.00012642,0.0001492,0.000245405,0.000533128,0.00134354,0.00503009,0.0320311,0.134738,0.801557,0.0185722,0.00289766,0.000862843,0.000382858,0.000257806,0.000251858,0.000265806,0.000249241,
5.29198e-05,4.73493e-05,6.6846e-05,8.07723e-05,6.6846e-05,0.000133692,0.0001699,0.000272955,0.000565406,0.00116702,0.00356512,0.0347488,0.931669,0.0240144,0.00196639,0.000718595,0.000261814,0.000186612,0.000144833,0.000100269,
0.000139231,0.000101876,6.79175e-05,0.000105272,7.81051e-05,0.000101876,0.00011546,0.000230919,0.000302233,0.000492402,0.00157569,0.00334833,0.0392801,0.924584,0.0259241,0.00202734,0.000740301,0.0003294,0.000220732,0.000234315,
0.000147111,8.89509e-05,8.21085e-05,9.57933e-05,8.55297e-05,8.21085e-05,9.92145e-05,0.000153954,0.000174481,0.000328434,0.000875824,0.000981881,0.00270274,0.0334729,0.93069,0.0267058,0.00192955,0.000687659,0.000413964,0.00020185,
0.000267511,0.000193519,9.39135e-05,7.68384e-05,8.25301e-05,8.25301e-05,7.96842e-05,0.000122372,0.000136602,0.000204902,0.000745617,0.000472414,0.000910677,0.00230515,0.0336865,0.940365,0.0178237,0.00151685,0.000520793,0.000313045,
0.00038065,0.000204529,0.000181803,0.000142034,7.95389e-05,0.000102264,8.23796e-05,0.000107946,0.000173281,0.000153396,0.000914697,0.000303952,0.000445986,0.000786867,0.00228674,0.0234356,0.950268,0.0178366,0.0014942,0.000619267,
0.00072361,0.000413873,0.000309737,0.000216282,0.00018691,0.000259004,0.000250994,0.000259004,0.000384501,0.000472616,0.00144188,0.000509998,0.0005367,0.000595443,0.000942562,0.00212811,0.0231555,0.946896,0.0184374,0.00187978,
0.00192145,0.000879856,0.000546659,0.000404351,0.000355022,0.000381032,0.000469077,0.000566689,0.000775517,0.0012135,0.00293046,0.00107448,0.00080347,0.000773125,0.000816774,0.00112785,0.00240518,0.025143,0.937366,0.0200467,
0.0219368,0.00268099,0.00134138,0.000864835,0.000663629,0.000551847,0.000525961,0.000500663,0.000563025,0.000705399,0.00167849,0.00059303,0.000580087,0.000574792,0.000730697,0.00103427,0.00186557,0.00393706,0.0375709,0.921101,


0.930659,0.0246314,0.00313769,0.00116341,0.000728602,0.000517072,0.000311418,0.000176275,0.00025266,0.000258536,0.000622837,0.000170399,0.000170399,0.000199778,0.000270288,0.00039368,0.000640464,0.00125743,0.0028909,0.0315473,
0.0268215,0.938024,0.0213857,0.00239342,0.00103842,0.00056353,0.000459055,0.000436894,0.00049388,0.000762982,0.00168742,0.000490714,0.000357747,0.000332419,0.000326088,0.000345083,0.000379908,0.000582526,0.000924443,0.00219397,
0.00186366,0.0243993,0.947499,0.0182075,0.00234797,0.000987006,0.000588526,0.000401546,0.000251349,0.000153262,0.00118625,0.000113414,9.80876e-05,9.50224e-05,0.000113414,0.000165523,0.000190045,0.000260545,0.000364763,0.0007142,
0.000896405,0.00218068,0.0292409,0.934394,0.0250864,0.00320206,0.00132306,0.000547324,0.000430964,0.000323223,0.000732639,0.000137908,0.000150837,0.000129289,7.75735e-05,0.00012067,0.000137908,0.000168076,0.000271507,0.000448202,
0.000544409,0.00101129,0.00277575,0.0559611,0.915798,0.0168836,0.00238466,0.00119623,0.000649653,0.000448694,0.000731076,0.000220449,0.000171075,0.000117804,0.000125166,0.000136427,0.000135561,0.000152452,0.000241671,0.000315298,
0.000191143,0.000326261,0.000754685,0.00197734,0.0352626,0.931271,0.0238731,0.00306817,0.00112379,0.00060968,0.000540473,0.000184552,0.000151596,0.000112049,6.26158e-05,8.23892e-05,6.59113e-05,0.000102163,7.90936e-05,0.000161483,
0.000107224,0.000153526,0.000289994,0.000597045,0.00181307,0.0284291,0.935782,0.0272399,0.00297304,0.00104788,0.000636036,0.000236381,0.000155963,0.000116972,5.84861e-05,7.06707e-05,5.84861e-05,7.55445e-05,7.79815e-05,8.04184e-05,
6.19163e-05,7.07615e-05,0.000152137,0.000217592,0.000521866,0.00157267,0.0308591,0.927839,0.0339921,0.00279685,0.00097474,0.000344962,0.000173366,0.000107911,6.19163e-05,6.54544e-05,5.83783e-05,3.71498e-05,3.71498e-05,5.48402e-05,
3.7072e-05,3.4755e-05,6.14005e-05,8.68875e-05,0.000166824,0.000398524,0.00131258,0.0357733,0.929971,0.0287076,0.00237608,0.000551446,0.000191153,0.00012396,4.98155e-05,4.28645e-05,3.82305e-05,2.0853e-05,1.8536e-05,3.7072e-05,
3.17801e-05,2.88007e-05,4.07182e-05,6.65395e-05,8.73951e-05,0.000154928,0.000382354,0.0015602,0.0398661,0.92215,0.0330254,0.0017479,0.000439955,0.000147976,7.8457e-05,6.05807e-05,3.67457e-05,3.27732e-05,2.28419e-05,3.87319e-05,
4.42795e-05,5.53494e-05,5.4047e-05,6.96751e-05,8.72566e-05,0.000115257,0.00017842,0.000386794,0.00134011,0.0362857,0.947811,0.0120284,0.000795077,0.000280003,0.000136745,9.50707e-05,6.57681e-05,6.83727e-05,5.53494e-05,4.75353e-05,
5.3538e-05,4.58897e-05,3.63294e-05,6.11863e-05,8.79553e-05,0.000126197,0.00015679,0.000336525,0.000956036,0.00374384,0.0540504,0.918446,0.01905,0.00172851,0.000508611,0.000227537,0.000147229,9.75156e-05,8.22191e-05,5.73621e-05,
6.94606e-05,5.83469e-05,6.66822e-05,8.33528e-05,7.22391e-05,0.000144478,0.000136143,0.000272286,0.000522344,0.00116972,0.00372865,0.0340107,0.931201,0.0251475,0.00196157,0.000644595,0.000319519,0.000177819,0.000122251,9.16881e-05,
0.000124857,0.000118108,0.000114734,8.77377e-05,9.78612e-05,9.11122e-05,0.000138356,0.000256464,0.000381321,0.000796388,0.00167039,0.00340152,0.0376597,0.925696,0.025751,0.00208546,0.000712025,0.000374572,0.000276711,0.000165352,
0.000110332,9.99879e-05,9.65401e-05,7.93008e-05,8.27486e-05,9.65401e-05,0.000117227,0.000134467,0.000248246,0.000330995,0.000820591,0.00111021,0.0028169,0.0336649,0.929595,0.0275932,0.00181357,0.000624063,0.000348234,0.000217215,
0.000178423,0.00014727,0.000116117,8.49635e-05,0.000121781,8.77956e-05,7.64671e-05,9.62919e-05,0.000169927,0.000235066,0.00103655,0.000538102,0.00084397,0.00236765,0.0337985,0.93933,0.0183181,0.00152934,0.000625897,0.000297372,
0.000364794,0.00030059,0.000166346,0.000105061,0.000102142,0.000128408,0.000102142,9.33873e-05,0.000125489,0.000154673,0.00115859,0.000350202,0.000440671,0.000834649,0.00211289,0.0230608,0.950566,0.0176648,0.00156716,0.000601181,
0.000782107,0.000488817,0.000307597,0.000171682,0.000157375,0.000147837,0.000236063,0.000236063,0.000290906,0.000414898,0.00153322,0.000493586,0.000443512,0.000639039,0.000863179,0.00222948,0.0233178,0.946349,0.018978,0.0019195,
0.00224681,0.001054,0.000529568,0.000354759,0.000231365,0.000221082,0.000200516,0.000174809,0.000164526,0.00014396,0.00105914,0.000282779,0.000365042,0.000375325,0.000637539,0.00115682,0.00282265,0.025008,0.940344,0.0226275,
0.0276475,0.00344326,0.00117351,0.000680926,0.000478097,0.000405658,0.000497414,0.000468438,0.00084995,0.00107693,0.00208141,0.000801657,0.000748536,0.000700243,0.000584341,0.000835462,0.00148258,0.00359297,0.0302891,0.922162,


0.931493,0.0243501,0.00348206,0.00134672,0.0005581,0.000461039,0.000285116,0.00023052,0.000206254,0.000218387,0.000679426,0.000157724,0.000157724,0.000139525,0.000218387,0.000285116,0.000630896,0.00134065,0.00277837,0.0309806,
0.0269196,0.952626,0.01337,0.00111583,0.000645558,0.000480249,0.000317791,0.000186684,0.000136807,0.000161033,0.00125834,9.69049e-05,9.833e-05,0.000125406,0.000136807,0.000148207,0.000215186,0.000374794,0.000481674,0.00110443,
0.00182026,0.02459,0.951904,0.0140695,0.00146868,0.000840671,0.000554495,0.000399348,0.000274117,0.000248607,0.00138914,0.000167438,0.000125695,0.000130797,0.000151901,0.000153988,0.000210342,0.000292669,0.000451063,0.000756952,
0.00105293,0.00219397,0.0282132,0.935199,0.0250852,0.0031676,0.0012644,0.000643211,0.0003965,0.000330417,0.000726917,0.000154195,0.000127761,0.000101328,0.000114545,0.000171817,0.000163006,0.000171817,0.00027755,0.000444961,
0.000362761,0.000689606,0.00199339,0.0274477,0.935138,0.0274765,0.00307808,0.00115653,0.000675239,0.000330436,0.000538754,0.000150851,0.000114934,0.000118526,6.82422e-05,7.18339e-05,8.62007e-05,0.000107751,0.000201135,0.000193952,
0.000151257,0.000325532,0.000749709,0.00201566,0.0339934,0.931823,0.0245069,0.00291005,0.00131528,0.000582011,0.000535976,0.000223597,0.000141392,0.000108511,0.000115087,9.86459e-05,9.53577e-05,9.53577e-05,0.000115087,9.86459e-05,
0.000145392,0.000142796,0.000298573,0.000615321,0.00185894,0.026477,0.935698,0.0290447,0.00304285,0.00108525,0.000620513,0.000257033,0.000132411,0.000135007,5.71184e-05,8.30813e-05,6.49072e-05,4.93295e-05,8.56776e-05,0.000106448,
6.37222e-05,6.71667e-05,0.000137778,0.000273833,0.000504611,0.00157583,0.0307313,0.92783,0.0340535,0.00280378,0.00105056,0.000313445,0.000153278,0.000118833,8.09445e-05,5.16667e-05,3.44445e-05,4.65e-05,5.16667e-05,5.68333e-05,
4.27771e-05,4.04648e-05,4.39332e-05,8.90226e-05,0.000161859,0.000397711,0.00127175,0.0348263,0.930538,0.0291832,0.00228684,0.00056882,0.000219666,9.13349e-05,5.78069e-05,4.1621e-05,2.77473e-05,4.04648e-05,2.89034e-05,4.1621e-05,
3.77328e-05,4.66695e-05,2.97891e-05,6.4543e-05,8.93672e-05,0.00018072,0.000360448,0.00162748,0.0387854,0.922615,0.0335951,0.00174862,0.00036442,0.000168805,8.44023e-05,5.65992e-05,3.77328e-05,3.77328e-05,3.47539e-05,3.47539e-05,
7.4064e-05,5.71722e-05,6.95162e-05,7.14653e-05,7.86118e-05,0.000121491,0.000178014,0.000379416,0.00133445,0.035105,0.948522,0.0124239,0.000813405,0.000263772,0.000128638,8.83571e-05,8.25099e-05,8.51087e-05,6.04206e-05,6.23697e-05,
5.25061e-05,4.08381e-05,5.83401e-05,5.05614e-05,7.00081e-05,0.000110846,0.000182799,0.000381155,0.000997616,0.00370849,0.0527647,0.919567,0.0191297,0.00171909,0.000507559,0.000235305,0.000182799,0.000105012,8.36208e-05,5.25061e-05,
7.22752e-05,8.61743e-05,6.1156e-05,7.22752e-05,8.89541e-05,0.000102853,0.000161229,0.000283541,0.000564303,0.00119254,0.00346643,0.0331743,0.931722,0.0255715,0.0020932,0.000628238,0.000291881,0.000180688,9.17339e-05,9.45138e-05,
0.000112087,7.8121e-05,0.00011888,0.00011888,6.11382e-05,0.000122276,0.000183415,0.000207191,0.000281915,0.000489106,0.0013858,0.00332524,0.0382046,0.925055,0.0267785,0.00204813,0.000737055,0.000312484,0.000244553,0.000135863,
0.000173094,6.57756e-05,8.30849e-05,5.19281e-05,6.92375e-05,6.57756e-05,8.30849e-05,0.000176556,0.00022156,0.000294259,0.000692375,0.000972786,0.00259294,0.03232,0.930534,0.0285535,0.00178979,0.000657756,0.000422348,0.000180017,
0.000139907,0.000161197,8.2119e-05,7.90776e-05,7.29947e-05,0.000121658,7.29947e-05,0.000115575,0.000179445,0.000258523,0.000717781,0.000410595,0.0009246,0.00244532,0.0334072,0.939089,0.019152,0.00164542,0.000577875,0.000346725,
0.000385246,0.000285925,0.000198643,9.33018e-05,9.93213e-05,8.42726e-05,7.22337e-05,0.000102331,0.000126409,0.000195633,0.00113768,0.000367188,0.000511655,0.000815639,0.00201953,0.0235391,0.949172,0.0187176,0.00138448,0.000692239,
0.000939435,0.000498359,0.000343696,0.000283549,0.000206217,0.000246315,0.000246315,0.000300734,0.000363745,0.00065875,0.00174139,0.000641565,0.000601468,0.000653022,0.00114852,0.00239728,0.0232653,0.944565,0.0190407,0.00185882,
0.00217883,0.00100561,0.00048844,0.000272952,0.000181968,0.000258586,0.000143659,0.000134082,0.000191545,0.000177179,0.00107744,0.000205911,0.000301684,0.000440554,0.000679985,0.00106786,0.00286839,0.0244172,0.943006,0.0209024,
0.0138293,0.00089757,0.000463845,0.000297756,0.00025817,0.000183301,0.000141993,0.000169531,0.000165229,0.000240098,0.00163249,0.000203094,0.000202233,0.000196209,0.000320991,0.000324433,0.000467287,0.000950925,0.0140057,0.96505,


0.915494,0.0194361,0.00254835,0.0012726,0.0008396,0.000648513,0.000508251,0.000488946,0.000524011,0.000624479,0.00128915,0.000401479,0.000360898,0.00035026,0.000420785,0.00056735,0.00083369,0.0013577,0.00363459,0.0483989,
0.0269215,0.941991,0.0188129,0.00200101,0.00094326,0.000495274,0.000465408,0.000418121,0.000430565,0.000582382,0.00171977,0.000343456,0.000281236,0.000316079,0.000216527,0.000271281,0.000383277,0.000512695,0.000861129,0.00203336,
0.00135001,0.0244976,0.951606,0.0160992,0.00170414,0.000686807,0.000435693,0.000266138,0.000240383,0.000130923,0.0010946,0.000103021,6.65345e-05,7.0827e-05,0.000107314,0.000115899,0.000182433,0.000279015,0.00032838,0.000635297,
0.000829413,0.00218701,0.0268507,0.936655,0.0249897,0.00309895,0.00141537,0.000627218,0.00041677,0.000239333,0.000812907,0.000160931,0.000169184,0.00017331,0.000140299,0.000103161,0.000189816,0.000193942,0.000264092,0.000482793,
0.000377429,0.000862695,0.00195544,0.0270455,0.935553,0.0275631,0.00295832,0.00111431,0.000611076,0.000359456,0.000514022,0.000176134,0.000122215,0.000111431,7.90804e-05,0.000111431,6.11076e-05,0.000100648,0.000143782,0.000179728,
0.000207717,0.00035279,0.00063634,0.00209036,0.0330633,0.932594,0.0243886,0.00318829,0.00123311,0.00053413,0.000639637,0.000207717,0.000168152,9.89129e-05,0.000112101,8.57246e-05,5.93478e-05,0.000108804,0.000121993,0.000108804,
9.87857e-05,0.000171575,0.000340551,0.000608312,0.00186653,0.0256453,0.935691,0.0298827,0.00301036,0.00105025,0.000660305,0.000252164,0.000153378,0.000119583,5.45921e-05,7.79887e-05,5.19925e-05,8.05883e-05,0.000101385,8.3188e-05,
8.05264e-05,8.76843e-05,0.000114526,0.000270211,0.000502843,0.00148526,0.0297303,0.92763,0.0353976,0.00283632,0.000941264,0.000345369,0.000202211,9.48422e-05,5.90527e-05,3.04211e-05,4.47369e-05,5.72632e-05,4.11579e-05,4.83158e-05,
3.70598e-05,3.47435e-05,5.44315e-05,9.72819e-05,0.000170243,0.000367123,0.00130983,0.0339618,0.930465,0.0300034,0.00235909,0.00056632,0.000194564,0.00011697,6.13802e-05,5.09572e-05,5.21153e-05,2.20042e-05,3.82179e-05,3.70598e-05,
2.18501e-05,3.57547e-05,4.56865e-05,6.85298e-05,8.34276e-05,0.00018076,0.000399261,0.00155533,0.0378324,0.922526,0.0345519,0.00185527,0.000374431,0.000188705,8.24344e-05,5.76048e-05,3.97274e-05,3.57547e-05,2.48296e-05,4.07206e-05,
5.27002e-05,5.4652e-05,5.53026e-05,6.8315e-05,8.32793e-05,0.00012622,0.00017892,0.000347431,0.00135004,0.0341087,0.94954,0.0124938,0.000767731,0.000285622,0.000122316,0.000106051,7.61225e-05,7.61225e-05,5.20495e-05,5.4652e-05,
3.52394e-05,3.71971e-05,6.46056e-05,7.6352e-05,6.06901e-05,0.000111591,0.000172281,0.000385676,0.000972999,0.00361791,0.0524499,0.919768,0.0194404,0.00172086,0.000507056,0.000195774,0.000148789,9.59295e-05,8.22252e-05,5.67746e-05,
7.76634e-05,7.48897e-05,8.32108e-05,5.82476e-05,8.04371e-05,0.0001054,0.000166422,0.000257954,0.000490944,0.00125371,0.00370843,0.0330292,0.931451,0.0258702,0.00185838,0.000701745,0.000363354,0.000166422,0.000113721,8.87582e-05,
0.000128996,9.50499e-05,9.84446e-05,7.46821e-05,8.4866e-05,0.000128996,0.000135786,0.000186705,0.00032928,0.000580484,0.00143254,0.00319436,0.0365739,0.925647,0.0277851,0.00211486,0.000692507,0.000376805,0.000200284,0.00013918,
0.000152283,6.57587e-05,6.22977e-05,6.22977e-05,7.26807e-05,8.30637e-05,0.000110752,0.00017651,0.000231886,0.000263035,0.00080641,0.00104868,0.00267188,0.0325575,0.929323,0.0290134,0.00198661,0.000709502,0.000335716,0.000266496,
0.00022679,0.000124268,7.76677e-05,8.38811e-05,9.94147e-05,8.69879e-05,9.32013e-05,0.000105628,0.000164656,0.00025475,0.000608915,0.000506394,0.000984827,0.00247605,0.0338259,0.938009,0.0195226,0.00170248,0.000639982,0.000406979,
0.000341053,0.000265628,0.000177085,9.51013e-05,0.000121336,0.000127895,9.83807e-05,9.83807e-05,0.000147571,0.000137733,0.0010166,0.000386964,0.000478786,0.00101988,0.00228571,0.0232998,0.947655,0.0197745,0.00172166,0.000750972,
0.000910965,0.000487688,0.000282184,0.000294453,0.000205504,0.000217773,0.000208571,0.000248445,0.000432478,0.000677856,0.00172071,0.000545965,0.000567436,0.000696259,0.000953906,0.00248138,0.0233906,0.941238,0.0223202,0.00211945,
0.00237377,0.00107433,0.000552514,0.000419502,0.000230214,0.000189287,0.000138129,0.000112549,0.000184171,0.000163708,0.00099248,0.000286489,0.000373459,0.000465545,0.000639484,0.00117665,0.00273188,0.0248887,0.941485,0.0215225,
0.0266939,0.00325997,0.00133343,0.000744536,0.00050477,0.000471119,0.000555247,0.00056366,0.000576279,0.000900173,0.0020317,0.000874935,0.000660408,0.000559454,0.000647788,0.000778187,0.00133343,0.00342823,0.0368314,0.917251,


0.931928,0.0253511,0.00291322,0.00139592,0.000746513,0.000479468,0.000267045,0.000212422,0.000212422,0.000194215,0.000710098,0.000182076,0.000194215,0.000188146,0.000273115,0.000406637,0.000576575,0.0012017,0.00268866,0.0298787,
0.026956,0.943479,0.0181709,0.00180009,0.000890977,0.00057358,0.000412615,0.000414882,0.000428485,0.000598519,0.00167767,0.00036954,0.000238047,0.000240314,0.000256184,0.000208575,0.000301526,0.000485163,0.000666532,0.00183183,
0.00216771,0.0244828,0.942982,0.021586,0.00268289,0.00121661,0.000634065,0.00036855,0.000305144,0.000237774,0.000852025,0.000194182,0.000138702,0.000126813,0.00012285,0.000198145,0.000198145,0.000257589,0.000404217,0.000844099,
0.00105704,0.00256173,0.0372937,0.925717,0.0253954,0.00294166,0.0011398,0.00072225,0.000447644,0.00026332,0.000530402,0.00015423,0.00013166,0.000135422,0.000127898,0.00015423,0.000150469,0.00024075,0.000334793,0.000500308,
0.000377012,0.000707346,0.00205741,0.0268217,0.934903,0.0283585,0.00308072,0.00124593,0.000567313,0.000294428,0.000563722,0.000136442,0.000114899,9.33553e-05,6.82212e-05,8.61741e-05,7.18117e-05,0.000136442,0.000104127,0.000211845,
0.000212994,0.00040305,0.000691411,0.00202508,0.0323849,0.932645,0.0251759,0.00303762,0.0012157,0.000616044,0.000586553,0.000190056,0.000144181,0.000154011,9.50281e-05,8.51976e-05,7.86439e-05,6.22598e-05,8.84744e-05,0.000108135,
9.62346e-05,0.000182066,0.000280901,0.000603417,0.00164379,0.0259001,0.935052,0.0305714,0.00299108,0.00109239,0.000691849,0.000234084,0.000174263,8.84318e-05,7.02253e-05,5.46197e-05,3.9014e-05,7.02253e-05,7.80281e-05,8.58309e-05,
3.99848e-05,7.81521e-05,0.000147217,0.000252631,0.000568875,0.00153941,0.0284546,0.927677,0.0363153,0.00294252,0.00105051,0.000327148,0.000179932,0.000125407,6.54297e-05,5.99772e-05,2.36274e-05,3.27148e-05,5.81597e-05,6.17947e-05,
3.0139e-05,3.70941e-05,4.52085e-05,0.000105486,0.000206336,0.000410354,0.00136089,0.0332155,0.930258,0.0308391,0.00237518,0.000583073,0.000219087,0.000106646,6.49147e-05,3.94125e-05,3.94125e-05,2.78206e-05,1.85471e-05,1.73879e-05,
3.57081e-05,3.07487e-05,4.36433e-05,6.34811e-05,9.2246e-05,0.000156719,0.0004037,0.00157413,0.0366841,0.922905,0.0353233,0.0018479,0.000396757,0.000177549,8.13352e-05,5.15784e-05,4.76108e-05,3.17406e-05,3.17406e-05,2.08297e-05,
5.79157e-05,5.14084e-05,6.50739e-05,6.89783e-05,7.61364e-05,0.000112578,0.00018481,0.000335781,0.00133206,0.0329814,0.950349,0.0127454,0.00087199,0.000272009,0.000138607,8.85005e-05,7.87394e-05,7.28827e-05,5.79157e-05,5.85665e-05,
5.2931e-05,6.46934e-05,5.48914e-05,5.68518e-05,7.64559e-05,0.000111743,0.000198001,0.00043129,0.0009606,0.00369537,0.0506942,0.920892,0.0199217,0.00162322,0.000543033,0.000225447,0.000156833,0.000107822,6.46934e-05,6.86143e-05,
7.22823e-05,6.95022e-05,6.95022e-05,8.06225e-05,7.78424e-05,0.000125104,0.000172365,0.000289129,0.000503196,0.00124548,0.00366137,0.0319404,0.931602,0.0268195,0.00190158,0.00064498,0.00031415,0.000166805,0.000125104,0.000119544,
0.000131714,7.43002e-05,0.000128337,8.44321e-05,6.07911e-05,0.000121582,0.000131714,0.000189128,0.000374878,0.000645061,0.00166838,0.00369813,0.0365017,0.924528,0.0280585,0.00213444,0.00074638,0.000371501,0.000229655,0.000121582,
0.000103031,7.30902e-05,5.45975e-05,2.906e-05,5.81199e-05,7.22096e-05,7.66126e-05,7.1329e-05,0.000127688,0.000211345,0.00121612,0.000492258,0.00101534,0.0155127,0.96324,0.0163026,0.000641961,0.00033463,0.000228077,0.000139136,
0.000198622,0.000116651,0.000119804,7.25129e-05,8.19711e-05,8.82766e-05,0.00010404,0.000126109,0.000148179,0.000182859,0.000867002,0.000428772,0.000867002,0.00249697,0.0334411,0.938232,0.0198622,0.00166149,0.000614783,0.000290052,
0.000393954,0.000274774,0.000198632,0.000145664,0.000115869,9.2695e-05,7.94528e-05,8.93844e-05,0.000112558,0.000158906,0.00112889,0.000321122,0.000417127,0.000950123,0.00242662,0.0234485,0.947429,0.019893,0.00158575,0.000738249,
0.000895189,0.000404901,0.00031125,0.000253407,0.00019281,0.000187301,0.000245144,0.000391129,0.000421427,0.000548131,0.00174631,0.000605974,0.000495797,0.000738186,0.00111554,0.00255611,0.0232832,0.9436,0.0200715,0.00193636,
0.00230638,0.00100389,0.000576594,0.000344927,0.000221371,0.000190482,0.00019563,0.000164741,0.000102963,0.000257408,0.000936966,0.000216223,0.000319186,0.000483927,0.000736188,0.0011326,0.00282119,0.0247781,0.940827,0.0223842,
0.0273495,0.00287253,0.0013802,0.000556392,0.000461503,0.000422685,0.000431311,0.000422685,0.000586584,0.0007893,0.00177269,0.000556392,0.000461503,0.000565018,0.000508948,0.000754795,0.0012163,0.00288547,0.027729,0.928277,


0.930979,0.0260215,0.00312767,0.00143655,0.000757672,0.000448542,0.00030913,0.000266701,0.000242455,0.000230332,0.000581892,0.000242455,0.000193964,0.000181841,0.000284885,0.000345499,0.000606138,0.00121228,0.00281854,0.0297129,
0.0267661,0.941003,0.0193555,0.00215468,0.000975357,0.000703408,0.000436688,0.000358241,0.000481141,0.000606656,0.00168399,0.000486371,0.000305943,0.000300713,0.00025626,0.000264105,0.000355626,0.000549129,0.000818463,0.00213899,
0.00146989,0.0244797,0.950294,0.0165645,0.00184127,0.000928444,0.000499798,0.000296755,0.000213455,0.00017007,0.00110198,0.000130156,0.000121479,0.000124949,0.000126685,0.000156187,0.000185689,0.000289813,0.000393938,0.000610864,
0.000805237,0.00219576,0.027721,0.93601,0.0253612,0.00282579,0.00123395,0.000671031,0.000458538,0.000298236,0.000808965,0.000115566,0.00012675,0.000100655,0.000100655,0.000130478,0.00012675,0.000178942,0.000320604,0.000410074,
0.000344596,0.000789699,0.00208911,0.0258662,0.935532,0.0288384,0.0028501,0.00110199,0.000696371,0.00031588,0.000466641,0.000190246,8.6149e-05,6.82013e-05,7.17909e-05,0.000104097,0.000111276,8.97386e-05,0.000125634,0.000262037,
0.000182555,0.00029465,0.000736625,0.00198568,0.03155,0.933646,0.0251862,0.00307461,0.00122984,0.000531651,0.00062453,0.000214582,0.0001185,9.92842e-05,8.64733e-05,5.12435e-05,8.00679e-05,8.00679e-05,8.64733e-05,0.000140919,
0.00010811,0.000175378,0.000307512,0.000627036,0.00173696,0.0260857,0.934832,0.0303548,0.00305109,0.00106428,0.00065106,0.000290695,0.000153756,0.000100902,7.6878e-05,8.16829e-05,5.04512e-05,7.20731e-05,7.44755e-05,0.000105707,
8.9308e-05,0.000120531,0.000182519,0.000326238,0.000793211,0.00262919,0.0701112,0.901877,0.0179619,0.00324907,0.00136487,0.000459626,0.000238997,0.000146704,8.81601e-05,7.53034e-05,6.54313e-05,6.63497e-05,7.41555e-05,8.05838e-05,
3.86195e-05,4.87342e-05,4.68951e-05,0.000100227,0.00016919,0.00041562,0.00146294,0.0344431,0.931156,0.0287173,0.00223166,0.000567339,0.000235395,0.000125054,6.52854e-05,4.04585e-05,4.59756e-05,2.94244e-05,2.85049e-05,3.21829e-05,
3.07739e-05,2.77958e-05,4.0701e-05,5.36062e-05,0.000104234,0.000166775,0.000373258,0.0015248,0.0356878,0.922615,0.0366647,0.00183155,0.000466573,0.000148906,8.23947e-05,5.06281e-05,3.47448e-05,3.37521e-05,2.3825e-05,3.77229e-05,
5.26261e-05,4.93776e-05,5.32758e-05,7.08179e-05,9.29079e-05,0.000111749,0.000162426,0.000356039,0.0013228,0.0320987,0.950929,0.0131033,0.000842668,0.000258583,0.000135139,0.000102653,7.79647e-05,7.14676e-05,6.04226e-05,4.80782e-05,
4.90399e-05,4.70783e-05,6.86559e-05,6.27711e-05,5.10015e-05,0.000131427,0.000166736,0.000347202,0.000925873,0.00379961,0.0493243,0.922062,0.0201711,0.00164774,0.000551208,0.000229507,0.000137312,9.41566e-05,6.27711e-05,7.06175e-05,
0.000100333,8.36106e-05,5.01664e-05,6.13145e-05,5.85275e-05,0.000105907,0.000139351,0.000270341,0.000529534,0.0012235,0.00366215,0.0314097,0.931938,0.0270759,0.00193419,0.000593636,0.000359526,0.000192304,0.000125416,8.63977e-05,
0.000122689,9.20167e-05,8.17926e-05,6.13445e-05,8.17926e-05,9.20167e-05,9.20167e-05,0.00022493,0.000340803,0.000620261,0.00154043,0.00323762,0.0356139,0.925426,0.0287706,0.00218454,0.000736134,0.000361251,0.000173809,0.000146545,
0.000110656,7.26179e-05,9.68238e-05,8.99078e-05,6.91599e-05,7.26179e-05,8.64499e-05,0.000110656,0.000231686,0.000331967,0.000753843,0.00105469,0.00273873,0.0306966,0.929467,0.0307831,0.00204367,0.000681225,0.000314677,0.000193648,
0.00022453,0.000112265,0.000122171,0.000105661,9.90573e-05,8.91516e-05,8.25478e-05,0.000132076,0.000158492,0.000237738,0.000703307,0.000538211,0.000921233,0.00274059,0.0340592,0.936111,0.0207327,0.00183586,0.000647174,0.000346701,
0.000470475,0.000253333,0.000144762,0.000111861,0.000128311,0.000131601,0.000121731,0.000141472,0.000125021,0.000154632,0.0009245,0.000414545,0.000529696,0.000970561,0.00232606,0.0234909,0.947165,0.0200923,0.00161541,0.000687618,
0.00100647,0.00059619,0.000384639,0.000230783,0.000169882,0.000173087,0.00024681,0.000355791,0.00039746,0.000669913,0.00173729,0.000599395,0.000605806,0.000724403,0.00103211,0.00256426,0.0235143,0.940984,0.0219436,0.00206423,
0.00221744,0.0011548,0.000650593,0.000439151,0.000271081,0.000189756,0.000249394,0.00013554,0.000178913,0.000222286,0.000916252,0.000281924,0.000422886,0.000417464,0.000607221,0.00121986,0.00281382,0.0248472,0.939148,0.0236165,
0.0274972,0.00280011,0.00119049,0.000815955,0.000401289,0.000401289,0.000454795,0.000486006,0.000610852,0.00104335,0.00206441,0.000700027,0.000575182,0.000526135,0.000575182,0.000757991,0.00126183,0.00315235,0.0275374,0.927148,


0.931874,0.0258293,0.0032778,0.00119742,0.000743854,0.000441474,0.000253999,0.000223761,0.000181428,0.000241904,0.000604759,0.000169333,0.000193523,0.000223761,0.000284237,0.000374951,0.000725711,0.001143,0.00283632,0.0291796,
0.0266974,0.935922,0.0220974,0.00240225,0.00118165,0.000733659,0.000555114,0.00055836,0.00058433,0.000938175,0.00207762,0.000499927,0.000399292,0.000298658,0.000275934,0.000298658,0.000431755,0.00064601,0.000980376,0.00242172,
0.00187466,0.0245389,0.942629,0.0220341,0.00268088,0.00107627,0.00061445,0.000399197,0.000281786,0.000262218,0.000986251,0.00014872,9.78424e-05,0.00014872,0.000164375,0.00014872,0.000183944,0.000352233,0.000481385,0.000896236,
0.000853458,0.00206934,0.0250114,0.938773,0.0255219,0.0029228,0.00104441,0.000689782,0.000303971,0.000315663,0.000787208,0.000151986,9.74268e-05,0.0001325,0.000124706,0.000128603,0.000124706,0.000214339,0.000327354,0.000405295,
0.000365839,0.000735065,0.00180887,0.0252259,0.937252,0.0282644,0.00263878,0.00111445,0.00058602,0.000335352,0.000552146,0.000152433,9.48471e-05,9.14597e-05,7.45227e-05,8.80723e-05,0.000111784,0.000111784,0.000118559,0.000277766,
0.000202011,0.000361171,0.000645823,0.00205684,0.0298854,0.935461,0.0249698,0.00299037,0.00113555,0.000572364,0.000707038,0.000266287,0.000128552,0.000116309,7.34585e-05,7.03977e-05,8.57016e-05,7.65193e-05,9.18231e-05,0.000104066,
0.000116865,0.000173999,0.000332417,0.000623281,0.0017348,0.0248196,0.935277,0.0314887,0.00282554,0.000992056,0.000644057,0.000238924,0.000194775,0.000137641,7.53131e-05,7.01191e-05,5.71341e-05,6.23281e-05,6.75221e-05,6.75221e-05,
6.98866e-05,8.24303e-05,0.000139773,0.000252667,0.000507126,0.00149091,0.027211,0.927047,0.0383713,0.00295495,0.000915693,0.000340473,0.000195324,0.00010931,7.34705e-05,5.19669e-05,4.47991e-05,4.8383e-05,5.0175e-05,4.30071e-05,
3.80155e-05,5.32218e-05,4.99633e-05,9.99266e-05,0.000158579,0.000371466,0.0012556,0.0322665,0.93157,0.0307546,0.00227007,0.000568061,0.000205284,0.000104271,6.51695e-05,4.23602e-05,4.01879e-05,1.95509e-05,3.47571e-05,3.25848e-05,
2.07454e-05,1.61353e-05,2.56848e-05,3.21609e-05,5.93824e-05,0.000114813,0.000301193,0.00130795,0.0706179,0.916181,0.010077,0.000816974,0.000199771,8.73722e-05,4.30275e-05,2.79898e-05,2.20626e-05,1.7233e-05,1.45986e-05,1.70134e-05,
5.14152e-05,5.79235e-05,5.9876e-05,6.76859e-05,8.5909e-05,0.00011845,0.000160103,0.000368367,0.00131792,0.0312364,0.951402,0.0134864,0.000822644,0.000279855,0.000145134,9.56714e-05,6.96383e-05,5.9876e-05,6.31301e-05,5.14152e-05,
1.28408e-05,1.34829e-05,1.25198e-05,1.52806e-05,1.81698e-05,2.8635e-05,4.61627e-05,9.3738e-05,0.000299127,0.00128286,0.0712561,0.919358,0.00653514,0.000683838,0.00017746,7.51188e-05,3.55691e-05,2.29209e-05,1.91328e-05,1.34187e-05,
7.2216e-05,8.05486e-05,6.11058e-05,6.66609e-05,8.88812e-05,0.000133322,0.00016943,0.000236091,0.00054162,0.00117212,0.00359969,0.0313362,0.931706,0.0273754,0.00196372,0.000661054,0.000297197,0.000174985,0.000161097,0.000102769,
0.000127848,0.000104297,0.000127848,9.75682e-05,0.000100933,0.000158128,0.000178314,0.00020523,0.000359993,0.000794003,0.00154763,0.00367731,0.0343305,0.92566,0.0291763,0.00192445,0.000693071,0.000343171,0.000235509,0.000158128,
0.000144972,0.000113907,0.000117358,8.97446e-05,6.90343e-05,0.000107003,8.97446e-05,0.000117358,0.000214006,0.000331365,0.00084567,0.00111145,0.00273376,0.0305753,0.928936,0.0312587,0.00193986,0.000648923,0.00034172,0.000214006,
0.000136044,7.94212e-05,7.00775e-05,6.76481e-05,6.80219e-05,6.44713e-05,6.69006e-05,8.87648e-05,0.000109134,0.000171363,0.000707876,0.000343286,0.000588838,0.0016998,0.034064,0.946766,0.0133771,0.000917735,0.000375989,0.000237329,
0.000376751,0.000193467,0.000118795,0.000125584,0.00013916,0.000145949,0.000118795,0.000108613,0.000145949,0.000240985,0.000977517,0.000386934,0.000475182,0.000872298,0.00260332,0.0234367,0.945809,0.0212644,0.00173102,0.000729744,
0.00060095,0.000356008,0.000308408,0.000211225,0.0002023,0.000194367,0.000223125,0.000330225,0.000375841,0.000489883,0.00172252,0.000602933,0.00056525,0.0006783,0.000829033,0.00197937,0.0234678,0.947094,0.0182169,0.00155196,
0.00215836,0.00113957,0.000619676,0.000414868,0.000262575,0.000199557,0.000178551,0.000183802,0.00010503,0.00021006,0.000903257,0.000189054,0.000320341,0.000388611,0.000677443,0.00117108,0.00275703,0.0250129,0.940096,0.023012,
0.0276432,0.00312762,0.00123564,0.00074878,0.000489942,0.00041907,0.000493024,0.000554652,0.000677908,0.00099221,0.00201215,0.000890524,0.000677908,0.000644012,0.000610117,0.000758024,0.00115861,0.00334332,0.0352943,0.918229,


0.932084,0.0267647,0.00325582,0.00140578,0.000693764,0.000511195,0.000322539,0.000255597,0.000200826,0.000231255,0.000651165,0.000158227,0.000261683,0.000212998,0.000328625,0.00037731,0.000614651,0.00108325,0.00279331,0.0277932,
0.0270373,0.935257,0.0231395,0.00245464,0.00118284,0.000836883,0.000606246,0.000527171,0.000507402,0.000859947,0.00138053,0.000467864,0.000388788,0.000313008,0.000303123,0.000313008,0.000438211,0.000425031,0.000883011,0.00267869,
0.00195674,0.0239328,0.94415,0.0214093,0.00257708,0.00113729,0.000582045,0.0004059,0.000245072,0.000225926,0.000800312,0.000176145,0.000126365,6.50972e-05,9.57312e-05,0.000145511,0.000206779,0.000340803,0.000528436,0.000892214,
0.000873412,0.00212657,0.0249682,0.938926,0.025196,0.00288986,0.00121138,0.000622781,0.000387339,0.000292403,0.000736704,0.000231644,0.000117721,9.11387e-05,0.000132911,0.000140505,0.000174682,0.000227847,0.000258226,0.000394934,
0.000365689,0.000731379,0.00203351,0.0246857,0.937525,0.0283461,0.0026316,0.00115175,0.000519484,0.000314425,0.000550243,9.22768e-05,0.000140124,8.20238e-05,9.91121e-05,8.20238e-05,8.20238e-05,0.000133289,0.000187971,0.000246071,
0.000209084,0.000301327,0.000694897,0.00200782,0.0296469,0.935946,0.0251085,0.00280419,0.00107002,0.000578056,0.000633402,0.000184486,0.000119916,0.000113766,6.76449e-05,0.00012914,7.68692e-05,9.2243e-05,8.91682e-05,0.000126065,
0.000114455,0.000161278,0.000301746,0.000564474,0.00196655,0.0236455,0.935434,0.0318732,0.0030955,0.00105091,0.000720549,0.000322556,0.000166481,0.000122259,8.84429e-05,6.50315e-05,8.32403e-05,5.20252e-05,6.50315e-05,0.000106652,
4.55329e-05,0.000103815,0.000127492,0.00020763,0.000506326,0.00154448,0.0266878,0.926823,0.0391857,0.00280483,0.00106183,0.000315088,0.00016574,0.000114743,6.73888e-05,6.19248e-05,4.18903e-05,4.37116e-05,4.73543e-05,4.37116e-05,
3.24157e-05,4.2835e-05,5.67274e-05,7.87238e-05,0.00015629,0.000379726,0.00128852,0.0304383,0.93095,0.0330883,0.00233045,0.000597374,0.000246591,9.7247e-05,5.55697e-05,3.58888e-05,3.82042e-05,2.77849e-05,2.19963e-05,3.70465e-05,
3.57678e-05,2.68258e-05,3.87484e-05,5.86194e-05,7.25291e-05,0.000157974,0.000387484,0.00156882,0.0340271,0.922735,0.0381762,0.00187185,0.000413317,0.000177845,7.15356e-05,5.76259e-05,4.27226e-05,3.67613e-05,1.68903e-05,2.68258e-05,
2.49184e-05,2.1094e-05,1.84821e-05,1.85175e-05,2.09004e-05,3.18263e-05,5.95048e-05,0.000171049,0.000960969,0.0594757,0.932078,0.006218,0.000593049,0.000118528,4.88854e-05,2.93676e-05,2.66816e-05,2.82191e-05,2.88776e-05,2.76045e-05,
4.70184e-05,6.26911e-05,7.64048e-05,3.9182e-05,9.20776e-05,0.000109709,0.000197869,0.000358515,0.000959958,0.00375167,0.0464796,0.923546,0.0215285,0.00158687,0.000536793,0.000272315,0.000111669,9.20776e-05,7.83639e-05,7.24866e-05,
8.63202e-05,3.89833e-05,8.07512e-05,6.4044e-05,8.07512e-05,9.46738e-05,0.000164287,0.000225546,0.000517921,0.00111938,0.0035614,0.0305072,0.932325,0.0278564,0.00198536,0.000634871,0.00028959,0.000150364,0.00011695,0.000100243,
7.22076e-05,5.99879e-05,5.44334e-05,5.66552e-05,7.44294e-05,7.77621e-05,7.99838e-05,0.000147748,0.000228843,0.000391032,0.00140194,0.00141416,0.0179186,0.958544,0.0176509,0.00091426,0.00040103,0.000205514,0.00018774,0.000118865,
