0.931323,0.0238637,0.00301697,0.00137245,0.000526004,0.00041113,0.000326485,0.000326485,0.000259979,0.000163243,0.000598556,0.000175335,0.000253933,0.000259979,0.000205565,0.000453452,0.00062274,0.00125153,0.00253328,0.032056,
0.0268264,0.950068,0.0147583,0.00153612,0.000781502,0.000437795,0.000332186,0.000236179,0.000216977,0.000207376,0.00121162,0.000165133,0.000132491,0.000105608,0.000165133,0.000182414,0.000222738,0.000403232,0.00062789,0.00138251,
0.00177004,0.0242382,0.948172,0.0181323,0.00232866,0.000880147,0.000542379,0.00040922,0.00020461,0.000155893,0.000737245,0.000181875,0.000136407,0.000133159,0.000133159,0.00020461,0.000172132,0.000250079,0.000441698,0.000776218,
0.00135175,0.00315018,0.0403461,0.92754,0.018172,0.0026801,0.00134483,0.000865714,0.000612594,0.000391379,0.00103801,0.000224937,0.000163784,0.000165379,0.000165379,0.000186118,0.000226,0.000305765,0.00040361,0.000666834,
0.000376372,0.000724069,0.00228333,0.0288875,0.935418,0.0255933,0.00292137,0.00109327,0.000620118,0.000347696,0.000483907,0.000154133,0.000139795,0.000111119,8.24435e-05,0.000111119,0.000129042,0.000118288,0.000186394,0.000218654,
0.00030595,0.000504331,0.00103815,0.00356517,0.0854454,0.887469,0.0153746,0.00272238,0.00117219,0.000596149,0.000588107,0.000220163,0.000148451,0.000118627,0.000102542,0.000102877,9.24886e-05,0.00011226,0.000146105,0.000174924,
0.00023861,0.000307035,0.000569331,0.00145798,0.00527575,0.0764027,0.886716,0.0201073,0.00429762,0.00194573,0.00106892,0.000436868,0.00023247,0.000171063,0.000126323,0.000108778,0.000109217,0.00011141,0.000135973,0.000180712,
6.92207e-05,6.73991e-05,0.000127512,0.000238629,0.000508225,0.00145181,0.0317705,0.928375,0.0325538,0.0029856,0.000923549,0.000366141,0.000183981,8.74366e-05,7.83287e-05,5.46479e-05,3.27887e-05,2.91455e-05,5.28263e-05,4.37183e-05,
4.48224e-05,4.36731e-05,6.55097e-05,8.50477e-05,0.000159752,0.000382715,0.00126997,0.0377026,0.92947,0.0273704,0.0022825,0.000540168,0.000222963,0.000122974,5.51661e-05,5.40168e-05,3.67774e-05,2.87323e-05,3.56281e-05,2.64337e-05,
8.7368e-05,0.000109902,0.000127494,0.00018877,0.000355797,0.000663759,0.0018962,0.00850612,0.0707479,0.893892,0.0195649,0.00205631,0.000767534,0.000357379,0.000213676,0.000130657,9.94255e-05,8.24263e-05,7.9066e-05,7.33338e-05,
0.000112397,0.000116661,0.00012132,0.000125362,0.000153905,0.000230463,0.000407834,0.00122035,0.0068896,0.0594515,0.923712,0.00554086,0.0008117,0.000322328,0.000189572,0.000134877,0.000120507,0.000112151,0.000108725,0.000118042,
5.59689e-05,4.63191e-05,4.24592e-05,8.29884e-05,6.56187e-05,0.000113868,0.000179486,0.000395642,0.00100744,0.00353569,0.0566637,0.916794,0.0182073,0.00176399,0.000474771,0.000225806,0.000131237,9.07082e-05,6.17588e-05,6.17588e-05,
0.00027128,0.000210498,0.00016723,0.000146066,0.000166605,0.000227804,0.000385599,0.000859193,0.00227914,0.00807986,0.0208882,0.0728741,0.873114,0.0159258,0.00200098,0.000864458,0.000486261,0.000383983,0.000347076,0.000321376,
0.00027074,0.000226968,0.000178737,0.000159485,0.000156176,0.000194409,0.000283169,0.000501694,0.00108242,0.00278556,0.00570696,0.00762598,0.0428737,0.919459,0.0151021,0.00138342,0.000754533,0.000507368,0.000404759,0.000343019,
0.000290976,0.000233109,0.00018924,0.000161636,0.0001571,0.000177745,0.000229121,0.00033852,0.000612918,0.00128456,0.00295566,0.00253237,0.00342047,0.0337319,0.935817,0.0150555,0.00125227,0.000723568,0.000469659,0.000367063,
0.000386472,0.000287818,0.000224935,0.000186071,0.00017968,0.00019071,0.000255758,0.000348227,0.000536051,0.000907059,0.00229327,0.00137074,0.00176464,0.00258562,0.0340803,0.935523,0.0161367,0.00147352,0.000751914,0.000517598,
0.000609114,0.000427961,0.000328839,0.000282411,0.000259625,0.000302777,0.000387372,0.000471825,0.000698267,0.00110743,0.00265236,0.00124272,0.00126451,0.00164049,0.00292438,0.0235921,0.938589,0.020219,0.00204538,0.000954901,
0.000805019,0.000522512,0.000368532,0.000292942,0.000230587,0.000225497,0.000255784,0.000308722,0.000373877,0.000488662,0.00184826,0.00058843,0.000680054,0.000817745,0.00135451,0.00275839,0.0235354,0.945682,0.0172396,0.00162302,
0.00200423,0.00109451,0.000601742,0.000364836,0.000251121,0.000217954,0.000241644,0.00022743,0.000293764,0.000246382,0.00107082,0.000199001,0.000407479,0.000398002,0.000582789,0.00116084,0.00240697,0.0245151,0.94346,0.0202555,
0.0275427,0.00314332,0.00129519,0.000707372,0.000478223,0.000538001,0.000518075,0.000503131,0.000582835,0.00103615,0.00189297,0.000816965,0.00073228,0.00073228,0.000612724,0.000816965,0.00125035,0.00362653,0.030676,0.922498,


0.931139,0.0241791,0.00302239,0.00132646,0.000805567,0.000387642,0.000357357,0.000284674,0.000218048,0.000224105,0.000696543,0.000230162,0.000211991,0.000242276,0.000242276,0.000520893,0.000623861,0.00120532,0.00270138,0.0313808,
0.0270332,0.946164,0.015,0.00154049,0.000921193,0.000629495,0.000525259,0.0004147,0.000413068,0.000503025,0.00162861,0.000281294,0.000247025,0.00021296,0.000218671,0.00025498,0.000355341,0.000528727,0.000888759,0.00223934,
0.00220632,0.0245771,0.945864,0.0186793,0.00242463,0.00111474,0.000535867,0.000443248,0.000317551,0.0002117,0.000979114,0.000122389,0.000155467,0.000115774,0.000205085,0.000172007,0.000201777,0.00028778,0.000555714,0.000830263,
0.00105569,0.00220149,0.0284649,0.935221,0.0248644,0.00315418,0.00118872,0.000669459,0.000390518,0.000317564,0.000720956,0.00018453,0.000115868,0.000107285,0.000120159,0.000102994,0.000158782,0.000197405,0.000266067,0.000497803,
0.000243817,0.000366248,0.000757611,0.016657,0.963361,0.0143381,0.00116467,0.000560883,0.000321252,0.00023126,0.00122013,0.000121385,7.63889e-05,5.33676e-05,6.1739e-05,7.42961e-05,8.68531e-05,7.74353e-05,9.31317e-05,0.000133942,
0.00021702,0.000348547,0.000726687,0.00210772,0.0354597,0.930642,0.023859,0.00310733,0.00126924,0.000621465,0.00059516,0.000200579,0.00014468,8.22044e-05,8.54926e-05,0.00010851,8.54926e-05,7.89162e-05,0.000111798,0.000147968,
0.000135008,0.000199915,0.000301171,0.000591957,0.00178626,0.0273832,0.935983,0.0277779,0.00304806,0.00110343,0.000659461,0.000306364,0.000215493,0.000103852,6.49076e-05,6.23113e-05,6.23113e-05,5.45224e-05,7.01002e-05,9.08706e-05,
6.00485e-05,6.18681e-05,0.000129195,0.000263849,0.000507683,0.00152305,0.0313762,0.928699,0.03271,0.00287323,0.000906186,0.000340275,0.000172867,9.09825e-05,7.64253e-05,6.18681e-05,3.27537e-05,2.72948e-05,4.1852e-05,4.54913e-05,
3.12619e-05,5.09453e-05,7.52601e-05,7.41022e-05,0.00016673,0.000390194,0.00133731,0.036522,0.929892,0.0280674,0.00227517,0.000574292,0.000203781,0.000104206,7.41022e-05,4.63139e-05,3.58933e-05,2.43148e-05,2.54726e-05,2.89462e-05,
3.67237e-05,1.38955e-05,4.26789e-05,6.84848e-05,8.73429e-05,0.000170716,0.000410909,0.00155431,0.040937,0.921594,0.0323903,0.00181832,0.000436715,0.000164761,8.63504e-05,5.55819e-05,4.76416e-05,2.9776e-05,2.9776e-05,2.48133e-05,
5.39379e-05,5.71872e-05,6.6935e-05,7.6033e-05,8.18817e-05,0.000115024,0.000167013,0.000348322,0.0013348,0.0369605,0.94733,0.0118358,0.000820766,0.000251494,0.000137119,0.000100727,7.79825e-05,6.82347e-05,5.00388e-05,6.62852e-05,
0.000206597,0.000166003,0.000133498,0.00012645,0.00014929,0.000245406,0.00053322,0.00134349,0.00502985,0.0320314,0.134737,0.801557,0.0185722,0.00289774,0.000862758,0.00038289,0.000257837,0.000251979,0.000265867,0.000249302,
5.29196e-05,4.73491e-05,6.68459e-05,8.07721e-05,6.68459e-05,0.000133692,0.0001699,0.000272954,0.000565404,0.00116702,0.00356511,0.0347515,0.931667,0.0240144,0.00196638,0.000718593,0.000261813,0.000186611,0.000144833,0.000100269,
0.000139231,0.000101877,6.79177e-05,0.000105272,7.81054e-05,0.000101877,0.00011546,0.00023092,0.000302234,0.000492403,0.00157569,0.00334834,0.0392768,0.924588,0.0259242,0.00202734,0.000740303,0.000329401,0.000220733,0.000234316,
0.000147109,8.89497e-05,8.21074e-05,9.5792e-05,8.55286e-05,8.21074e-05,9.92131e-05,0.000153951,0.000174478,0.00032843,0.000875813,0.000981868,0.0027027,0.0334725,0.930681,0.0267054,0.00193295,0.000691071,0.000413958,0.000205269,
0.00026751,0.000193518,9.3913e-05,7.68379e-05,8.25296e-05,8.25296e-05,7.96838e-05,0.000122372,0.000136601,0.000204901,0.000745612,0.000472411,0.000910672,0.00230514,0.0336863,0.94036,0.0178236,0.00152253,0.00052079,0.000313043,
0.000380652,0.000204529,0.000181804,0.000142034,7.95391e-05,0.000102265,8.23798e-05,0.000107946,0.000173282,0.000153397,0.0009147,0.000303953,0.000445987,0.000786869,0.00228675,0.0234356,0.950268,0.0178366,0.0014942,0.000619269,
0.000723601,0.000413867,0.000309733,0.000216279,0.000186908,0.000259001,0.000250991,0.000259001,0.000384496,0.00047261,0.00144186,0.000509992,0.000536693,0.000595435,0.00094522,0.00212808,0.0231579,0.946889,0.0184371,0.00188243,
0.00193547,0.000886049,0.000548549,0.000405508,0.000355735,0.000381742,0.000469181,0.000566934,0.00077604,0.00121338,0.00293033,0.00107438,0.000803692,0.000773649,0.000818041,0.00112968,0.00240928,0.0251546,0.937301,0.020067,
0.0219407,0.00268214,0.00134195,0.000864826,0.000663622,0.000551842,0.000525956,0.000500658,0.00056302,0.000705392,0.00167847,0.000593024,0.000580081,0.000574786,0.00073069,0.00103426,0.00186555,0.00393702,0.0375723,0.921094,


0.930558,0.0246691,0.003149,0.00116912,0.000734374,0.000516999,0.000311375,0.00017625,0.000252625,0.0002585,0.000622749,0.000170375,0.000170375,0.00019975,0.00027025,0.000393624,0.000640374,0.00125725,0.00290812,0.0315722,
0.0268448,0.937975,0.0213967,0.00239324,0.00103834,0.000563487,0.000459021,0.000436861,0.000493843,0.000762924,0.0016873,0.000490677,0.000357719,0.000332394,0.000326063,0.000345057,0.000379879,0.000585647,0.000924372,0.00220646,
0.00186977,0.024402,0.947484,0.0182072,0.00234794,0.000986991,0.000588517,0.00040154,0.000251346,0.00015326,0.00118623,0.000113412,9.80861e-05,9.50209e-05,0.000113412,0.00016552,0.000190042,0.000260541,0.000364758,0.00072032,
0.000896378,0.00218061,0.0292486,0.934379,0.0250857,0.00321058,0.00132302,0.000547308,0.000430951,0.000323213,0.000732617,0.000137904,0.000150833,0.000129285,7.75712e-05,0.000120666,0.000137904,0.000168071,0.000271499,0.000448189,
0.000545275,0.00101172,0.00277575,0.055961,0.915796,0.0168836,0.00238466,0.00119623,0.000649652,0.000448693,0.000731075,0.000220449,0.000171075,0.000117804,0.000125166,0.000136427,0.000135561,0.000152452,0.000241671,0.000315298,
0.00019114,0.000326256,0.000754672,0.00197731,0.035262,0.931272,0.0238727,0.00306812,0.00112377,0.00060967,0.000540464,0.000184549,0.000151594,0.000112047,6.26147e-05,8.23878e-05,6.59102e-05,0.000102161,7.90923e-05,0.00016148,
0.000107221,0.000153521,0.000292422,0.000597028,0.00181302,0.0284307,0.935779,0.0272391,0.00297296,0.00104785,0.000636018,0.000236374,0.000155958,0.000116969,5.84844e-05,7.06686e-05,5.84844e-05,7.55423e-05,7.79792e-05,8.0416e-05,
6.19162e-05,7.07614e-05,0.000152137,0.000217591,0.000521865,0.00157267,0.030859,0.927839,0.033992,0.00279684,0.000974738,0.000344962,0.000173365,0.000107911,6.19162e-05,6.54543e-05,5.83781e-05,3.71497e-05,3.71497e-05,5.48401e-05,
3.70719e-05,3.47549e-05,6.14003e-05,8.68872e-05,0.000166823,0.000398523,0.00131258,0.0357732,0.929971,0.0287075,0.00237608,0.000551444,0.000191152,0.000123959,4.98153e-05,4.28644e-05,3.82304e-05,2.08529e-05,1.85359e-05,3.70719e-05,
3.17812e-05,2.88018e-05,4.07197e-05,6.6542e-05,8.73984e-05,0.000154934,0.000382368,0.00156026,0.0399381,0.922077,0.0330237,0.00174896,0.000440965,0.000147981,7.846e-05,6.0583e-05,3.67471e-05,3.27744e-05,2.28428e-05,3.87334e-05,
4.42813e-05,5.53516e-05,5.40492e-05,6.96779e-05,8.72602e-05,0.000115262,0.000178428,0.000386159,0.00134016,0.0362859,0.947811,0.0120282,0.00079511,0.000280014,0.000136751,9.50746e-05,6.57707e-05,6.83755e-05,5.53516e-05,4.75373e-05,
5.35383e-05,4.589e-05,3.63296e-05,6.11866e-05,8.79558e-05,0.000126197,0.000156791,0.000336527,0.000956041,0.00374386,0.0540527,0.918444,0.0190501,0.00172852,0.000508614,0.000227538,0.00014723,9.75162e-05,8.22195e-05,5.73625e-05,
6.94606e-05,5.83469e-05,6.66822e-05,8.33528e-05,7.22391e-05,0.000144478,0.000136143,0.000272286,0.000522344,0.00116972,0.00372865,0.0340107,0.931195,0.0251475,0.00196157,0.000644595,0.000325076,0.000177819,0.000122251,9.16881e-05,
0.000124857,0.000118108,0.000114734,8.77377e-05,9.78612e-05,9.11122e-05,0.000138356,0.000256464,0.000381321,0.000793013,0.00167039,0.00340152,0.0376597,0.925696,0.025751,0.00208546,0.000715399,0.000374572,0.000276711,0.000165352,
0.000110332,9.99879e-05,9.65401e-05,7.93008e-05,8.27486e-05,9.65401e-05,0.000117227,0.000134467,0.000248246,0.000334442,0.000820591,0.00111021,0.0028169,0.0336649,0.929591,0.0275932,0.00181357,0.000624063,0.000348234,0.000217215,
0.000178422,0.000147269,0.000116116,8.49627e-05,0.00012178,8.77948e-05,7.64665e-05,9.62911e-05,0.000169925,0.000237896,0.00103655,0.000538097,0.000843963,0.00236763,0.0337982,0.939328,0.018318,0.00152933,0.000625892,0.00029737,
0.000364793,0.00030059,0.000166346,0.00010506,0.000102142,0.000128407,0.000102142,9.3387e-05,0.000125489,0.000154672,0.00115858,0.000350201,0.00044067,0.000834647,0.0021158,0.0230637,0.950563,0.0176618,0.00156715,0.000601179,
0.00078449,0.000488816,0.000307596,0.000171682,0.000157375,0.000147837,0.000236062,0.000236062,0.000290905,0.000414897,0.00153321,0.000493585,0.000443511,0.000639037,0.000863177,0.00223186,0.0233201,0.94634,0.018978,0.00192188,
0.00225185,0.00106423,0.000529544,0.000354743,0.000231354,0.000221072,0.000200507,0.000174801,0.000164518,0.000143954,0.00105909,0.000282766,0.000365025,0.000380449,0.000637509,0.00115677,0.00282766,0.0250068,0.940311,0.0226367,
0.0276564,0.00344799,0.00117348,0.000680906,0.000478083,0.000405646,0.0004974,0.000468425,0.000849925,0.00107689,0.00208135,0.000801634,0.000748514,0.000700223,0.000584324,0.000835438,0.00148254,0.0035977,0.0302979,0.922135,


0.931429,0.0243834,0.00349375,0.00134655,0.000558029,0.00046098,0.00028508,0.00023049,0.000206228,0.000218359,0.00067934,0.000157704,0.000157704,0.000139507,0.000218359,0.00028508,0.000630815,0.00134048,0.00279014,0.0309888,
0.0269305,0.952606,0.0133769,0.00111581,0.000645545,0.00048024,0.000317785,0.000186681,0.000136804,0.00016103,0.00125831,9.69029e-05,9.8328e-05,0.000125404,0.000136804,0.000148205,0.000216607,0.000376211,0.000481665,0.00110441,
0.00185143,0.0246351,0.951772,0.0140888,0.00147512,0.000844217,0.00055601,0.000401357,0.000275223,0.000249486,0.00138933,0.00016787,0.000126134,0.000131467,0.000152103,0.000154885,0.00021146,0.000294004,0.000456308,0.00076747,
0.00105291,0.00219833,0.0282215,0.935182,0.0250892,0.00316754,0.00126437,0.0006432,0.000396493,0.000330411,0.000726904,0.000154192,0.000127759,0.000101326,0.000114542,0.000171814,0.000163003,0.000171814,0.000277545,0.000444954,
0.000366349,0.000686007,0.00199696,0.0274474,0.935135,0.0274762,0.00307805,0.00115651,0.000675232,0.000330432,0.000538749,0.00015085,0.000114933,0.000118525,6.82415e-05,7.18331e-05,8.61998e-05,0.00010775,0.000201133,0.000193949,
0.000151253,0.000328811,0.000749689,0.0020189,0.0339925,0.931818,0.0245063,0.00290998,0.00131524,0.000581996,0.000535962,0.000223592,0.000141389,0.000108508,0.000115084,9.86433e-05,9.53552e-05,9.53552e-05,0.000115084,9.86433e-05,
0.000145386,0.00014279,0.000298561,0.000615295,0.00185887,0.0264862,0.935687,0.0290435,0.00304532,0.0010852,0.000620487,0.000257022,0.000132405,0.000135001,5.7116e-05,8.30778e-05,6.49046e-05,4.93275e-05,8.5674e-05,0.000106443,
6.37219e-05,6.71663e-05,0.000139499,0.000273832,0.000504609,0.00157583,0.0307312,0.927831,0.0340533,0.00280204,0.00105055,0.000313443,0.000153277,0.000118833,8.0944e-05,5.16664e-05,3.44443e-05,4.64998e-05,5.16664e-05,5.68331e-05,
4.27768e-05,4.04645e-05,4.39329e-05,8.9022e-05,0.000161858,0.000397709,0.00127174,0.0348261,0.93055,0.0291726,0.00228567,0.000568816,0.000219665,9.13342e-05,5.78065e-05,4.16207e-05,2.77471e-05,4.04645e-05,2.89032e-05,4.16207e-05,
3.77326e-05,4.66693e-05,2.97889e-05,6.45426e-05,8.93667e-05,0.000180719,0.000361438,0.00162747,0.0388119,0.922594,0.0335899,0.00174761,0.000364417,0.000168804,8.44018e-05,5.65989e-05,3.77326e-05,3.77326e-05,3.47537e-05,3.47537e-05,
7.40692e-05,5.71762e-05,6.95211e-05,7.14702e-05,7.86173e-05,0.000121499,0.000178676,0.000379442,0.00133454,0.0350886,0.948537,0.0124248,0.000813461,0.00026379,0.000128646,8.83632e-05,8.25156e-05,8.51146e-05,6.04248e-05,6.2374e-05,
5.25061e-05,4.08381e-05,5.83401e-05,5.05614e-05,7.00081e-05,0.000110846,0.000182799,0.000381155,0.000997616,0.00370849,0.0527647,0.919567,0.0191297,0.00171909,0.000507559,0.000235305,0.000182799,0.000105012,8.36208e-05,5.25061e-05,
7.22756e-05,8.61748e-05,6.11563e-05,7.22756e-05,8.89546e-05,0.000102854,0.00016123,0.000283543,0.000564306,0.00119255,0.00346645,0.0331745,0.931722,0.0255717,0.00209321,0.000628242,0.000291882,0.000180689,9.17345e-05,9.45143e-05,
0.000112086,8.15168e-05,0.000118879,0.000122275,6.11376e-05,0.000122275,0.000183413,0.000207188,0.000281912,0.000489101,0.00138578,0.0033252,0.0382042,0.925045,0.0267783,0.00204811,0.000737047,0.000315877,0.00024455,0.000135861,
0.000173095,6.57763e-05,8.30858e-05,5.19286e-05,6.92382e-05,6.57763e-05,8.30858e-05,0.000176557,0.000221562,0.000294262,0.000692382,0.000969334,0.00259297,0.0323204,0.93053,0.0285538,0.00179327,0.000657763,0.000425815,0.000180019,
0.000139905,0.000161195,8.2118e-05,7.90766e-05,7.29938e-05,0.000121656,7.29938e-05,0.000115574,0.000179443,0.00025852,0.000717772,0.00041059,0.000924588,0.00244529,0.0334129,0.939084,0.0191518,0.0016454,0.000577868,0.000346721,
0.000385247,0.000285926,0.000198643,9.33021e-05,9.93216e-05,8.42729e-05,7.22339e-05,0.000102331,0.000126409,0.000195633,0.00113768,0.000367189,0.000511657,0.000815641,0.00201954,0.0235392,0.949171,0.0187176,0.00138448,0.000692241,
0.000942291,0.000498355,0.000343693,0.000283547,0.000206216,0.000246313,0.000246313,0.000300731,0.000363742,0.000658745,0.00174138,0.00064156,0.000601462,0.000653016,0.00115137,0.00239726,0.0232651,0.944551,0.0190492,0.00185881,
0.00218354,0.00100558,0.000488424,0.000272943,0.000181962,0.000258577,0.000143654,0.000134077,0.000191539,0.000177173,0.00107741,0.000205904,0.000301674,0.000440539,0.000679963,0.00106783,0.00286829,0.0244212,0.942988,0.0209112,
0.0138301,0.000899286,0.000463842,0.000297754,0.000258168,0.000183299,0.000141993,0.00016953,0.000165228,0.000240096,0.00163334,0.000203092,0.000202232,0.000196208,0.000320989,0.000324431,0.000468145,0.00095092,0.0140065,0.965045,


0.915491,0.0194371,0.00254873,0.00127259,0.000839988,0.000648509,0.000508248,0.000488943,0.000524008,0.000624475,0.00128914,0.000401477,0.000360896,0.000350258,0.000420782,0.000567347,0.000833685,0.00135769,0.00363535,0.0484002,
0.02693,0.941974,0.0188169,0.00200339,0.000945699,0.000495248,0.000465384,0.000418099,0.000430542,0.000582352,0.00171719,0.000343438,0.000281221,0.000316063,0.000216515,0.000271266,0.000383257,0.000512669,0.000863573,0.00203325,
0.00135425,0.0245095,0.951576,0.0161007,0.00170837,0.000686781,0.000435677,0.000266128,0.000240373,0.000130918,0.00109456,0.000103017,6.65319e-05,7.08243e-05,0.000107309,0.000115894,0.000184572,0.000281151,0.000328367,0.000639565,
0.000833529,0.00218698,0.0268545,0.936644,0.0249894,0.00309891,0.00141535,0.00062721,0.000416765,0.00023933,0.000812897,0.000160929,0.000169182,0.000173308,0.000140297,0.00010316,0.000189814,0.00019394,0.000268215,0.000482787,
0.000377422,0.000862679,0.001959,0.027045,0.935543,0.0275626,0.00295827,0.00111429,0.000611065,0.00035945,0.000514013,0.000179725,0.000122213,0.000111429,7.90789e-05,0.000111429,6.11065e-05,0.000100646,0.000147374,0.000179725,
0.000207713,0.000352783,0.000636327,0.00209032,0.0330659,0.932592,0.0243882,0.00318823,0.00123309,0.000534119,0.000639624,0.000207713,0.000168149,9.8911e-05,0.000112099,8.57229e-05,5.93466e-05,0.000108802,0.00012199,0.000108802,
9.87834e-05,0.000171571,0.000340543,0.000608298,0.00186649,0.0256421,0.935697,0.029882,0.00301029,0.00104762,0.000660289,0.000252158,0.000153374,0.00011958,5.45908e-05,7.79869e-05,5.19913e-05,8.05865e-05,0.000101383,8.3186e-05,
8.05264e-05,8.76843e-05,0.000114526,0.000270211,0.000502843,0.00148526,0.0297303,0.92763,0.0353976,0.00283632,0.000941264,0.000345369,0.000202211,9.48422e-05,5.90527e-05,3.04211e-05,4.47369e-05,5.72632e-05,4.11579e-05,4.83158e-05,
3.70587e-05,3.47426e-05,5.443e-05,9.72792e-05,0.000170239,0.000367113,0.00130979,0.033962,0.930463,0.030006,0.00235902,0.000566304,0.000194558,0.000116967,6.13785e-05,5.09558e-05,5.21139e-05,2.20036e-05,3.82168e-05,3.70587e-05,
2.1851e-05,3.57562e-05,4.56885e-05,6.85327e-05,8.34311e-05,0.000180767,0.000399277,0.00155539,0.037841,0.922512,0.0345564,0.00185535,0.000374447,0.000188713,8.24379e-05,5.76072e-05,3.97291e-05,3.57562e-05,2.48307e-05,4.07223e-05,
5.27032e-05,5.40045e-05,5.53058e-05,6.8319e-05,8.32841e-05,0.000126227,0.000178931,0.000347451,0.00134946,0.0341009,0.949549,0.0124939,0.000767775,0.000285638,0.000122324,0.000106057,7.61269e-05,7.61269e-05,5.20526e-05,5.46552e-05,
3.52397e-05,3.71974e-05,6.46061e-05,7.63526e-05,6.06905e-05,0.000111592,0.000172283,0.000385679,0.000973006,0.00361794,0.0524445,0.919773,0.0194406,0.00172087,0.00050706,0.000195776,0.00014879,9.59302e-05,8.22259e-05,5.6775e-05,
7.76632e-05,7.48895e-05,8.32106e-05,5.82474e-05,8.04369e-05,0.0001054,0.000166421,0.000257953,0.000490943,0.00125371,0.00370565,0.0330291,0.931451,0.0258702,0.00186114,0.000701743,0.000363353,0.000166421,0.000113721,8.8758e-05,
0.000128997,9.50506e-05,9.84452e-05,7.46826e-05,8.48666e-05,0.000128997,0.000135787,0.000186707,0.000329282,0.000580487,0.00143255,0.00319438,0.0365741,0.925647,0.0277853,0.00211488,0.000692511,0.000376808,0.000200285,0.000139181,
0.000152282,6.57581e-05,6.22971e-05,6.22971e-05,7.268e-05,8.30628e-05,0.00011075,0.000176508,0.000231884,0.000263032,0.000806401,0.00104867,0.00267185,0.0325572,0.929314,0.0290131,0.00199005,0.000712956,0.000339173,0.000266493,
0.00022679,0.000124268,7.76677e-05,8.38811e-05,9.94147e-05,8.69879e-05,9.32013e-05,0.000105628,0.000167762,0.00025475,0.000608915,0.000506394,0.000984827,0.00247605,0.033829,0.938003,0.0195226,0.00170248,0.000639982,0.000406979,
0.000341052,0.000265627,0.000177085,9.5101e-05,0.000121336,0.000127894,9.83803e-05,9.83803e-05,0.00014757,0.000137732,0.0010166,0.000386963,0.000478784,0.00101988,0.0022857,0.0232997,0.947649,0.019781,0.00172166,0.00075097,
0.000914018,0.000487681,0.000285247,0.000294449,0.000205501,0.000217769,0.000208568,0.000248441,0.000432472,0.000677845,0.00172068,0.000545957,0.000567427,0.000696249,0.000953891,0.00248134,0.0233903,0.941233,0.0223198,0.00211942,
0.0023788,0.0010743,0.000552495,0.000419487,0.000230206,0.000189281,0.000138124,0.000112545,0.000184165,0.000163702,0.000992444,0.000286479,0.000373445,0.000465528,0.000639461,0.00117661,0.00273689,0.0248776,0.941482,0.0215268,
0.0267256,0.00327234,0.00133754,0.000748686,0.000504732,0.000471083,0.000559411,0.000563617,0.000576236,0.000900105,0.00203155,0.000874869,0.000660358,0.000559411,0.000647739,0.000778128,0.00133333,0.00342797,0.036837,0.91719,


0.931851,0.0253905,0.00291894,0.00139575,0.000746423,0.00047941,0.000267013,0.000212397,0.000212397,0.000194191,0.000710012,0.000182054,0.00020026,0.000188123,0.000273081,0.000406588,0.000582574,0.00120156,0.0026944,0.0298933,
0.026971,0.943451,0.0181726,0.00180003,0.000890946,0.000573561,0.000412601,0.000414868,0.00042847,0.000598498,0.00167761,0.000369527,0.000238039,0.000240306,0.000256175,0.000208568,0.000301516,0.000485146,0.000671044,0.00183857,
0.00216762,0.0244976,0.942949,0.021585,0.00268277,0.00122052,0.000634038,0.000368534,0.000305131,0.000237764,0.000859913,0.000194174,0.000138696,0.000126807,0.000122845,0.000198137,0.000198137,0.000257578,0.000404199,0.000851988,
0.00105702,0.00256543,0.0373004,0.9257,0.0254023,0.0029416,0.00113977,0.000722233,0.000447634,0.000263314,0.00053039,0.000154227,0.000131657,0.000135419,0.000127896,0.000154227,0.000150465,0.000240744,0.000334785,0.000500297,
0.000377008,0.000710929,0.00206097,0.0268214,0.934893,0.0283617,0.00308069,0.00124592,0.000567307,0.000294425,0.000563716,0.000136441,0.000114898,9.33543e-05,6.82204e-05,8.61732e-05,7.1811e-05,0.000136441,0.000104126,0.000211842,
0.000212994,0.00040305,0.000691411,0.00202508,0.0323849,0.932645,0.0251759,0.00303762,0.0012157,0.000616044,0.000586553,0.000190056,0.000144181,0.000154011,9.50281e-05,8.51976e-05,7.86439e-05,6.22598e-05,8.84744e-05,0.000108135,
9.62326e-05,0.000182062,0.000280895,0.000603405,0.00164376,0.0259022,0.935051,0.0305734,0.00299101,0.00109237,0.000689234,0.000234079,0.000174259,8.843e-05,7.02238e-05,5.46185e-05,3.90132e-05,7.02238e-05,7.80265e-05,8.58291e-05,
3.9985e-05,7.81524e-05,0.000149035,0.000252632,0.000568877,0.00153942,0.0284547,0.927676,0.0363154,0.00294253,0.0010487,0.00032715,0.000179932,0.000125407,6.54299e-05,5.99774e-05,2.36275e-05,3.2715e-05,5.81599e-05,6.17949e-05,
3.01378e-05,3.70927e-05,4.52067e-05,0.000105482,0.000206328,0.000410338,0.001362,0.0332153,0.930252,0.030846,0.00237509,0.000581891,0.000219079,0.000106641,6.49122e-05,3.9411e-05,3.9411e-05,2.78195e-05,1.85463e-05,1.73872e-05,
3.57103e-05,3.07505e-05,4.36459e-05,6.34849e-05,9.22516e-05,0.000155737,0.000403725,0.00157423,0.0367092,0.922882,0.0353214,0.00184801,0.000396781,0.000177559,8.13401e-05,5.15815e-05,4.86057e-05,3.17425e-05,3.17425e-05,2.0831e-05,
5.7918e-05,5.14104e-05,6.50765e-05,6.8981e-05,7.61395e-05,0.000112582,0.000184817,0.000336445,0.00133212,0.0329677,0.950363,0.0127446,0.000871374,0.00027202,0.000138613,8.91547e-05,7.87425e-05,7.28856e-05,5.7918e-05,5.85688e-05,
5.29311e-05,6.6654e-05,5.48915e-05,5.68519e-05,7.6456e-05,0.000111743,0.000198002,0.000431291,0.000960602,0.00369538,0.0506943,0.92089,0.0199217,0.00162322,0.000543034,0.000225447,0.000156833,0.000107823,6.46936e-05,6.86144e-05,
7.22827e-05,6.95026e-05,6.95026e-05,8.0623e-05,7.78429e-05,0.000125105,0.000172366,0.000289131,0.000503199,0.00124271,0.00366139,0.0319406,0.931607,0.0268169,0.00190159,0.000644984,0.000314152,0.000166806,0.000125105,0.000119544,
0.000131714,7.43e-05,0.000128336,8.44318e-05,6.07909e-05,0.000121582,0.000131714,0.000189127,0.000374877,0.000648436,0.00166837,0.00369811,0.0365016,0.924525,0.028055,0.00213781,0.000746377,0.0003715,0.000229654,0.000121582,
0.000103031,7.30902e-05,5.45975e-05,2.906e-05,5.81199e-05,7.22096e-05,7.66126e-05,7.1329e-05,0.000127688,0.000211345,0.00121612,0.000492258,0.00101534,0.0155127,0.963239,0.0163026,0.000641961,0.00033551,0.000228077,0.000139136,
0.000198623,0.000116652,0.000119804,7.25131e-05,8.19713e-05,8.82768e-05,0.000104041,0.00012611,0.000148179,0.000182859,0.000867005,0.000428773,0.000867005,0.00249697,0.0334412,0.938228,0.0198623,0.00166465,0.000614785,0.000290052,
0.000393948,0.000274771,0.000198629,0.000145662,0.000119178,9.26938e-05,7.94518e-05,8.93833e-05,0.000112557,0.000158904,0.00112888,0.000321118,0.000417122,0.000950111,0.00242659,0.0234515,0.947419,0.0198961,0.00158573,0.000738239,
0.000895179,0.000407651,0.000311247,0.000253404,0.000192808,0.000187299,0.000245141,0.000391124,0.000421423,0.000548125,0.00174629,0.000605967,0.000495791,0.000738178,0.00111553,0.00255608,0.0232857,0.94359,0.0200768,0.00193634,
0.00231141,0.00100899,0.000576565,0.000344909,0.00022136,0.000190472,0.00019562,0.000164733,0.000102958,0.000257395,0.000936918,0.000216212,0.00031917,0.000483903,0.00073615,0.00113769,0.00282105,0.0247923,0.940794,0.0223882,
0.027361,0.00288532,0.00138013,0.000556363,0.000461479,0.000422663,0.000431289,0.000426976,0.000586553,0.000789259,0.0017726,0.000556363,0.000461479,0.000564989,0.000508921,0.000754756,0.00121624,0.00288532,0.0277448,0.928234,


0.930946,0.0260362,0.00313938,0.00144242,0.000757571,0.000448482,0.000309089,0.000266665,0.000242423,0.000230302,0.000581815,0.000242423,0.000193938,0.000181817,0.000284847,0.000345452,0.000606057,0.00121211,0.00281816,0.029715,
0.0267682,0.940988,0.0193603,0.00215986,0.000975337,0.000703393,0.000436679,0.000360848,0.000481131,0.000606644,0.00168134,0.000486361,0.000305937,0.000300707,0.000256255,0.000264099,0.000355619,0.000551732,0.000818446,0.00213894,
0.00146987,0.0244828,0.950288,0.016566,0.00184298,0.000928431,0.000499791,0.000296751,0.000213452,0.000170068,0.00110197,0.000130154,0.000121477,0.000124948,0.000126683,0.000156185,0.000185686,0.000289809,0.000393932,0.000610856,
0.000805225,0.00219946,0.0277281,0.936,0.0253609,0.00282574,0.00123393,0.000671021,0.000458531,0.000298231,0.000808953,0.000115565,0.000126748,0.000100653,0.000100653,0.000130476,0.000126748,0.000178939,0.000320599,0.000410068,
0.000344591,0.000789688,0.00209267,0.0258731,0.935518,0.028838,0.00285006,0.00110197,0.000696361,0.000315875,0.000466634,0.000190243,8.61478e-05,6.82003e-05,7.17898e-05,0.000104095,0.000111274,8.97373e-05,0.000125632,0.000265622,
0.000182551,0.000294643,0.000736608,0.00198884,0.0315492,0.933644,0.0251856,0.00307454,0.00122982,0.000531639,0.000624516,0.000214577,0.000118498,9.9282e-05,8.64714e-05,5.12423e-05,8.00661e-05,8.00661e-05,8.64714e-05,0.000140916,
0.000108106,0.000175371,0.000309902,0.000627012,0.0017393,0.0260919,0.934822,0.0303536,0.00305098,0.00106424,0.000651035,0.000290684,0.00015375,0.000100898,7.6875e-05,8.16797e-05,5.04492e-05,7.20703e-05,7.44727e-05,0.000105703,
8.9308e-05,0.000120531,0.000182519,0.000326238,0.000793212,0.00262919,0.0701109,0.901877,0.0179619,0.00324907,0.00136487,0.000459626,0.000238997,0.000146704,8.81601e-05,7.53034e-05,6.54313e-05,6.63497e-05,7.41555e-05,8.05839e-05,
3.86185e-05,4.87329e-05,4.68939e-05,0.000100224,0.000169186,0.000415609,0.00146291,0.0344422,0.931155,0.0287193,0.0022316,0.000567325,0.000235389,0.00012505,6.52837e-05,4.04575e-05,4.59744e-05,2.94236e-05,2.85041e-05,3.21821e-05,
3.07748e-05,2.77966e-05,4.07022e-05,5.36078e-05,0.000104237,0.00016678,0.000372276,0.00152484,0.0357097,0.922595,0.0366637,0.0018316,0.000466586,0.00014891,8.23971e-05,5.06295e-05,3.47458e-05,3.3753e-05,2.38257e-05,3.7724e-05,
5.26286e-05,4.93799e-05,5.32783e-05,7.08212e-05,9.29122e-05,0.000111755,0.000161784,0.000354756,0.00132286,0.0320944,0.950935,0.0131039,0.000842707,0.000258595,0.000135145,0.000102658,7.79683e-05,7.14709e-05,6.04254e-05,4.80805e-05,
4.90404e-05,4.70788e-05,6.86565e-05,6.27717e-05,5.1002e-05,0.000131428,0.000166737,0.000347206,0.000925882,0.00379965,0.0493229,0.922063,0.0201713,0.00164776,0.000551214,0.000229509,0.000137313,9.41575e-05,6.27717e-05,7.06181e-05,
0.000100334,8.36116e-05,5.01669e-05,6.13152e-05,5.85281e-05,0.000105908,0.000139353,0.000270344,0.00052954,0.00122352,0.00366219,0.0314101,0.931935,0.0270762,0.001937,0.000593642,0.00035953,0.000192307,0.000125417,8.63986e-05,
0.000122689,9.20164e-05,8.17923e-05,6.13443e-05,8.17923e-05,9.20164e-05,9.20164e-05,0.000224929,0.000340801,0.000620259,0.00154042,0.00323761,0.0356172,0.925422,0.0287705,0.00218454,0.000736131,0.00036125,0.000173809,0.000146545,
0.000110656,7.26179e-05,9.68238e-05,8.99078e-05,6.91599e-05,7.26179e-05,8.64499e-05,0.000110656,0.000231686,0.000331967,0.000753843,0.00105123,0.00273873,0.0306966,0.929467,0.0307865,0.00204367,0.000681225,0.000314677,0.000193648,
0.000224529,0.000112265,0.00012217,0.000105661,9.9057e-05,8.91513e-05,8.25475e-05,0.000132076,0.000158491,0.000237737,0.000703305,0.00053821,0.00092123,0.00274058,0.0340591,0.936108,0.0207359,0.00183586,0.000647172,0.000346699,
0.000470471,0.00025333,0.00014476,0.00011186,0.00012831,0.0001316,0.00012173,0.00014147,0.00012502,0.00015463,0.000924491,0.000417831,0.000529691,0.000970551,0.00232603,0.0234906,0.947159,0.0200953,0.00161539,0.000687611,
0.00100969,0.000596196,0.000384643,0.000230786,0.000169884,0.000173089,0.000246812,0.000359,0.000397464,0.000669919,0.0017373,0.000599401,0.000605812,0.00072441,0.00103212,0.00256428,0.0235145,0.940967,0.0219503,0.00206745,
0.00221739,0.00115478,0.000656001,0.000439141,0.000271075,0.000189752,0.000249389,0.000135537,0.000178909,0.000222281,0.000916232,0.000281918,0.000422877,0.000417455,0.000607207,0.00121984,0.00281376,0.0248467,0.939133,0.0236269,
0.0275052,0.00280447,0.00119045,0.000815926,0.000401275,0.000401275,0.000454779,0.000485989,0.00061083,0.00104332,0.00206434,0.000700002,0.000575161,0.000526116,0.000575161,0.000757964,0.00126625,0.00316562,0.0275453,0.927111,


0.931798,0.0258562,0.00328947,0.00120332,0.00074376,0.000441418,0.000253967,0.000223733,0.000181405,0.000241873,0.00061073,0.000169311,0.000193498,0.000223733,0.000284201,0.00038095,0.000725619,0.00114285,0.00283596,0.0292001,
0.0267186,0.935873,0.0221059,0.00240536,0.00118158,0.000736865,0.000555083,0.000558329,0.000584298,0.000938123,0.0020775,0.000499899,0.00039927,0.000298641,0.000275918,0.000298641,0.000431731,0.00064922,0.000983568,0.00242808,
0.00188238,0.0245609,0.942597,0.0220367,0.00268072,0.0010762,0.000614414,0.000399173,0.00028177,0.000262202,0.000986193,0.000148712,9.78366e-05,0.000148712,0.000164366,0.000148712,0.000183933,0.000352212,0.000481356,0.000896184,
0.000853448,0.00206932,0.0250189,0.938766,0.0255216,0.00292277,0.0010444,0.000689773,0.000303968,0.000315659,0.000787199,0.000151984,9.74256e-05,0.000132499,0.000124705,0.000128602,0.000124705,0.000214336,0.00032735,0.000405291,
0.000369222,0.000735058,0.00181563,0.0252257,0.937239,0.0282641,0.00263875,0.00111444,0.000586014,0.000335349,0.00055214,0.000152431,9.82335e-05,9.14588e-05,7.4522e-05,8.80714e-05,0.000111783,0.000111783,0.000118558,0.000277764,
0.000202008,0.000361167,0.000645815,0.00205681,0.029885,0.935458,0.0249695,0.00299034,0.00113553,0.000572357,0.00070703,0.000266284,0.000128551,0.000116308,7.34576e-05,7.03969e-05,8.57006e-05,7.95791e-05,9.1822e-05,0.000104065,
0.000116862,0.000173994,0.000332407,0.000623263,0.00173735,0.0248189,0.935279,0.0314878,0.00282546,0.000992027,0.000641442,0.000238918,0.00019477,0.000137637,7.5311e-05,7.01171e-05,5.71325e-05,6.23263e-05,6.75202e-05,6.75202e-05,
6.98867e-05,8.42224e-05,0.000139773,0.000252667,0.000507127,0.00149092,0.027211,0.927047,0.0383714,0.00295495,0.000913903,0.000340474,0.000195324,0.00010931,7.34706e-05,5.1967e-05,4.47992e-05,4.83831e-05,5.01751e-05,4.30072e-05,
3.80157e-05,5.32219e-05,4.99635e-05,9.99269e-05,0.00015858,0.000371467,0.0012556,0.0322666,0.93158,0.0307438,0.00227008,0.000568063,0.000205285,0.000104272,6.51697e-05,4.23603e-05,4.0188e-05,1.95509e-05,3.47572e-05,3.25849e-05,
2.07455e-05,1.61354e-05,2.56849e-05,3.2161e-05,5.93825e-05,0.000114813,0.000301193,0.00130795,0.0706197,0.916179,0.010077,0.000816866,0.000199771,8.73724e-05,4.30276e-05,2.79899e-05,2.20626e-05,1.7233e-05,1.45987e-05,1.70135e-05,
5.14173e-05,5.79258e-05,5.98784e-05,6.76886e-05,8.59124e-05,0.000118455,0.00016076,0.000368382,0.00131797,0.0312259,0.951411,0.013487,0.000822677,0.000279866,0.00014514,9.56752e-05,6.96411e-05,5.98784e-05,6.31326e-05,5.14173e-05,
1.28408e-05,1.34829e-05,1.25198e-05,1.52806e-05,1.81698e-05,2.8635e-05,4.61627e-05,9.3738e-05,0.000299127,0.00128286,0.071256,0.919359,0.00653514,0.000683838,0.00017746,7.51188e-05,3.55691e-05,2.29209e-05,1.91328e-05,1.34187e-05,
7.22162e-05,8.05488e-05,6.1106e-05,6.66611e-05,8.88815e-05,0.000133322,0.00016943,0.000236091,0.000541622,0.00117212,0.0035997,0.0313363,0.931706,0.0273755,0.00196373,0.000661056,0.000297197,0.000174985,0.000161098,0.000102769,
0.000131211,0.000104296,0.000127847,9.75672e-05,0.000100932,0.000158126,0.000178312,0.000205228,0.000359989,0.000793995,0.00154762,0.00367727,0.0343302,0.925657,0.029176,0.00192443,0.000693064,0.000343167,0.000235507,0.000158126,
0.000144972,0.000113906,0.000117358,8.97443e-05,6.90341e-05,0.000107003,8.97443e-05,0.000117358,0.000214006,0.000331364,0.000845667,0.00111145,0.00273375,0.0305752,0.928936,0.0312586,0.00193986,0.00064892,0.000341719,0.000214006,
0.000136044,7.94212e-05,7.00775e-05,6.76481e-05,6.80219e-05,6.44713e-05,6.69006e-05,8.87648e-05,0.000109134,0.000171363,0.000707876,0.000343286,0.000588838,0.0016998,0.034064,0.946766,0.0133773,0.000917735,0.000376176,0.000237329,
0.000380142,0.000193465,0.000118794,0.000125583,0.000139159,0.000145947,0.000118794,0.000108612,0.000145947,0.000240983,0.000977507,0.00038693,0.000475177,0.000872289,0.00260329,0.0234432,0.945796,0.0212642,0.0017344,0.000729736,
0.000600953,0.00035601,0.00030841,0.000211226,0.000202301,0.000194368,0.000223126,0.000330227,0.000375844,0.000489886,0.00172154,0.000602937,0.000565253,0.000678304,0.000830029,0.00197938,0.0234679,0.947092,0.018218,0.00155197,
0.00216357,0.0011448,0.000619663,0.000420111,0.000262569,0.000199553,0.000178547,0.000183798,0.000105028,0.000210055,0.000903238,0.00018905,0.000320334,0.000388602,0.000677428,0.00117106,0.00275698,0.0250123,0.940082,0.0230116,
0.0276577,0.00313059,0.0012356,0.000748754,0.000489926,0.000419056,0.000493007,0.000557714,0.000677885,0.000992177,0.00201208,0.000890494,0.000677885,0.00064399,0.000610096,0.000757998,0.00115857,0.0033432,0.0352962,0.918207,


0.932043,0.0267859,0.00325545,0.00140562,0.000693684,0.000511135,0.000322502,0.000255568,0.000206888,0.000231228,0.000651089,0.000158209,0.000261653,0.000212973,0.000328587,0.000377267,0.00061458,0.00108921,0.00279299,0.0278021,
0.027053,0.935222,0.0231521,0.00245457,0.00118281,0.000836861,0.00060623,0.000527157,0.000507388,0.000859925,0.00138049,0.000467852,0.000388778,0.000312999,0.000303115,0.000312999,0.000438199,0.00042502,0.000882988,0.00268521,
0.00196431,0.0239469,0.944103,0.0214236,0.00257695,0.00113723,0.000582016,0.00040588,0.00024506,0.000225914,0.000800273,0.000176137,0.000126359,6.8923e-05,9.57264e-05,0.000145504,0.000206769,0.000344615,0.00052841,0.000895999,
0.00087719,0.00213032,0.0249638,0.938916,0.0251955,0.00289359,0.00121136,0.000626564,0.00038733,0.000292397,0.000736687,0.000231639,0.000117718,9.11366e-05,0.000132908,0.000140502,0.000174678,0.000227841,0.00025822,0.000394925,
0.000365689,0.000731379,0.00204034,0.0246857,0.937518,0.0283461,0.0026316,0.00115175,0.000519484,0.000314425,0.000550243,9.22768e-05,0.000140124,8.20238e-05,9.91121e-05,8.20238e-05,8.20238e-05,0.000133289,0.000187971,0.000246071,
0.000209082,0.000301323,0.000694889,0.00201087,0.0296465,0.935944,0.0251082,0.00280415,0.00107001,0.000578049,0.000633394,0.000184484,0.000119914,0.000113765,6.7644e-05,0.000129139,7.68682e-05,9.22418e-05,8.91671e-05,0.000126064,
0.000114451,0.000161272,0.000301734,0.000567053,0.00196648,0.0236445,0.935431,0.0318746,0.00309538,0.00105087,0.000720521,0.000322544,0.000166474,0.000122254,8.84394e-05,6.5029e-05,8.32371e-05,5.20232e-05,6.5029e-05,0.000106648,
4.55329e-05,0.000103815,0.000127492,0.00020763,0.000506326,0.00154448,0.0266896,0.926821,0.0391875,0.00280301,0.00106183,0.000315088,0.00016574,0.000114743,6.73888e-05,6.19248e-05,4.18903e-05,4.37116e-05,4.73543e-05,4.37116e-05,
3.24156e-05,4.28349e-05,5.67273e-05,7.87236e-05,0.000156289,0.000379725,0.00128968,0.0304394,0.930943,0.0330928,0.00233045,0.000597373,0.00024659,9.72468e-05,5.55696e-05,3.58887e-05,3.82041e-05,2.77848e-05,2.19963e-05,3.70464e-05,
3.57686e-05,2.68265e-05,3.87493e-05,5.86208e-05,7.25308e-05,0.000157978,0.000387493,0.00156786,0.0340497,0.92272,0.0381701,0.00187189,0.000413326,0.000176856,7.15372e-05,5.76272e-05,4.27236e-05,3.67622e-05,1.68907e-05,2.68265e-05,
2.4922e-05,2.10993e-05,1.84856e-05,1.8521e-05,2.09123e-05,3.18282e-05,5.94683e-05,0.000171042,0.000960979,0.0594748,0.932079,0.00621804,0.000593053,0.000118529,4.88825e-05,2.93679e-05,2.66852e-05,2.82143e-05,2.88795e-05,2.76064e-05,
4.70185e-05,6.26914e-05,7.64051e-05,3.91821e-05,9.2078e-05,0.00010971,0.00019787,0.000358516,0.000959962,0.00375169,0.0464798,0.923546,0.0215286,0.00158688,0.000536795,0.000272316,0.000111669,9.2078e-05,7.83642e-05,7.24869e-05,
8.63209e-05,3.89836e-05,8.07518e-05,6.40446e-05,8.07518e-05,9.46746e-05,0.000164288,0.000225548,0.000517926,0.00111939,0.00356143,0.0305047,0.932324,0.0278594,0.00198538,0.000634876,0.000289593,0.000150365,0.000116951,0.000100244,
7.22079e-05,5.99881e-05,5.44336e-05,5.66554e-05,7.44296e-05,7.77623e-05,7.99841e-05,0.000147748,0.000228843,0.000391033,0.00140194,0.00141416,0.0179187,0.958545,0.0176498,0.000914263,0.000401031,0.000205515,0.00018774,0.000118865,
