0.931249,0.0236771,0.00298889,0.0013564,0.000528157,0.000414123,0.000324097,0.000330098,0.000264079,0.00016805,0.000624186,0.000174052,0.000252075,0.000264079,0.000204061,0.000456136,0.000624186,0.00123637,0.00250275,0.0323616,
0.0271406,0.949783,0.014728,0.00153269,0.000780695,0.000440098,0.000336771,0.000235357,0.000218135,0.000206655,0.00122271,0.000164558,0.000132029,0.000107154,0.000164558,0.00018178,0.000221962,0.000401829,0.000623791,0.0013777,
0.00176383,0.0249774,0.947556,0.0180188,0.00230878,0.000873855,0.000548175,0.000409519,0.000203147,0.000161228,0.000754547,0.0001838,0.000135431,0.000132207,0.000135431,0.000203147,0.000174126,0.000248291,0.000441764,0.000770669,
0.00134962,0.00314593,0.0404822,0.927447,0.0181371,0.00267431,0.00134325,0.000863672,0.000611679,0.000390987,0.00104776,0.000224937,0.000164989,0.000164989,0.00016605,0.000185679,0.000225467,0.000305044,0.000403188,0.000665791,
0.000372439,0.000723597,0.00226301,0.0308699,0.933713,0.0253365,0.00289793,0.0010854,0.000617185,0.000344063,0.000524962,0.000152523,0.000141882,0.000109958,8.1582e-05,0.000109958,0.000131241,0.000120599,0.000184446,0.000219917,
0.0003064,0.000504088,0.00103728,0.00356106,0.0854839,0.887452,0.0153524,0.0027188,0.00117141,0.000595072,0.000598751,0.0002201,0.000148517,0.000118747,0.000102691,0.000103025,9.26559e-05,0.000112057,0.000146176,0.000174608,
0.000238796,0.000306149,0.000568125,0.0014564,0.00526445,0.0766427,0.886548,0.0200611,0.0042874,0.00194099,0.00107283,0.000436044,0.000232236,0.000171444,0.000127708,0.000108464,0.000108902,0.000111526,0.00013558,0.000181503,
7.03415e-05,6.67342e-05,0.000129861,0.000236275,0.000503212,0.0014393,0.0326655,0.927801,0.0322759,0.00295975,0.000927065,0.000362529,0.00018397,8.65742e-05,7.93596e-05,5.41088e-05,3.24653e-05,3.06617e-05,5.23052e-05,4.32871e-05,
4.4459e-05,4.3319e-05,6.61185e-05,8.5498e-05,0.000159596,0.000380751,0.00126537,0.0388002,0.928574,0.0271781,0.00227995,0.000538068,0.000223435,0.000124257,5.47188e-05,5.35788e-05,3.76191e-05,2.84993e-05,3.64792e-05,2.62194e-05,
8.71605e-05,0.000110232,0.00012798,0.000188914,0.00035515,0.000662972,0.00189249,0.00848967,0.0711264,0.893571,0.0195295,0.0020532,0.00076788,0.000358502,0.000214155,0.000130544,9.91895e-05,8.24278e-05,7.88783e-05,7.33568e-05,
0.000112383,0.000116719,0.000121276,0.000125464,0.00015404,0.000230481,0.000407924,0.00122015,0.00688593,0.0594244,0.923744,0.00553842,0.000811758,0.00032259,0.000189637,0.000134899,0.000120562,0.000112137,0.000108786,0.000118049,
5.55755e-05,4.59935e-05,4.21607e-05,8.2405e-05,6.51574e-05,0.000114984,0.000180141,0.000394777,0.00100419,0.00351084,0.0570166,0.916568,0.0181214,0.00175542,0.00047335,0.000224218,0.000130315,9.00706e-05,6.13247e-05,6.3241e-05,
0.000270986,0.00021035,0.000167113,0.000145807,0.000166436,0.000227593,0.000385329,0.000858852,0.0022777,0.00807431,0.0208751,0.0728906,0.873131,0.0159188,0.00199952,0.000863905,0.00048592,0.000383558,0.000346833,0.000320891,
0.000269903,0.000226457,0.000178229,0.000159099,0.000155732,0.000194193,0.000282499,0.000500874,0.00108002,0.00277878,0.00569673,0.00760613,0.0437084,0.918712,0.0150672,0.00137976,0.000752051,0.00050633,0.000403676,0.000341976,
0.000290871,0.000232791,0.000189015,0.000161421,0.000156966,0.000177681,0.000228882,0.000338399,0.000612776,0.00128426,0.00295514,0.00253138,0.00341947,0.0337706,0.935788,0.0150517,0.00125143,0.000722839,0.000469177,0.000366852,
0.000385691,0.000287208,0.00022478,0.000185943,0.000179659,0.000190579,0.000255582,0.000348296,0.000535888,0.000906435,0.00229385,0.00137011,0.00176373,0.00258394,0.0341557,0.935467,0.0161281,0.00147086,0.000750469,0.000516418,
0.000606884,0.000427325,0.000327934,0.00028194,0.000259727,0.00030273,0.00038717,0.000471609,0.000697874,0.00110697,0.00265252,0.00124225,0.00126417,0.00163967,0.00292178,0.0236027,0.938604,0.02021,0.00204065,0.00095162,
0.00080498,0.000522156,0.000368282,0.000292997,0.000230685,0.000225598,0.00025561,0.000308512,0.000373623,0.000488583,0.00185005,0.000588284,0.0006801,0.000817442,0.00135486,0.00275652,0.0235919,0.945635,0.0172324,0.00162191,
0.00198024,0.00109335,0.000595948,0.000361323,0.000248703,0.000220548,0.000239318,0.000234625,0.000290935,0.000248703,0.00110274,0.000197085,0.000408248,0.00039417,0.00058187,0.00114966,0.00238848,0.0255131,0.94262,0.0201308,
0.0273464,0.00311485,0.00128055,0.000702077,0.000474644,0.000538918,0.000514197,0.000499365,0.000578472,0.00102839,0.0019233,0.00081085,0.000731742,0.000731742,0.000608137,0.000820738,0.00123605,0.00359444,0.031727,0.921738,


0.931117,0.0240174,0.00299466,0.00131693,0.000811805,0.000384856,0.000354789,0.000282629,0.000216481,0.000222495,0.000727618,0.000234522,0.000210468,0.000240535,0.000240535,0.00051715,0.000625391,0.00119666,0.00266994,0.0316183,
0.0270594,0.946145,0.0149954,0.00153991,0.000921051,0.000629259,0.000525062,0.000414544,0.000412913,0.000502836,0.00163004,0.000281189,0.000246932,0.000213084,0.000218385,0.000254885,0.000355411,0.000528733,0.000888426,0.00223789,
0.00218687,0.0253493,0.945233,0.0185555,0.00241344,0.00110657,0.000538508,0.000440001,0.000315224,0.000213433,0.00101791,0.000124776,0.000154329,0.000114926,0.000203582,0.00017403,0.000200299,0.000285672,0.000551643,0.000820897,
0.00104042,0.00216966,0.0288865,0.935105,0.0245767,0.00312549,0.00117153,0.000685155,0.000393329,0.000317201,0.000795118,0.000181862,0.000114192,0.000105734,0.000118422,0.000105734,0.000160715,0.00019455,0.00026222,0.000490604,
0.000241939,0.000363943,0.000751666,0.0206796,0.959463,0.0141834,0.00116317,0.000559355,0.000322586,0.000230566,0.00125829,0.000122004,7.65107e-05,5.37643e-05,6.10018e-05,7.34089e-05,8.89178e-05,7.75446e-05,9.30536e-05,0.000136479,
0.00021492,0.000345175,0.0007164,0.00209059,0.0359958,0.930307,0.0236738,0.00308703,0.00126347,0.000621966,0.00064476,0.000198638,0.00014328,8.14091e-05,8.46655e-05,0.000110716,8.46655e-05,7.81527e-05,0.000110716,0.000146536,
0.000133647,0.000197901,0.000300706,0.000585992,0.00177083,0.0283409,0.935315,0.027539,0.00302505,0.00109488,0.000673376,0.000305847,0.000213322,0.000102806,6.42535e-05,6.16833e-05,6.16833e-05,5.39729e-05,6.93938e-05,8.99549e-05,
6.12619e-05,6.12619e-05,0.000127929,0.000263066,0.000506312,0.00151173,0.0321301,0.928232,0.0324454,0.00284688,0.000920731,0.000342346,0.000172975,9.36947e-05,7.92801e-05,6.12619e-05,3.24328e-05,2.70273e-05,4.14419e-05,4.32437e-05,
3.10064e-05,5.16774e-05,7.46451e-05,7.34967e-05,0.000166516,0.000389303,0.00132753,0.037527,0.9291,0.0278656,0.00227266,0.000574193,0.000203264,0.000105652,7.57935e-05,4.59355e-05,3.56e-05,2.52645e-05,2.64129e-05,2.87097e-05,
3.66242e-05,1.38578e-05,4.25633e-05,6.82992e-05,8.71062e-05,0.000170253,0.000409795,0.00155306,0.0413012,0.921314,0.0323115,0.00181537,0.000437511,0.000164314,8.61164e-05,5.54312e-05,4.75125e-05,3.06851e-05,2.96953e-05,2.47461e-05,
5.37879e-05,5.89106e-05,6.91559e-05,7.87609e-05,8.19625e-05,0.000117821,0.000171609,0.000348981,0.00132485,0.0365655,0.947858,0.0116829,0.000820906,0.000254212,0.000144715,0.000104374,7.74802e-05,6.78752e-05,5.18669e-05,6.65946e-05,
0.000206327,0.000165864,0.000133458,0.000126412,0.000149186,0.000245392,0.000533031,0.00134315,0.00502834,0.0320219,0.13474,0.801571,0.0185685,0.00289696,0.00086253,0.000382805,0.000257819,0.000251784,0.000265787,0.000249168,
5.449e-05,4.63165e-05,6.81125e-05,8.1735e-05,6.5388e-05,0.0001335,0.000166194,0.000275174,0.000555798,0.00116064,0.0035255,0.0353395,0.931471,0.0237277,0.00193439,0.000705645,0.000258827,0.000185266,0.000141674,0.000103531,
0.000137047,0.000100278,7.01949e-05,0.000106964,8.02228e-05,0.000100278,0.000116992,0.00023064,0.000304178,0.000484679,0.00159777,0.00331253,0.0417727,0.922441,0.0256245,0.00200891,0.000732033,0.000330919,0.00021727,0.00023064,
0.000145778,9.1535e-05,8.13645e-05,9.49252e-05,8.47547e-05,8.13645e-05,0.000101706,0.000155949,0.00017968,0.000328848,0.000891619,0.000972984,0.00267825,0.0344884,0.929877,0.0265384,0.00191207,0.000681428,0.000410213,0.000203411,
0.000266438,0.000198412,9.63713e-05,7.65302e-05,8.21991e-05,8.21991e-05,8.21991e-05,0.00012755,0.000136054,0.00020408,0.000753964,0.000476188,0.000907024,0.00229874,0.0339369,0.940131,0.0178004,0.00151076,0.000521539,0.00031179,
0.000379315,0.000206642,0.000186827,0.000141536,8.20906e-05,0.000101906,8.20906e-05,0.000107567,0.000172673,0.000152858,0.000919981,0.000302886,0.000444422,0.000786938,0.00228155,0.0236619,0.950058,0.0178222,0.00149179,0.000617095,
0.000719675,0.000411622,0.000308053,0.000215106,0.000185894,0.000257596,0.000249629,0.000260251,0.00038241,0.000470046,0.00144732,0.00050988,0.000536437,0.000592205,0.000945403,0.00211919,0.0233509,0.946779,0.0183876,0.00187222,
0.00192052,0.00087936,0.000546649,0.000404123,0.000354971,0.000380966,0.000468962,0.00056637,0.000775379,0.00121327,0.0029306,0.00107388,0.000803167,0.000772988,0.000816613,0.00112721,0.00240397,0.0252074,0.937315,0.0200382,
0.021904,0.0026773,0.00133953,0.000863265,0.000663011,0.000550845,0.000525006,0.000499754,0.000562003,0.000705294,0.00168542,0.000591953,0.000580208,0.000574923,0.00073172,0.00103357,0.00186277,0.00393226,0.0377617,0.920955,


0.930354,0.0245007,0.00312675,0.00115503,0.00073502,0.000530847,0.000315008,0.000180838,0.00025084,0.000256674,0.00063585,0.000169171,0.000175005,0.000198339,0.000274174,0.000390844,0.00063585,0.00124837,0.00288174,0.031985,
0.0272876,0.937647,0.0213034,0.00238487,0.00103827,0.000569474,0.000462501,0.000440477,0.00049711,0.000761397,0.00169269,0.000487671,0.000355528,0.000333504,0.000324065,0.000346089,0.000377552,0.000578913,0.000921856,0.0021898,
0.00185394,0.0250846,0.946893,0.0181224,0.00233189,0.000986334,0.000593627,0.00040184,0.000252672,0.000155256,0.00120552,0.000112637,9.74157e-05,9.43715e-05,0.000112637,0.000164389,0.000191787,0.000261805,0.000362265,0.000721485,
0.000883025,0.00215662,0.0297766,0.934164,0.0248351,0.00315851,0.00131605,0.0005434,0.000424531,0.000326889,0.000785383,0.000144341,0.000148586,0.000127359,7.64156e-05,0.000118869,0.00013585,0.000165567,0.000267455,0.000445758,
0.000543807,0.00100937,0.00277177,0.056268,0.91552,0.0168559,0.00238186,0.00119525,0.000648851,0.000448273,0.000740062,0.000222191,0.000171615,0.00011758,0.000124929,0.000136168,0.000135303,0.000153027,0.000241644,0.000314699,
0.000189272,0.000326331,0.000750562,0.00196125,0.0357039,0.931056,0.0236982,0.00304141,0.00111605,0.000603713,0.000558027,0.000186009,0.000150112,0.000110953,6.2003e-05,8.15828e-05,6.52663e-05,0.000101163,7.83195e-05,0.000159902,
0.000106234,0.000152107,0.000287314,0.000593943,0.00179873,0.0291974,0.935253,0.0270413,0.00294799,0.00104061,0.000651889,0.000236612,0.000154522,0.000115891,6.27745e-05,7.00177e-05,5.79457e-05,7.48465e-05,7.72609e-05,7.96753e-05,
6.13542e-05,7.01191e-05,0.000150756,0.000215616,0.000522387,0.00156015,0.0313993,0.927565,0.0337553,0.00277496,0.000986926,0.000343584,0.000173545,0.000108685,6.13542e-05,6.48602e-05,5.78483e-05,3.68125e-05,3.68125e-05,5.43423e-05,
3.67705e-05,3.56214e-05,6.09011e-05,8.73298e-05,0.000165467,0.00039873,0.0013065,0.0366981,0.929249,0.0285189,0.0023694,0.00054696,0.000196492,0.000122951,4.94103e-05,4.25158e-05,3.79195e-05,2.06834e-05,1.95343e-05,3.67705e-05,
3.16981e-05,2.87264e-05,4.06132e-05,6.63679e-05,8.71698e-05,0.000154528,0.000383349,0.00155816,0.0402021,0.921893,0.0329472,0.00174538,0.000440802,0.000148585,7.92453e-05,6.14151e-05,3.66509e-05,3.26887e-05,2.2783e-05,3.96226e-05,
4.4262e-05,5.58087e-05,5.51672e-05,7.24871e-05,9.04485e-05,0.000119315,0.000181539,0.000388095,0.00133107,0.0358651,0.948358,0.0118744,0.000794151,0.000286741,0.000141767,9.81463e-05,6.92797e-05,7.05627e-05,5.64501e-05,4.74694e-05,
5.31604e-05,4.5566e-05,3.98703e-05,6.07547e-05,8.73349e-05,0.000125307,0.000155684,0.000334151,0.000949293,0.00372123,0.054309,0.918304,0.0189707,0.00172581,0.000508821,0.000225932,0.000146191,9.68278e-05,8.35378e-05,5.69576e-05,
6.79224e-05,5.97717e-05,6.52055e-05,8.15069e-05,7.06393e-05,0.000141279,0.000135845,0.000274407,0.000527078,0.00115468,0.00368683,0.0344747,0.931146,0.0248406,0.00192356,0.000635754,0.000317877,0.000179315,0.000127694,8.96576e-05,
0.0001229,0.000116257,0.000112935,8.63621e-05,9.6327e-05,8.96837e-05,0.000146151,0.000252443,0.000378665,0.000790545,0.0016907,0.00337144,0.0398096,0.923912,0.0254469,0.0020594,0.000707505,0.000372021,0.000275694,0.000162759,
0.000111707,9.81667e-05,9.47816e-05,7.78563e-05,8.12414e-05,9.47816e-05,0.000118477,0.000142172,0.000264034,0.000331736,0.000859804,0.00110014,0.00280283,0.0348187,0.928778,0.0272531,0.0017907,0.000619465,0.000348661,0.000213259,
0.000177729,0.000146697,0.000115665,8.74538e-05,0.000121307,8.74538e-05,7.61694e-05,9.5917e-05,0.000169265,0.00023415,0.00104662,0.000536007,0.000843506,0.00236689,0.0339518,0.939228,0.0182694,0.00152621,0.000623461,0.000296214,
0.000363509,0.00030244,0.00016576,0.000104691,0.000104691,0.000127955,0.000101783,9.30584e-05,0.000125047,0.000154128,0.00116905,0.000351877,0.000444936,0.000837526,0.00210545,0.0232559,0.9504,0.0176288,0.00156164,0.000601972,
0.000780796,0.000486514,0.000308521,0.00017562,0.000156634,0.000147141,0.000234951,0.000234951,0.000289535,0.000412944,0.00154735,0.000491261,0.000441423,0.000640775,0.000861486,0.00221898,0.0234452,0.946279,0.0189361,0.00191046,
0.00217357,0.00102286,0.000516346,0.000349148,0.000231126,0.000226209,0.000191786,0.000172115,0.000157363,0.00014261,0.00119005,0.000275385,0.000368819,0.000388489,0.000624533,0.00114088,0.00270959,0.0349247,0.931346,0.0218488,
0.0274911,0.0034238,0.00117004,0.000676129,0.000489115,0.0004028,0.00049391,0.000469934,0.000843963,0.00106934,0.0021147,0.00079601,0.000743263,0.00069531,0.000580224,0.000834372,0.00147214,0.00356766,0.0311307,0.921535,


0.931386,0.0242362,0.00346231,0.00133675,0.00055397,0.000457627,0.000289028,0.000234835,0.000204728,0.000216771,0.000698484,0.000162578,0.0001686,0.000138492,0.000222792,0.000301071,0.000632248,0.00133073,0.00275781,0.031209,
0.0271207,0.952431,0.01336,0.00111558,0.000643768,0.00048176,0.00031691,0.000187588,0.000136428,0.000160587,0.0012648,9.66362e-05,9.80573e-05,0.000125059,0.000137849,0.000147797,0.00021601,0.000375176,0.00048176,0.00110279,
0.00182007,0.0246222,0.951875,0.0140664,0.00146821,0.000840729,0.00055446,0.000399155,0.000273985,0.000248487,0.00139009,0.00016759,0.000125634,0.000130966,0.000151827,0.000153914,0.000210472,0.000292992,0.000451078,0.000756819,
0.00103674,0.00216892,0.0285082,0.935245,0.0248428,0.0031189,0.00124496,0.000633323,0.000390405,0.000329675,0.000776472,0.000151824,0.000125797,9.97701e-05,0.000112784,0.000169175,0.000164838,0.000169175,0.000273283,0.000438121,
0.000359115,0.000682674,0.00197691,0.0287043,0.934143,0.0272323,0.00305781,0.0011449,0.000682674,0.000327115,0.000576006,0.000149335,0.000113779,0.000117335,6.75563e-05,7.11119e-05,8.88898e-05,0.000106668,0.000202669,0.000195558,
0.000153035,0.000328862,0.000752149,0.00199596,0.0343286,0.931678,0.024352,0.00288812,0.00130893,0.000576322,0.000547017,0.000227924,0.00014001,0.00010745,0.000113962,9.76817e-05,9.44256e-05,9.44256e-05,0.000117218,9.76817e-05,
0.000143973,0.000141402,0.000303372,0.000609314,0.0018408,0.0270875,0.935341,0.028828,0.00301572,0.00107466,0.000645307,0.000254524,0.000131118,0.00013626,5.91317e-05,8.48412e-05,6.42736e-05,4.8848e-05,8.48412e-05,0.000105409,
6.31323e-05,6.65448e-05,0.000138209,0.000274711,0.000503352,0.00156636,0.0312846,0.927529,0.033827,0.00277953,0.0010613,0.000310543,0.000151859,0.000119439,8.36076e-05,5.11883e-05,3.41256e-05,4.60695e-05,5.28946e-05,5.63072e-05,
4.24347e-05,4.0141e-05,4.35816e-05,8.83101e-05,0.000164005,0.000395675,0.00126731,0.035597,0.929977,0.0289818,0.00228345,0.000567708,0.000222496,9.17508e-05,5.73442e-05,4.24347e-05,2.75252e-05,4.0141e-05,2.86721e-05,4.12879e-05,
3.86254e-05,4.65485e-05,2.97118e-05,6.5366e-05,8.91355e-05,0.000182233,0.000359513,0.00162524,0.0390245,0.922452,0.0335219,0.00174309,0.000367436,0.000168367,8.41835e-05,5.74429e-05,3.7635e-05,3.7635e-05,3.46638e-05,3.46638e-05,
7.36362e-05,5.76283e-05,6.9154e-05,7.29959e-05,8.26006e-05,0.000124861,0.000180569,0.000385469,0.00132545,0.034707,0.949057,0.0122697,0.000811919,0.000267011,0.000131905,8.83634e-05,8.45215e-05,8.58022e-05,6.21105e-05,6.27508e-05,
5.21228e-05,4.054e-05,5.79143e-05,5.01924e-05,7.14276e-05,0.000117759,0.000183395,0.000378373,0.000994195,0.00368721,0.05298,0.919445,0.0190712,0.0017104,0.000503854,0.000233588,0.000181465,0.000104246,8.30105e-05,5.40533e-05,
7.34174e-05,8.70133e-05,5.98216e-05,7.34174e-05,8.70133e-05,0.000106047,0.00016315,0.000285512,0.000557429,0.00117196,0.00343431,0.0334702,0.931803,0.0253018,0.00205025,0.000622689,0.000288231,0.000176746,9.24516e-05,9.51708e-05,
0.000110311,7.68832e-05,0.000116996,0.000123682,6.01695e-05,0.000123682,0.000183851,0.000203908,0.000280791,0.000481356,0.00138724,0.00328258,0.0402032,0.923428,0.026508,0.00201568,0.000725376,0.000310876,0.000244021,0.00013371,
0.000171447,6.85789e-05,8.22946e-05,5.14342e-05,6.85789e-05,6.51499e-05,8.57236e-05,0.000178305,0.000233168,0.000298318,0.000709791,0.000966962,0.00257857,0.0330619,0.929964,0.0283848,0.00177276,0.000658357,0.00042176,0.000178305,
0.000139323,0.000163554,8.48056e-05,7.8748e-05,7.26905e-05,0.000121151,7.26905e-05,0.000115093,0.000178697,0.000257445,0.000742049,0.000411913,0.000923775,0.00243513,0.0336163,0.938892,0.0191267,0.00164159,0.000575466,0.000351337,
0.000385139,0.000283629,0.000197048,9.25528e-05,0.000107481,8.95672e-05,7.16538e-05,0.00010151,0.000125394,0.000194062,0.00118229,0.00036424,0.000516504,0.000818047,0.00200929,0.0239771,0.948756,0.0186568,0.00138232,0.000689668,
0.000936778,0.000503981,0.000341682,0.000281887,0.000205009,0.000244872,0.000244872,0.000298972,0.000361613,0.00065489,0.00174827,0.000640653,0.000597943,0.000649195,0.00115318,0.00238608,0.023408,0.944465,0.0190288,0.00184793,
0.00215735,0.00100044,0.000483625,0.000275003,0.000180174,0.000256037,0.000142243,0.00013276,0.000189657,0.000175433,0.00110949,0.000208623,0.000303451,0.000445694,0.000678024,0.00106208,0.00284011,0.0251296,0.942458,0.0207722,
0.0137904,0.000895892,0.000462507,0.00029806,0.000259518,0.000185859,0.000142178,0.000169586,0.000167016,0.000238962,0.00164618,0.000202989,0.000202989,0.000195281,0.000320329,0.000324611,0.000470215,0.000948995,0.0147531,0.964325,


0.915484,0.019425,0.00254577,0.0012721,0.000839672,0.000648444,0.000507974,0.000488694,0.000524106,0.000624442,0.00129256,0.000400949,0.000360421,0.000350191,0.000421016,0.000566601,0.000834163,0.0013567,0.00363058,0.0484263,
0.0271599,0.941821,0.0187622,0.00199166,0.00094381,0.000495438,0.000463235,0.000418645,0.000428554,0.000579663,0.00173651,0.000341852,0.000279923,0.000314603,0.00022047,0.000270014,0.000381487,0.000510301,0.000857108,0.00202387,
0.0013436,0.0248535,0.951293,0.0160442,0.00170033,0.000685686,0.000435763,0.000269148,0.000241379,0.000132438,0.00110863,0.000102533,6.62189e-05,7.04911e-05,0.000108941,0.000115349,0.000183704,0.000281965,0.000328959,0.00063442,
0.000821633,0.00216797,0.02724,0.936539,0.0247751,0.00307095,0.00140328,0.000622326,0.000414884,0.000235914,0.00084197,0.0001627,0.000170834,0.000174902,0.000138295,0.000101687,0.000191172,0.000191172,0.000260319,0.000475896,
0.000373498,0.00085371,0.00193508,0.0283289,0.93457,0.0273152,0.00293107,0.00110271,0.000604711,0.000359269,0.000533569,0.000177856,0.000120942,0.000110271,7.82567e-05,0.000110271,6.04711e-05,0.000103157,0.000145842,0.00018497,
0.000212135,0.000349206,0.000639668,0.00206913,0.0333508,0.932473,0.0242454,0.0031657,0.00123038,0.000531969,0.000665777,0.000208871,0.000166444,9.79083e-05,0.000110963,8.48539e-05,6.20086e-05,0.000107699,0.000120754,0.000107699,
9.78106e-05,0.000169882,0.000337189,0.000607455,0.0018584,0.0263136,0.935239,0.0296726,0.00299094,0.00103988,0.000692396,0.000252248,0.000157012,0.000120976,5.40532e-05,7.97928e-05,5.14793e-05,7.97928e-05,0.000100385,8.49408e-05,
7.97612e-05,8.68511e-05,0.000113438,0.000271188,0.000498064,0.00147115,0.0302206,0.927387,0.0351782,0.00281291,0.000955362,0.000343859,0.000203834,9.57135e-05,6.0264e-05,3.19045e-05,4.43118e-05,5.67191e-05,4.07668e-05,4.78567e-05,
3.67579e-05,3.44606e-05,5.51369e-05,9.64896e-05,0.000170006,0.000364133,0.00129916,0.0346306,0.930021,0.0298015,0.00235251,0.000564005,0.000194128,0.000117166,6.31777e-05,5.05422e-05,5.16909e-05,2.29737e-05,3.79066e-05,3.67579e-05,
2.17931e-05,3.56615e-05,4.55674e-05,6.83511e-05,8.32101e-05,0.000181279,0.000400201,0.00155226,0.0380706,0.922359,0.0344817,0.00185341,0.000375436,0.000188213,8.22195e-05,5.74546e-05,3.96239e-05,3.86333e-05,2.47649e-05,4.06144e-05,
5.19262e-05,5.51315e-05,5.76957e-05,7.0517e-05,8.39794e-05,0.000130136,0.000182703,0.000348098,0.00134239,0.0336943,0.95008,0.0123475,0.000771841,0.000284632,0.000125007,0.000109622,7.75687e-05,7.62866e-05,5.44904e-05,5.57726e-05,
3.49909e-05,3.69349e-05,6.415e-05,7.58137e-05,6.02622e-05,0.000112749,0.000171067,0.000386844,0.00097197,0.00359629,0.0526147,0.919678,0.0194005,0.00171067,0.000505425,0.000198282,0.000147739,9.52531e-05,8.16455e-05,5.63743e-05,
7.59594e-05,7.59594e-05,8.13851e-05,5.69695e-05,7.86722e-05,0.000103088,0.000165483,0.000255007,0.00048831,0.00122891,0.00367318,0.0332377,0.931514,0.0257231,0.00182574,0.000694486,0.000360807,0.00016277,0.000111226,8.68107e-05,
0.000126926,9.68646e-05,9.68646e-05,7.68236e-05,8.3504e-05,0.000126926,0.000136946,0.000190389,0.000330676,0.000581188,0.00144629,0.00316981,0.0383717,0.924172,0.0275095,0.00208092,0.000691413,0.000370758,0.00020041,0.000140287,
0.000150826,6.51296e-05,6.17017e-05,6.17017e-05,7.19854e-05,8.2269e-05,0.00011312,0.000174822,0.000229668,0.000260518,0.000832973,0.00103865,0.00266003,0.0331064,0.928954,0.0288558,0.00197103,0.000706142,0.000335932,0.000267374,
0.000228867,0.000123712,7.73199e-05,8.35055e-05,9.89695e-05,9.27839e-05,9.27839e-05,0.000108248,0.000163918,0.000253609,0.000640209,0.000504126,0.000986602,0.00247424,0.0339929,0.937838,0.0194908,0.00169795,0.000643302,0.000408249,
0.000346169,0.000264525,0.000179616,9.47066e-05,0.000120833,0.000127364,9.79723e-05,9.79723e-05,0.000146958,0.000137161,0.00101891,0.000388623,0.000476799,0.00101891,0.00227622,0.0235297,0.947471,0.0197447,0.00171452,0.000747855,
0.000905504,0.000484765,0.000292688,0.000292688,0.000204272,0.000219516,0.000207321,0.000246956,0.000429886,0.000676842,0.00173479,0.000548791,0.00057623,0.000695135,0.000948188,0.00246956,0.0234699,0.941194,0.0222961,0.00210675,
0.00234908,0.00106316,0.000561957,0.000415139,0.00022782,0.000187319,0.000136692,0.000111379,0.000182256,0.000167068,0.00105304,0.00028351,0.000369575,0.000470829,0.000637897,0.00116442,0.00271866,0.0256222,0.940853,0.0214252,
0.0265789,0.00324398,0.00132936,0.00074411,0.000501647,0.000468204,0.000555992,0.000560173,0.000572714,0.000894604,0.00204421,0.000869522,0.000656322,0.000555992,0.00064378,0.000781733,0.00133355,0.0034112,0.0372807,0.916973,


0.931932,0.0252883,0.00289216,0.00139788,0.000747141,0.000476001,0.000265115,0.000210887,0.000210887,0.000192811,0.000753166,0.00018076,0.000192811,0.000186785,0.00027114,0.000403697,0.000584457,0.00119904,0.00268127,0.0299338,
0.0271275,0.943343,0.0181377,0.00179932,0.000887243,0.000575692,0.000410886,0.000413144,0.00042669,0.000596011,0.00170224,0.000367992,0.00023705,0.000239307,0.000255111,0.000207701,0.000300263,0.00048313,0.000665997,0.00182415,
0.00215206,0.0250668,0.942593,0.0214342,0.00265866,0.00121348,0.000632265,0.000369149,0.000306315,0.000235627,0.000867892,0.000192429,0.000137449,0.000125668,0.00012174,0.000196356,0.000200283,0.000255262,0.000404493,0.000836475,
0.00105095,0.00253269,0.0373999,0.92585,0.0252266,0.00290776,0.00112523,0.000720442,0.000441921,0.000259953,0.000549616,0.000152258,0.00013369,0.00013369,0.000129977,0.000155972,0.000148545,0.000237672,0.000341653,0.000501339,
0.000376724,0.000700138,0.00204,0.0278101,0.934148,0.0281335,0.00305644,0.00123324,0.000572194,0.000305644,0.000589964,0.000138606,0.000113728,0.000103066,6.7526e-05,8.5296e-05,7.108e-05,0.000135052,0.000103066,0.000216794,
0.000210891,0.000399071,0.000687829,0.00200833,0.0325908,0.932589,0.0250344,0.00301088,0.00120695,0.00062294,0.000629429,0.000191424,0.000146002,0.00015249,9.73343e-05,8.76009e-05,7.78675e-05,6.16451e-05,8.76009e-05,0.000107068,
9.52813e-05,0.000180262,0.000278118,0.000597439,0.00162751,0.0264058,0.934828,0.0303587,0.00296402,0.00108157,0.000690145,0.000231765,0.000175112,9.01309e-05,7.21047e-05,5.40786e-05,3.86275e-05,6.95296e-05,7.72551e-05,8.49806e-05,
3.96035e-05,7.74068e-05,0.000147613,0.000252022,0.00056705,0.00152833,0.0288385,0.927513,0.0361166,0.00292526,0.00105309,0.000325828,0.000185416,0.000126011,6.8406e-05,6.12053e-05,2.3402e-05,3.24028e-05,5.7605e-05,6.12053e-05,
2.98994e-05,3.67993e-05,4.48491e-05,0.000104648,0.000204696,0.000409392,0.00135237,0.0338542,0.929813,0.0306596,0.0023747,0.000577289,0.000220796,0.000106948,6.78487e-05,4.02492e-05,3.90992e-05,2.75995e-05,1.83996e-05,1.72497e-05,
3.56164e-05,3.06697e-05,4.45206e-05,6.43075e-05,9.20092e-05,0.000155327,0.000404642,0.00157207,0.0368897,0.922781,0.0352464,0.00184513,0.000396728,0.000177093,8.11264e-05,5.24353e-05,4.74886e-05,3.16591e-05,3.16591e-05,2.07763e-05,
5.83427e-05,5.32137e-05,6.53951e-05,7.24475e-05,8.0141e-05,0.000117968,0.000189774,0.000340439,0.00132329,0.032568,0.950885,0.0125982,0.000867447,0.000278891,0.000140407,8.9758e-05,7.94999e-05,7.37298e-05,5.77016e-05,6.02661e-05,
5.25422e-05,6.42182e-05,5.64342e-05,5.64342e-05,7.78402e-05,0.000110922,0.000196547,0.000430067,0.000955489,0.00367601,0.0508219,0.920854,0.0198726,0.00161129,0.00054099,0.000223791,0.00015568,0.00010703,6.81102e-05,6.81102e-05,
7.07033e-05,6.79839e-05,6.79839e-05,7.88614e-05,7.6142e-05,0.00012509,0.000171319,0.000288252,0.000500362,0.00121827,0.00364666,0.0319688,0.931758,0.0267503,0.00186004,0.00063361,0.000310007,0.000165881,0.000122371,0.000119652,
0.000129591,7.31028e-05,0.000126268,8.30714e-05,6.31342e-05,0.000122946,0.000132914,0.000192726,0.00037216,0.000637988,0.0016714,0.00364185,0.0381397,0.923249,0.027799,0.00210337,0.000737674,0.000375483,0.000229277,0.000119623,
0.000105356,7.34036e-05,5.35415e-05,2.84979e-05,5.87229e-05,7.51308e-05,7.68579e-05,7.34036e-05,0.000128672,0.000215893,0.00124786,0.000494827,0.00101901,0.0171298,0.961649,0.01623,0.000637316,0.00033852,0.000226256,0.000138172,
0.000197787,0.000116161,0.00012244,7.22081e-05,8.16265e-05,8.79055e-05,0.000103603,0.000125579,0.000147556,0.00018209,0.000879055,0.000436388,0.000869636,0.00249589,0.0336364,0.938039,0.0198415,0.00166079,0.000612199,0.000291972,
0.000395622,0.000273638,0.000201108,0.000151655,0.00011539,9.23117e-05,7.91244e-05,8.90149e-05,0.000112093,0.000158249,0.00114401,0.000319794,0.0004187,0.000952789,0.00241659,0.0235494,0.94733,0.0198866,0.00157919,0.000735197,
0.000890079,0.00040259,0.000309474,0.000251961,0.000194448,0.000188971,0.000243745,0.000391635,0.000419022,0.000547741,0.00178564,0.000602515,0.000492967,0.000736712,0.00111191,0.00254426,0.0233721,0.943481,0.0201021,0.00193079,
0.00229324,0.00100393,0.000575858,0.000356726,0.000219132,0.000188555,0.000193651,0.000163075,0.000101922,0.000264997,0.00096316,0.000214036,0.000315957,0.000484128,0.000744029,0.00113133,0.00279775,0.0253174,0.940371,0.0223005,
0.0272236,0.0028591,0.00138026,0.000557246,0.000458657,0.000424365,0.000428651,0.000424365,0.000582965,0.000784431,0.0017789,0.000557246,0.000462943,0.000561533,0.000505808,0.000754426,0.0012088,0.00287196,0.0281838,0.927991,


0.930991,0.0260046,0.00310996,0.00142565,0.000751925,0.00044514,0.000312801,0.000264678,0.000246631,0.000228585,0.000619586,0.000240616,0.000192493,0.000180462,0.000288739,0.000354909,0.00060154,0.00120308,0.00279716,0.0297401,
0.0269611,0.94083,0.0193322,0.00215179,0.000978321,0.00070512,0.000439724,0.000356463,0.00048916,0.000603645,0.00169385,0.000486559,0.000304424,0.00029922,0.00025759,0.000262794,0.000359065,0.000546403,0.0008144,0.00212837,
0.00146758,0.0246965,0.950082,0.0165479,0.00183577,0.000926528,0.000499564,0.00029559,0.000214346,0.00017286,0.00112013,0.000129645,0.000121002,0.000126188,0.000126188,0.000157302,0.00018496,0.000290404,0.000397577,0.000608466,
0.000798672,0.00217519,0.0278137,0.936044,0.0252741,0.00279719,0.00122929,0.000662493,0.000460065,0.000294441,0.00085388,0.000114096,0.000125138,9.93739e-05,9.93739e-05,0.000132499,0.000128818,0.000176665,0.000316524,0.000404857,
0.000348157,0.000788683,0.00207473,0.0267442,0.934873,0.0286235,0.00282789,0.00109776,0.000689209,0.000312631,0.000515131,0.000188289,8.88156e-05,6.74999e-05,7.10525e-05,0.000103026,0.000110131,9.23683e-05,0.000124342,0.000259342,
0.000180745,0.00029807,0.000729321,0.00196917,0.0316937,0.933638,0.0250601,0.0030568,0.00122716,0.000535892,0.000650047,0.000215625,0.000117325,0.000104642,8.56159e-05,5.07353e-05,8.24449e-05,7.9274e-05,8.56159e-05,0.000139522,
0.000107108,0.000173753,0.000304663,0.000621227,0.00172563,0.0264819,0.934621,0.0302069,0.00303235,0.00105918,0.00065931,0.000288002,0.000152332,9.99676e-05,8.09262e-05,8.56865e-05,4.99838e-05,7.14054e-05,7.37856e-05,0.000104728,
8.91031e-05,0.000120255,0.000182329,0.000325719,0.00079162,0.00262568,0.0701688,0.901835,0.0179553,0.00324207,0.00136747,0.000459488,0.00024028,0.000146596,8.84159e-05,7.53597e-05,6.52812e-05,6.66555e-05,7.39853e-05,8.03989e-05,
3.83696e-05,4.93323e-05,4.65916e-05,0.000101405,0.000169009,0.000414757,0.0014553,0.0348332,0.930902,0.0285963,0.00222635,0.000563667,0.000236612,0.000124244,6.669e-05,4.11103e-05,4.56781e-05,2.9234e-05,2.83204e-05,3.19747e-05,
3.06939e-05,2.87136e-05,4.05951e-05,5.34668e-05,0.000104953,0.000168321,0.000372287,0.00152182,0.0358138,0.922557,0.036599,0.00182975,0.000466349,0.000149509,8.21804e-05,5.04964e-05,3.46544e-05,3.36643e-05,2.3763e-05,3.86149e-05,
5.37731e-05,5.05723e-05,5.50534e-05,7.36179e-05,9.60234e-05,0.000113308,0.00016644,0.000361048,0.00131296,0.031696,0.951454,0.0129555,0.000839244,0.000261184,0.000140194,0.000104986,8.12998e-05,7.23376e-05,6.33754e-05,4.86518e-05,
4.86933e-05,4.67455e-05,6.81706e-05,6.23274e-05,5.25887e-05,0.000130498,0.000169453,0.000346696,0.000921277,0.00377665,0.0493925,0.92205,0.0201473,0.00164973,0.000547312,0.000227884,0.000136341,9.34911e-05,6.23274e-05,7.01183e-05,
9.8113e-05,8.17608e-05,4.90565e-05,6.26833e-05,5.72326e-05,0.000103564,0.000138993,0.000267085,0.000525994,0.00120461,0.00363836,0.0314289,0.931915,0.0271882,0.0019023,0.000583227,0.000351571,0.000190775,0.000125367,8.72115e-05,
0.000124097,9.39115e-05,8.04956e-05,6.03717e-05,8.04956e-05,9.05575e-05,9.05575e-05,0.000221363,0.000342106,0.000610425,0.0015596,0.00318964,0.0369072,0.924438,0.0285424,0.00216332,0.000727814,0.000358876,0.000174407,0.000144221,
0.000109631,7.53714e-05,9.59272e-05,8.90753e-05,6.85194e-05,7.19454e-05,8.56493e-05,0.000113057,0.000232966,0.000332319,0.000767418,0.0010415,0.00271337,0.0311215,0.929219,0.030659,0.00202475,0.000674916,0.000311763,0.000191854,
0.000226743,0.000111729,0.000121587,0.000105156,0.00010187,9.20117e-05,8.21533e-05,0.000131445,0.000157734,0.000236602,0.000736094,0.000538926,0.000920117,0.00273406,0.0341495,0.935999,0.0207322,0.00182709,0.000650654,0.000345044,
0.000471894,0.000255609,0.00014419,0.00011142,0.000127805,0.000131082,0.000121251,0.000140913,0.000124528,0.000154021,0.000950343,0.000412908,0.000527604,0.000970005,0.00231687,0.0235816,0.947053,0.0201047,0.00161558,0.000684902,
0.00100328,0.000592413,0.000382202,0.000232506,0.000168806,0.000171991,0.000251616,0.000356722,0.000394942,0.000665669,0.00176131,0.000598783,0.000605153,0.000726184,0.00102876,0.00254801,0.0235628,0.940883,0.0220021,0.00206389,
0.00219334,0.00114761,0.000648884,0.000434377,0.000268134,0.000193056,0.000246683,0.000134067,0.000176968,0.000225232,0.000949194,0.000289585,0.000423652,0.000423652,0.000605983,0.0012066,0.00278323,0.0253065,0.938785,0.0235582,
0.0273879,0.00278175,0.00118712,0.000810606,0.000398659,0.000398659,0.000451813,0.00048282,0.000606847,0.00103651,0.00209074,0.000695438,0.000571411,0.000527115,0.000571411,0.000753022,0.00125356,0.00313169,0.0278618,0.927001,


0.931896,0.025819,0.00325363,0.0011886,0.000738371,0.000444223,0.000252127,0.000228115,0.00018009,0.000240121,0.00061831,0.000174087,0.000192096,0.000228115,0.000282142,0.00037819,0.000726365,0.00113457,0.00281541,0.0292107,
0.0269057,0.935768,0.0220601,0.00239377,0.00118076,0.000735553,0.000554891,0.000554891,0.000580699,0.000935571,0.00210342,0.000496821,0.000396811,0.000296802,0.000277445,0.000296802,0.000432299,0.000645222,0.000977511,0.00240668,
0.00185859,0.0249882,0.942291,0.0219539,0.0026579,0.0010748,0.000613064,0.000399655,0.000279371,0.00025997,0.00100884,0.000147446,9.70038e-05,0.000147446,0.000166846,0.000151326,0.000186247,0.000353094,0.000477258,0.000888554,
0.000842039,0.00204166,0.0250958,0.938739,0.0254996,0.00290676,0.00103429,0.000680552,0.000303749,0.000319129,0.000838194,0.000153797,9.61232e-05,0.000130727,0.000123038,0.000126883,0.000126883,0.000211471,0.000326819,0.000403717,
0.000365522,0.00072769,0.00179407,0.0260459,0.936644,0.0280915,0.00261231,0.00111333,0.000583493,0.000335341,0.000566726,0.000154257,9.38955e-05,9.38955e-05,7.3775e-05,8.71886e-05,0.000110662,0.000110662,0.000117369,0.000278333,
0.000200173,0.000360918,0.000639947,0.00203812,0.0300077,0.935481,0.0248821,0.0029662,0.00112521,0.000573222,0.000709704,0.000266897,0.000127383,0.000121317,7.27901e-05,6.97572e-05,8.49218e-05,7.8856e-05,9.09877e-05,0.000103119,
0.00011574,0.000172323,0.000336931,0.000617278,0.00172066,0.0252209,0.935011,0.0313963,0.00280861,0.0009825,0.000655857,0.000236623,0.000192899,0.000136315,7.45877e-05,6.94437e-05,5.65838e-05,6.17278e-05,6.68717e-05,6.68717e-05,
6.92111e-05,8.5183e-05,0.000138422,0.000250225,0.000505774,0.0014765,0.027507,0.926915,0.0382383,0.00292994,0.000931689,0.000337183,0.000195211,0.000110028,7.45351e-05,5.14647e-05,4.43661e-05,4.79154e-05,4.96901e-05,4.25915e-05,
3.88095e-05,5.39021e-05,4.95899e-05,0.000101336,0.000157394,0.000369768,0.00124729,0.0326463,0.931346,0.0306164,0.00226173,0.000568128,0.000205906,0.000103492,6.57605e-05,4.20436e-05,3.98875e-05,1.94047e-05,3.44973e-05,3.23412e-05,
2.07396e-05,1.61308e-05,2.56776e-05,3.23713e-05,5.93657e-05,0.000114891,0.000301108,0.00130769,0.0706226,0.916175,0.0100786,0.000816636,0.000199824,8.73477e-05,4.30155e-05,2.7982e-05,2.20564e-05,1.73379e-05,1.47043e-05,1.71184e-05,
5.12985e-05,5.89933e-05,5.96345e-05,7.11767e-05,9.04136e-05,0.000119269,0.000163514,0.00036999,0.00130939,0.0308464,0.95191,0.0133376,0.000823982,0.000283424,0.000151972,9.87496e-05,7.37416e-05,6.0917e-05,6.60468e-05,5.32222e-05,
1.28379e-05,1.34798e-05,1.26453e-05,1.52771e-05,1.81656e-05,2.86927e-05,4.62165e-05,9.3781e-05,0.000299188,0.00128264,0.0712521,0.919357,0.00654053,0.000683747,0.000177548,7.5166e-05,3.56894e-05,2.29157e-05,1.91285e-05,1.34156e-05,
7.06516e-05,7.88037e-05,5.97821e-05,6.52169e-05,8.69558e-05,0.000130434,0.000171194,0.000233694,0.000538039,0.00115488,0.00357606,0.0312226,0.931688,0.0276193,0.00192933,0.000649451,0.000293476,0.000171194,0.000157607,0.00010326,
0.000125843,0.000102662,0.000129155,9.60383e-05,0.000102662,0.00015896,0.000175518,0.000208635,0.00035766,0.000788176,0.00156311,0.00362296,0.0352758,0.924974,0.0290036,0.00189758,0.000688826,0.00033779,0.000235128,0.000155648,
0.00014361,0.000116256,0.000116256,8.89017e-05,7.18052e-05,0.000105998,8.89017e-05,0.000116256,0.000218835,0.000328252,0.000861662,0.00110101,0.00271492,0.0308899,0.9288,0.0311156,0.00192164,0.000642827,0.000345349,0.000211996,
0.000135972,7.93795e-05,7.00407e-05,6.76126e-05,6.79862e-05,6.44375e-05,6.72391e-05,8.8905e-05,0.000109077,0.00017146,0.00071012,0.000343666,0.000589089,0.00169965,0.0340633,0.94676,0.0133819,0.000917627,0.000375792,0.000237205,
0.000375139,0.000199398,0.000118287,0.000125046,0.000138565,0.000148704,0.000121667,0.000108148,0.000145324,0.000239954,0.000976714,0.000388658,0.000473149,0.000878705,0.00259894,0.0234986,0.945689,0.0213187,0.00172361,0.000733381,
0.000599794,0.000355323,0.000308805,0.000211808,0.000202901,0.000193993,0.000222696,0.000330579,0.000375119,0.000488941,0.00172614,0.000602763,0.000566142,0.000678975,0.000829418,0.00197556,0.0234682,0.94706,0.0182531,0.00154996,
0.00213497,0.00112722,0.000612958,0.00041037,0.000259728,0.000197393,0.000176615,0.00018181,0.000109086,0.000207782,0.00100775,0.000187004,0.000316868,0.000389592,0.000675293,0.00115839,0.00273234,0.025391,0.939707,0.0230171,
0.0275711,0.00311355,0.00123008,0.000745412,0.000487739,0.000417186,0.000490807,0.000555225,0.000677927,0.000987748,0.00201844,0.000886519,0.000674859,0.000641116,0.000607373,0.000754615,0.00115953,0.00333748,0.0355037,0.91814,


0.932052,0.0267904,0.00323103,0.00140112,0.00069452,0.000507302,0.000326122,0.000253651,0.000199297,0.000229494,0.000676402,0.000157022,0.00025969,0.000211376,0.000332162,0.000380476,0.00060997,0.001075,0.00278412,0.0278291,
0.0287147,0.933977,0.0228575,0.00240251,0.00115795,0.000830775,0.000593411,0.000516428,0.000503597,0.00083719,0.00146589,0.000461898,0.000384915,0.000314347,0.000314347,0.00031114,0.000439445,0.000420199,0.000875682,0.00262063,
0.00194399,0.0242581,0.94392,0.0213383,0.00256667,0.00112767,0.000580919,0.000402466,0.000254389,0.000224014,0.000823917,0.000174655,0.000125296,6.45465e-05,9.49213e-05,0.00014428,0.000208827,0.00033792,0.000523966,0.000884667,
0.000861995,0.00210252,0.0250765,0.938881,0.0252115,0.00285957,0.00120304,0.000622135,0.000389772,0.000292329,0.000745813,0.000228616,0.000116182,9.36951e-05,0.000131173,0.000138669,0.000172399,0.000228616,0.000254851,0.000389772,
0.000362039,0.000724079,0.00201321,0.02538,0.937029,0.0281714,0.00261548,0.00114364,0.000517682,0.000311286,0.000571819,9.13557e-05,0.000148876,8.79722e-05,9.81228e-05,8.12051e-05,8.12051e-05,0.000135342,0.000189479,0.000246999,
0.000207198,0.000301655,0.000688628,0.00198971,0.0297877,0.935836,0.0251166,0.00278193,0.00106036,0.000578935,0.000645969,0.000185869,0.000118834,0.00011274,6.70345e-05,0.000131022,7.61756e-05,9.14107e-05,8.83637e-05,0.000134069,
0.000113345,0.000159713,0.000301393,0.000564147,0.00194746,0.0239337,0.935311,0.0317622,0.00307318,0.00104071,0.000723859,0.000319425,0.000164865,0.000121073,8.75844e-05,6.69763e-05,8.50084e-05,5.15202e-05,6.44003e-05,0.000108192,
4.68909e-05,0.000102799,0.000128048,0.000211009,0.000503175,0.00152936,0.0269045,0.926717,0.0390998,0.0027864,0.00106767,0.000315612,0.000165922,0.000115424,6.85328e-05,6.13188e-05,4.14804e-05,4.32839e-05,4.86944e-05,4.32839e-05,
3.21533e-05,4.36366e-05,5.62682e-05,7.92348e-05,0.000155025,0.000378949,0.00128269,0.0307936,0.930758,0.032933,0.00232307,0.000594835,0.000251485,9.99048e-05,5.62682e-05,3.55983e-05,4.01916e-05,2.75599e-05,2.18183e-05,3.67466e-05,
3.56774e-05,2.67581e-05,3.96416e-05,5.94624e-05,7.3337e-05,0.000158566,0.000387497,0.00156882,0.0341175,0.922689,0.0381303,0.00186811,0.000416237,0.000177396,7.13549e-05,5.74803e-05,4.26147e-05,3.66685e-05,1.68477e-05,2.67581e-05,
2.49223e-05,2.11121e-05,1.84973e-05,1.85865e-05,2.09639e-05,3.19232e-05,5.95092e-05,0.000171134,0.000960948,0.0594641,0.932089,0.00621728,0.000593078,0.000118638,4.89321e-05,2.94094e-05,2.67003e-05,2.82393e-05,2.88909e-05,2.76129e-05,
4.66714e-05,6.22285e-05,7.97302e-05,3.88928e-05,9.13981e-05,0.000110844,0.000196409,0.000355869,0.000964541,0.00372787,0.0464516,0.923554,0.0215797,0.00158294,0.000534776,0.000270305,0.000110844,9.13981e-05,7.77856e-05,7.19517e-05,
8.7187e-05,3.81443e-05,7.90133e-05,6.26657e-05,7.90133e-05,9.26362e-05,0.000160751,0.000226141,0.000509499,0.00110346,0.003512,0.0303656,0.932245,0.0282159,0.00194536,0.000623932,0.000286083,0.000152577,0.000114433,0.00010081,
7.27528e-05,6.06274e-05,5.51158e-05,5.62181e-05,7.38552e-05,7.71621e-05,8.04691e-05,0.000149915,0.000230384,0.000391322,0.00141648,0.00141427,0.0182896,0.958078,0.0177319,0.000908308,0.000401243,0.000206133,0.000188496,0.000117948,
