0.931185,0.0237347,0.00299459,0.00136227,0.000528103,0.00040808,0.000330065,0.000324064,0.000258051,0.000174034,0.00061212,0.000174034,0.000252049,0.000258051,0.00020404,0.000450088,0.000624122,0.00124824,0.00252049,0.0323583,
0.0271803,0.949758,0.014718,0.00153244,0.00078057,0.000436201,0.000330977,0.000239145,0.000216187,0.000206621,0.00122251,0.000164532,0.000132008,0.000105224,0.000164532,0.00018175,0.000221927,0.00040559,0.000625604,0.00137748,
0.00176073,0.024815,0.947676,0.0180467,0.00231642,0.000881982,0.000539528,0.000410299,0.000206765,0.000158305,0.000762446,0.000180919,0.00013569,0.000132459,0.000132459,0.000209996,0.000171227,0.000248764,0.000442607,0.000772138,
0.0013493,0.003145,0.0404853,0.92744,0.0181422,0.00267683,0.0013424,0.000864675,0.000613075,0.00039067,0.00104196,0.000226121,0.000163487,0.00016561,0.000166672,0.00018578,0.00022559,0.000305741,0.00040394,0.000665625,
0.000380975,0.000719225,0.00226805,0.0297268,0.934739,0.0254399,0.00290538,0.00108952,0.00061597,0.000356052,0.000512715,0.000153102,0.00013886,0.000110376,8.18919e-05,0.000110376,0.000128179,0.000121058,0.000185147,0.000217192,
0.000305652,0.00050384,0.00103781,0.00356203,0.0854557,0.887471,0.0153623,0.00272007,0.00117172,0.000596908,0.000592891,0.000220284,0.000148306,0.000118511,0.000103111,0.000103446,9.23986e-05,0.00011215,0.000145963,0.000176093,
0.000238634,0.000306502,0.000568781,0.00145545,0.00526746,0.076573,0.886594,0.0200781,0.00429103,0.00194279,0.00107188,0.000437423,0.000232066,0.000171203,0.000126104,0.000108589,0.000109903,0.000111217,0.000135737,0.000180398,
6.87564e-05,6.6947e-05,0.000128466,0.000238838,0.000506626,0.00144569,0.0322467,0.928081,0.0323752,0.00297281,0.000937258,0.000367304,0.000182747,8.86595e-05,7.78033e-05,5.60907e-05,3.25688e-05,2.89501e-05,5.2472e-05,4.52345e-05,
4.45682e-05,4.34254e-05,6.51381e-05,8.68508e-05,0.000158846,0.000381686,0.00126619,0.0384052,0.92891,0.027238,0.00227298,0.00054396,0.000222841,0.000122277,5.59959e-05,5.37104e-05,3.65688e-05,2.85693e-05,3.65688e-05,2.62838e-05,
8.745e-05,0.000110349,0.000127523,0.000188718,0.000355327,0.000663475,0.00189389,0.00849627,0.0709105,0.893763,0.019546,0.00205517,0.000767112,0.000356906,0.000213394,0.000130681,9.94916e-05,8.23175e-05,7.9159e-05,7.34343e-05,
0.000112363,0.000116699,0.000121355,0.000125444,0.000153898,0.000230564,0.000407793,0.00122,0.00688633,0.0594353,0.923733,0.00553891,0.000811545,0.00032243,0.00018962,0.000134978,0.000120616,0.00011219,0.000108766,0.00011798,
5.52335e-05,4.57105e-05,4.19013e-05,8.18979e-05,6.47565e-05,0.000112372,0.000177128,0.000394253,0.000998012,0.00349304,0.0576256,0.916104,0.0180252,0.00174462,0.000468532,0.000222838,0.000131418,9.14209e-05,6.09473e-05,6.09473e-05,
0.000271125,0.000210297,0.000167123,0.000146031,0.000166498,0.000227743,0.00038544,0.000858685,0.00227743,0.00807246,0.0208698,0.0730996,0.872933,0.0159144,0.00199943,0.000863789,0.000485901,0.000383721,0.000346953,0.000321069,
0.000270663,0.000226971,0.000178686,0.00015944,0.000156266,0.000194353,0.000283224,0.000501686,0.00108218,0.00278483,0.00570655,0.00762456,0.0428936,0.919444,0.0151005,0.00138323,0.000754318,0.000507291,0.000404847,0.000342921,
0.000290834,0.000233074,0.000189148,0.000161557,0.000157024,0.000177658,0.000229087,0.000338434,0.000612776,0.00128464,0.00295563,0.00253161,0.00341904,0.0338135,0.935744,0.0150507,0.00125205,0.000723373,0.00046943,0.000366962,
0.000386482,0.000287749,0.000224881,0.000186027,0.000179637,0.000190664,0.0002558,0.000348143,0.000535922,0.000906944,0.00229354,0.00137072,0.00176432,0.002585,0.0340981,0.935508,0.0161348,0.00147348,0.000751939,0.000517577,
0.000608857,0.00042778,0.000328843,0.000282292,0.000259515,0.000302649,0.000387209,0.000471626,0.000698114,0.00110696,0.00265281,0.0012422,0.00126426,0.0016398,0.00292357,0.0236362,0.938556,0.0202117,0.00204452,0.000954782,
0.000804936,0.000522293,0.000368378,0.000293074,0.000230491,0.000225657,0.000255931,0.000308593,0.000373975,0.000488457,0.00184876,0.000588184,0.000679769,0.000817402,0.0013542,0.00275775,0.0235665,0.945658,0.0172352,0.00162285,
0.00199415,0.00109114,0.000602007,0.000366848,0.000249269,0.000216346,0.000239862,0.000225753,0.000301004,0.000244565,0.00109114,0.000197534,0.000409177,0.000404474,0.000587898,0.00116169,0.00238922,0.0250303,0.94304,0.0201578,
0.0273872,0.00312276,0.00129166,0.000702744,0.000475095,0.00053943,0.000514686,0.000504788,0.000579022,0.00103432,0.00191028,0.000816569,0.000727489,0.000732438,0.000608715,0.00081162,0.00124217,0.0036028,0.0314503,0.921946,


0.930984,0.0240418,0.00300672,0.00131694,0.000799788,0.000390874,0.000354793,0.000282632,0.000216484,0.000222498,0.000727627,0.000228511,0.000210471,0.000240538,0.000240538,0.000517156,0.000625398,0.00119668,0.002682,0.0317149,
0.0270653,0.946137,0.0149967,0.0015399,0.000921046,0.00062946,0.000525264,0.000414542,0.000413319,0.000502834,0.00162881,0.000281187,0.000246931,0.000212879,0.000218588,0.000254883,0.000355205,0.000528526,0.000888625,0.00223869,
0.00219522,0.0260412,0.944517,0.0185545,0.00240819,0.00111727,0.000540613,0.000445596,0.000327644,0.000209692,0.000992762,0.000124505,0.000157269,0.000117952,0.000203139,0.000170375,0.000199863,0.000298156,0.000556995,0.000822387,
0.00104773,0.00218916,0.0289574,0.934892,0.0247026,0.00313894,0.00118828,0.000668674,0.000391835,0.000315171,0.000745337,0.00018314,0.000114995,0.000110736,0.000119254,0.000102218,0.000157586,0.000200176,0.000281099,0.000494052,
0.000244229,0.000366343,0.000756691,0.0169332,0.963102,0.0143093,0.00116583,0.000560473,0.000324594,0.00023066,0.00122949,0.000121071,7.72347e-05,5.32293e-05,6.1579e-05,7.41035e-05,8.66281e-05,7.72347e-05,9.28903e-05,0.000133595,
0.000215326,0.000345827,0.000724278,0.00209127,0.0358616,0.930437,0.0237054,0.00308634,0.00126259,0.000619878,0.000606828,0.000202276,0.000143551,8.48254e-05,8.48254e-05,0.000107663,8.48254e-05,7.83004e-05,0.000110926,0.000146813,
0.000134043,0.000198487,0.000299019,0.000587727,0.00177349,0.0280253,0.935551,0.0276077,0.00303401,0.00109812,0.00066506,0.000304175,0.000213953,0.00010311,6.44438e-05,6.1866e-05,6.1866e-05,5.67105e-05,6.95993e-05,9.02213e-05,
5.96454e-05,6.14528e-05,0.000130135,0.000265693,0.000504275,0.00151463,0.0317729,0.9285,0.0325284,0.00286298,0.000907333,0.000339798,0.000173514,9.03718e-05,7.59123e-05,6.14528e-05,3.43413e-05,3.07264e-05,4.1571e-05,4.51859e-05,
3.10828e-05,5.18046e-05,7.48289e-05,7.36777e-05,0.000168077,0.000390262,0.00133195,0.0371704,0.929389,0.0279331,0.00226789,0.000574456,0.000203765,0.000103609,7.36777e-05,4.60486e-05,3.56876e-05,2.53267e-05,2.64779e-05,2.87804e-05,
3.65992e-05,1.48375e-05,4.25342e-05,6.82525e-05,8.70467e-05,0.000170137,0.000410504,0.00154903,0.0411513,0.921474,0.0323052,0.00181512,0.000436223,0.000164202,8.70467e-05,5.63825e-05,4.748e-05,2.9675e-05,2.9675e-05,2.47292e-05,
5.63993e-05,5.70402e-05,6.72947e-05,7.69082e-05,8.39581e-05,0.000118567,0.00017048,0.000353137,0.0013241,0.036798,0.947608,0.0117106,0.000814586,0.000252515,0.000139717,9.93397e-05,8.01127e-05,6.98583e-05,5.1913e-05,6.72947e-05,
0.000206471,0.000165932,0.000133506,0.000126433,0.000149229,0.000245376,0.000533045,0.00134279,0.00502708,0.0320123,0.134765,0.801563,0.018564,0.00289633,0.000862441,0.000382716,0.00025771,0.000251855,0.000265705,0.00024915,
5.25936e-05,4.70574e-05,6.6434e-05,8.30425e-05,6.6434e-05,0.000135636,0.000168853,0.000276808,0.000567457,0.00116536,0.00355422,0.0358328,0.930718,0.0238969,0.00195703,0.000714165,0.000262968,0.00018823,0.000146708,9.96509e-05,
0.000138109,0.000101055,7.07385e-05,0.000104424,7.74755e-05,0.000101055,0.000114529,0.000229058,0.000299797,0.000488433,0.00157983,0.00332471,0.0396675,0.924391,0.0257724,0.00201436,0.000737702,0.000330113,0.00022569,0.000232427,
0.000146399,9.19249e-05,8.1711e-05,9.53295e-05,8.85203e-05,8.1711e-05,9.87342e-05,0.000153208,0.000177041,0.000330249,0.000905631,0.000983937,0.00269306,0.0339577,0.930277,0.0266106,0.00192361,0.000687735,0.00041196,0.000204278,
0.000266349,0.000192678,9.35056e-05,7.65046e-05,8.50051e-05,8.21716e-05,8.21716e-05,0.000121841,0.000138842,0.000204012,0.000750878,0.000478862,0.000912388,0.00229514,0.0338972,0.940193,0.0177831,0.00151592,0.000518531,0.000311685,
0.000381197,0.000203305,0.000180715,0.000141184,7.9063e-05,0.000101652,8.47103e-05,0.0001073,0.000172244,0.000152479,0.000926166,0.000310605,0.000448965,0.000787806,0.00227871,0.0240916,0.949674,0.0177722,0.0014909,0.000615562,
0.000723112,0.000414726,0.000308386,0.000217997,0.000186095,0.000257874,0.000249899,0.000257874,0.000382824,0.000470554,0.00146483,0.00051309,0.000542334,0.000592845,0.000943767,0.00212414,0.0233975,0.94667,0.0184075,0.00187424,
0.00193437,0.000885642,0.000548411,0.000405633,0.00035575,0.000381588,0.000468808,0.000566482,0.000775571,0.00121257,0.00293098,0.00107352,0.000803201,0.000773481,0.000818584,0.00112893,0.00240796,0.0252521,0.93722,0.020056,
0.0219243,0.00267805,0.00134108,0.000863509,0.000663786,0.000551588,0.000525742,0.000499895,0.000562162,0.000705492,0.00168414,0.000593295,0.000579784,0.000575085,0.000730164,0.00103269,0.00186271,0.00393161,0.0377095,0.920985,


0.930415,0.0245675,0.00312635,0.00116072,0.000734925,0.000513281,0.000320801,0.000174982,0.000250808,0.000256641,0.000653267,0.000169149,0.000169149,0.000198313,0.000268306,0.000390794,0.000635769,0.00124821,0.00288721,0.0318584,
0.0272556,0.937682,0.0212929,0.0023914,0.00103837,0.000563237,0.0004594,0.000437374,0.000490865,0.000761471,0.00169915,0.000487719,0.000355563,0.00033039,0.000327244,0.000342977,0.000377589,0.000582116,0.000925093,0.00219945,
0.00186031,0.0248336,0.94714,0.0181304,0.00233911,0.000985047,0.000588589,0.000402558,0.000253124,0.000152484,0.00119853,0.000112838,9.75898e-05,9.45402e-05,0.000115888,0.000164683,0.00018908,0.000259223,0.000365962,0.000716675,
0.000893991,0.0021644,0.02963,0.934187,0.0249377,0.00319099,0.00131746,0.000551794,0.000427747,0.00032081,0.000748557,0.000136879,0.000149711,0.000128324,7.69945e-05,0.000119769,0.000136879,0.000166821,0.000269481,0.000444857,
0.000546715,0.00101082,0.0027738,0.0560958,0.915676,0.0168682,0.0023815,0.00119507,0.000649657,0.000448099,0.000737892,0.000221022,0.000170848,0.000118945,0.000125433,0.000136246,0.000135381,0.00015225,0.000241351,0.00031488,
0.000189668,0.000330283,0.000755401,0.00196208,0.0355594,0.931118,0.0237477,0.0030543,0.00111512,0.000611515,0.000555923,0.000183127,0.000153696,0.000111185,6.21325e-05,8.17533e-05,6.54027e-05,0.000101374,7.84832e-05,0.000163507,
0.000106509,0.000154922,0.000292899,0.00059306,0.00180096,0.0289389,0.935429,0.027104,0.00295562,0.00104572,0.000641473,0.000239644,0.000154922,0.000118612,5.80956e-05,7.26195e-05,6.05163e-05,7.50402e-05,7.74608e-05,7.98815e-05,
6.15359e-05,7.03267e-05,0.000152961,0.000219771,0.000518659,0.00156301,0.0312286,0.927655,0.0338236,0.00278142,0.000975783,0.000348117,0.000175817,0.000109006,6.15359e-05,6.50522e-05,5.97777e-05,3.69215e-05,3.69215e-05,5.62614e-05,
3.68561e-05,3.45526e-05,6.1043e-05,8.63815e-05,0.000165853,0.000396203,0.00130494,0.0363874,0.929518,0.028567,0.00236801,0.000550538,0.000190039,0.000124389,5.06772e-05,4.26149e-05,3.91596e-05,2.07316e-05,1.84281e-05,3.68561e-05,
3.26643e-05,2.8705e-05,4.05829e-05,6.73082e-05,8.80946e-05,0.000154413,0.000383063,0.001557,0.0401305,0.921961,0.0329523,0.00174407,0.000439483,0.000149464,7.81963e-05,6.03794e-05,3.76134e-05,3.26643e-05,2.2766e-05,3.95931e-05,
4.4961e-05,5.58801e-05,5.90916e-05,7.00107e-05,9.12066e-05,0.000116899,0.000181771,0.000387949,0.0013302,0.036103,0.948106,0.0119044,0.000791956,0.000280685,0.000140021,9.6345e-05,6.61569e-05,6.87261e-05,5.52378e-05,4.94571e-05,
5.28318e-05,4.52844e-05,3.58501e-05,6.41529e-05,8.86819e-05,0.000124532,0.000158495,0.000339633,0.000949085,0.00370766,0.0547583,0.91796,0.0188893,0.00171326,0.000503789,0.000226422,0.000147174,9.62293e-05,8.30214e-05,5.66055e-05,
6.90186e-05,5.79757e-05,6.62579e-05,8.28224e-05,7.73009e-05,0.000143559,0.000140798,0.000273314,0.00051902,0.00116503,0.00372977,0.0349538,0.930385,0.0250262,0.00194909,0.000648775,0.000323007,0.000176688,0.000121473,9.11046e-05,
0.000123867,0.000117172,0.000113824,8.70418e-05,9.70851e-05,9.37373e-05,0.000137258,0.000257778,0.000381645,0.000800115,0.00168058,0.00337789,0.0379837,0.925526,0.0256338,0.00206892,0.000709726,0.000371602,0.000274516,0.00016404,
0.000112858,9.91785e-05,9.57586e-05,7.86588e-05,8.20788e-05,9.57586e-05,0.000116278,0.000133378,0.000249656,0.000335155,0.000841308,0.0011149,0.00279752,0.0342166,0.929091,0.0275409,0.00180573,0.000629271,0.000345415,0.000218877,
0.000177628,0.000146614,0.000115599,8.45847e-05,0.000121238,8.74042e-05,7.89457e-05,0.000101502,0.000169169,0.000239657,0.00104603,0.000541342,0.000843028,0.00235709,0.0339749,0.939181,0.0182872,0.00152252,0.000625927,0.000298866,
0.000368736,0.000299053,0.000168399,0.000107427,0.00010162,0.000127751,0.00010162,9.29098e-05,0.000124848,0.000156785,0.00117589,0.000348412,0.000441322,0.000839092,0.00210499,0.0234307,0.950229,0.0176209,0.00156205,0.000598107,
0.000786132,0.000489254,0.000308753,0.000175752,0.000156751,0.000147251,0.000237502,0.000235127,0.000289752,0.000413254,0.00155801,0.000491629,0.000441754,0.000641256,0.000862132,0.00223014,0.0235317,0.946142,0.0189479,0.00191427,
0.00223811,0.00106552,0.00053531,0.000351775,0.000239615,0.000219222,0.000198829,0.000173338,0.00016824,0.000142749,0.00110121,0.000280401,0.000361972,0.000387463,0.000642372,0.00115219,0.00280401,0.0253788,0.94003,0.0225289,
0.0274953,0.0034399,0.00116583,0.000676467,0.000479764,0.000407799,0.000498954,0.000470168,0.000844384,0.00106987,0.00211096,0.000796408,0.000748431,0.000705252,0.000580514,0.000834789,0.00147287,0.00357424,0.0309927,0.921635,


0.931332,0.0243123,0.00347404,0.00133663,0.000559941,0.000469628,0.000282981,0.000228793,0.00020471,0.000216751,0.000704442,0.000156543,0.000156543,0.000144501,0.000216751,0.000282981,0.000638212,0.00134265,0.00277562,0.031164,
0.0271149,0.95242,0.0133628,0.00111416,0.000645187,0.000478916,0.00031833,0.000186166,0.000136427,0.000160586,0.00127616,9.8057e-05,9.94782e-05,0.000126479,0.000136427,0.000147796,0.000218852,0.000375175,0.000481759,0.00110279,
0.00185094,0.0246664,0.951745,0.014085,0.00147523,0.000844347,0.000556022,0.00040143,0.000275114,0.000249387,0.0013904,0.000167803,0.000126084,0.000131415,0.000152043,0.000154824,0.000211377,0.000293888,0.00045636,0.000767167,
0.00105343,0.00218117,0.0285519,0.934984,0.0249677,0.00314718,0.00125887,0.00064255,0.000393398,0.000327832,0.000760569,0.000152988,0.000126762,0.000100535,0.000113648,0.000170472,0.000166101,0.000174844,0.000275379,0.000450222,
0.000367498,0.000685044,0.00198734,0.0279405,0.934817,0.0273233,0.00305772,0.00114888,0.00067434,0.000331818,0.000545894,0.000156989,0.000114174,0.00012131,6.77908e-05,7.13587e-05,8.91984e-05,0.000107038,0.000199804,0.000192669,
0.000150132,0.000326374,0.000744133,0.0020072,0.0343476,0.931602,0.0243965,0.0028982,0.0013055,0.000580946,0.000554836,0.000221934,0.000140341,0.000110967,0.000114231,9.79122e-05,9.46484e-05,9.46484e-05,0.000114231,9.79122e-05,
0.000144327,0.00014175,0.000298964,0.000613391,0.0018479,0.0270072,0.935349,0.0288912,0.0030283,0.00108245,0.000626277,0.000260305,0.000131441,0.000134018,5.67e-05,8.24727e-05,6.44318e-05,4.89682e-05,8.505e-05,0.000105668,
6.33187e-05,6.67413e-05,0.000138617,0.00027381,0.000503127,0.00156756,0.0310039,0.927743,0.0338926,0.00278431,0.00105588,0.000311459,0.000152307,0.000118081,8.21431e-05,5.30508e-05,3.42263e-05,4.79168e-05,5.13394e-05,5.64734e-05,
4.3673e-05,4.02252e-05,4.48223e-05,8.96447e-05,0.000160901,0.000395356,0.00126652,0.0353257,0.93019,0.0290449,0.00227904,0.000571197,0.000219514,9.0794e-05,5.86138e-05,4.13745e-05,2.7583e-05,4.02252e-05,2.87323e-05,4.13745e-05,
3.76044e-05,4.65107e-05,3.16668e-05,6.43233e-05,9.00526e-05,0.000182084,0.0003612,0.00162194,0.0390017,0.922482,0.0335174,0.00174563,0.000363179,0.00016823,8.4115e-05,5.64065e-05,3.76044e-05,3.8594e-05,3.56252e-05,3.46356e-05,
7.56177e-05,5.9597e-05,6.92094e-05,7.24135e-05,8.26668e-05,0.000124961,0.000181354,0.000380011,0.00132459,0.0348828,0.948847,0.0123058,0.000808724,0.000264021,0.000135855,9.09975e-05,8.33076e-05,8.58709e-05,6.02378e-05,6.47236e-05,
5.1808e-05,4.02951e-05,5.75644e-05,5.1808e-05,7.09962e-05,0.000109372,0.000188044,0.000378007,0.000992027,0.00366494,0.0533354,0.919189,0.0190078,0.00170583,0.000500811,0.000234095,0.000180369,0.000107454,8.2509e-05,5.1808e-05,
7.18157e-05,8.56264e-05,6.07671e-05,7.18157e-05,8.83885e-05,0.000104961,0.000160204,0.000284501,0.000563477,0.00119048,0.00346925,0.0340821,0.930955,0.0254476,0.00207989,0.000624244,0.000292787,0.000179539,9.11507e-05,9.66749e-05,
0.000111213,8.08824e-05,0.000117954,0.000121324,6.06618e-05,0.000121324,0.000181985,0.000208946,0.000283089,0.000492035,0.00139522,0.0033027,0.0384663,0.924941,0.0266541,0.00203217,0.000731312,0.00031679,0.000242647,0.000138174,
0.000172277,6.54651e-05,8.26927e-05,5.1683e-05,6.89106e-05,6.54651e-05,8.26927e-05,0.000182613,0.000220514,0.00029287,0.000720116,0.000964749,0.00258415,0.0325741,0.930349,0.0284808,0.00178479,0.000654651,0.0004238,0.000179168,
0.000139258,0.00016045,8.17387e-05,7.87113e-05,7.26566e-05,0.000121094,7.5684e-05,0.000121094,0.000178614,0.000257325,0.000732621,0.000411721,0.000920317,0.002434,0.033525,0.938984,0.019142,0.00164083,0.000578225,0.000345119,
0.000383149,0.000287361,0.000200554,9.27938e-05,9.87805e-05,8.38138e-05,7.18404e-05,0.000101774,0.000125721,0.000194568,0.00116741,0.000365189,0.000511863,0.000814191,0.00201452,0.023854,0.948892,0.0186755,0.00137694,0.00068847,
0.000940581,0.000495943,0.00034488,0.000287875,0.000205218,0.000245121,0.000245121,0.000302126,0.000364831,0.000655556,0.00177,0.000638455,0.000601402,0.000661257,0.0011515,0.00238566,0.0234604,0.944355,0.0190368,0.00185266,
0.00217149,0.000997838,0.000484664,0.000275593,0.000185313,0.000256587,0.000142548,0.000133045,0.000190064,0.00017581,0.00109762,0.000213822,0.000304103,0.000446651,0.000674729,0.00105961,0.00284621,0.0248129,0.94271,0.0208216,
0.0137904,0.000897551,0.000462478,0.000297185,0.000260358,0.000184991,0.000142169,0.000170432,0.000167006,0.000239804,0.00164522,0.000203833,0.000201264,0.000198694,0.000322022,0.000324591,0.00046933,0.000948081,0.0146803,0.964394,


0.915484,0.019429,0.00254667,0.00127137,0.000838922,0.000648866,0.000507603,0.000488322,0.000523343,0.000624076,0.00129458,0.000401754,0.000360437,0.000349813,0.000420642,0.000567807,0.00083302,0.00135676,0.00363113,0.0484218,
0.028599,0.940464,0.0186777,0.00199265,0.000935977,0.000495082,0.000460599,0.0004138,0.000428579,0.000583754,0.0017488,0.000344834,0.000280793,0.000312813,0.000214289,0.000268478,0.000384243,0.000507398,0.000862084,0.00202467,
0.00135153,0.0247274,0.951386,0.0160579,0.00170224,0.000688595,0.000436253,0.000267312,0.000239511,0.000130448,0.00111415,0.000104786,6.62933e-05,7.05703e-05,0.000109063,0.000115479,0.00018391,0.000282281,0.000327189,0.000639409,
0.000831657,0.00217542,0.0271538,0.936491,0.0248719,0.00308082,0.00140521,0.000622719,0.00041378,0.000241713,0.00082756,0.00016797,0.000172067,0.000172067,0.000139292,0.000102421,0.000188454,0.000192551,0.000266294,0.000483426,
0.000374917,0.000856953,0.00195314,0.0274725,0.935279,0.0274189,0.00293863,0.00111047,0.000621291,0.000357064,0.000528454,0.000178532,0.000121402,0.00011069,7.8554e-05,0.00011069,6.07008e-05,9.99779e-05,0.000149967,0.000178532,
0.000206161,0.000359963,0.000634844,0.00208124,0.0333064,0.9325,0.024268,0.00317095,0.00123042,0.000530127,0.000638116,0.000206161,0.000166892,9.81717e-05,0.000111261,9.16269e-05,5.8903e-05,0.000111261,0.000121078,0.000107989,
9.80832e-05,0.000175517,0.000338129,0.000606567,0.00185584,0.0260721,0.935433,0.0297321,0.00299154,0.00104794,0.000673677,0.00025037,0.000154868,0.000118732,5.42039e-05,8.00153e-05,5.42039e-05,8.00153e-05,0.000100664,8.25964e-05,
8.17853e-05,9.06751e-05,0.000113788,0.000268469,0.000499602,0.00147569,0.0299957,0.927513,0.0352655,0.00281982,0.000947643,0.000346699,0.000202685,9.42309e-05,6.2228e-05,3.2003e-05,4.44486e-05,5.68941e-05,4.08927e-05,4.80044e-05,
3.68464e-05,3.45435e-05,5.52695e-05,9.78732e-05,0.000169263,0.000365009,0.00130574,0.0343823,0.930185,0.0298709,0.00235356,0.000566513,0.000194595,0.000117448,6.10268e-05,5.29667e-05,5.18152e-05,2.3029e-05,3.91493e-05,3.68464e-05,
2.17767e-05,3.56346e-05,4.55331e-05,6.82996e-05,8.31473e-05,0.000181142,0.000402869,0.00155406,0.0379904,0.922435,0.0344854,0.00185201,0.000373173,0.000188071,8.41372e-05,5.84011e-05,3.9594e-05,3.56346e-05,2.47462e-05,4.05838e-05,
5.32611e-05,5.71113e-05,5.58279e-05,6.93036e-05,8.66295e-05,0.00012834,0.000182243,0.000350368,0.0013373,0.0339119,0.949822,0.0123919,0.000763623,0.000288123,0.000125132,0.000108447,7.89291e-05,7.76457e-05,5.45445e-05,5.7753e-05,
3.6707e-05,3.6707e-05,6.37543e-05,7.92099e-05,6.18224e-05,0.000110121,0.000177739,0.000380594,0.000962111,0.00357604,0.0528562,0.919552,0.0193272,0.00169818,0.000502307,0.000198991,0.00014876,9.46655e-05,8.11419e-05,5.60265e-05,
7.71884e-05,7.71884e-05,8.27018e-05,5.78913e-05,7.99451e-05,0.000104756,0.000165404,0.000259132,0.000493454,0.00125431,0.00369677,0.0337892,0.930809,0.0257754,0.00184976,0.000697452,0.000361131,0.000165404,0.000113026,9.0972e-05,
0.000127943,9.42739e-05,0.000101008,8.08062e-05,8.41731e-05,0.000127943,0.000144778,0.000185181,0.000326592,0.000585845,0.00144441,0.00317164,0.0367904,0.925564,0.027666,0.00210096,0.000690219,0.000373729,0.000202015,0.000138044,
0.000151529,6.54331e-05,6.19892e-05,6.19892e-05,7.23208e-05,8.26523e-05,0.000110203,0.000175636,0.000230738,0.000265176,0.000809304,0.00104693,0.00266209,0.0328474,0.929139,0.028918,0.00198366,0.000709432,0.000340941,0.000265176,
0.000225717,0.00012368,7.73003e-05,8.34843e-05,9.89444e-05,8.65763e-05,9.27604e-05,0.000105128,0.000170061,0.000253545,0.000627678,0.000513274,0.00098326,0.00246433,0.033907,0.937946,0.0195013,0.00169751,0.000636955,0.000405054,
0.000342235,0.00026401,0.000176006,9.4522e-05,0.000120597,0.000127116,9.77813e-05,9.77813e-05,0.000146672,0.000140153,0.00103648,0.000387866,0.000475869,0.00101367,0.00227179,0.0237087,0.947312,0.019729,0.00171117,0.000746398,
0.000912632,0.000485312,0.000283862,0.000293019,0.000204503,0.000216712,0.000207555,0.000247235,0.000430371,0.000674554,0.00173675,0.000546358,0.000564672,0.000692867,0.000955363,0.00247235,0.0235972,0.941085,0.0222847,0.00210913,
0.00236403,0.00107041,0.000547887,0.000421061,0.000228286,0.000187702,0.000136972,0.000111607,0.000192775,0.000162337,0.00100953,0.000289163,0.000375404,0.000461645,0.000634128,0.00117187,0.00271914,0.0251977,0.941234,0.0214843,
0.0266314,0.00325415,0.00133429,0.000748707,0.000501926,0.000468464,0.000556302,0.000560484,0.000573032,0.000899284,0.00204953,0.000870005,0.000656687,0.000564667,0.000652504,0.000773803,0.00133429,0.00340892,0.0371844,0.916977,


0.931759,0.0253752,0.00290312,0.00138531,0.000740839,0.000475823,0.000265016,0.000210808,0.000210808,0.000192739,0.000734816,0.000180692,0.000198762,0.000192739,0.000277062,0.000409569,0.000578216,0.00119257,0.00268629,0.0300311,
0.0271832,0.943256,0.0181507,0.00179701,0.000889475,0.000575675,0.000410874,0.000415389,0.000426677,0.000595993,0.00170671,0.000367981,0.000237043,0.0002393,0.000255103,0.000207695,0.000300254,0.000485373,0.000668235,0.00183087,
0.00215755,0.0248748,0.942648,0.0215086,0.00266938,0.00122445,0.000633878,0.00037009,0.000311033,0.000240165,0.00087798,0.000196857,0.0001378,0.000125988,0.000122051,0.000196857,0.000196857,0.000255914,0.000405525,0.000846483,
0.00105397,0.00254896,0.0373711,0.925785,0.0252803,0.00292271,0.00113619,0.000717596,0.000448498,0.000265361,0.000549409,0.000153237,0.000130812,0.000134549,0.000127074,0.000156974,0.000149499,0.000239199,0.000332636,0.000497085,
0.000374497,0.000709761,0.00204725,0.0271421,0.934734,0.0282121,0.00306374,0.00124476,0.000570662,0.000292464,0.000581362,0.000139099,0.000121266,9.27326e-05,6.77661e-05,8.55993e-05,7.13328e-05,0.000135532,0.000103433,0.000210432,
0.000211427,0.00040659,0.000696082,0.00201669,0.0325727,0.932555,0.0250785,0.00302503,0.00121001,0.00062127,0.0005985,0.000188658,0.000146372,0.000152878,9.43289e-05,8.78234e-05,7.80653e-05,6.50544e-05,8.78234e-05,0.00010734,
9.5544e-05,0.000180759,0.000281468,0.000599087,0.001632,0.0262591,0.934847,0.0304346,0.00297478,0.00108972,0.000712707,0.000234987,0.000175594,8.77972e-05,6.97213e-05,5.42277e-05,3.87341e-05,6.97213e-05,7.74681e-05,8.52149e-05,
3.97222e-05,8.12499e-05,0.000148055,0.000252777,0.000565138,0.00153111,0.0286632,0.927614,0.0361851,0.0029268,0.00105264,0.000332222,0.000182361,0.000124583,6.49999e-05,5.95832e-05,2.52777e-05,3.24999e-05,5.77777e-05,6.13888e-05,
2.99661e-05,3.68813e-05,4.61016e-05,0.000106034,0.000207457,0.000408,0.00135885,0.0335931,0.930002,0.0307267,0.00236847,0.000580881,0.000220135,0.000107186,6.56948e-05,3.91864e-05,3.91864e-05,2.88135e-05,1.84407e-05,1.72881e-05,
3.55854e-05,3.0643e-05,4.34933e-05,6.3263e-05,9.29175e-05,0.000155192,0.000403302,0.0015707,0.03682,0.922844,0.0352503,0.0018455,0.000398359,0.000178916,8.30327e-05,5.14012e-05,4.84357e-05,3.262e-05,3.16315e-05,2.07582e-05,
5.71101e-05,5.26183e-05,6.60937e-05,7.18689e-05,7.7644e-05,0.000113578,0.000184806,0.000340094,0.00132701,0.0327382,0.950699,0.0126322,0.000861785,0.000271433,0.000142454,9.17611e-05,8.08525e-05,7.37939e-05,5.83934e-05,5.90351e-05,
5.22201e-05,6.57587e-05,5.60883e-05,5.80224e-05,7.73632e-05,0.000110242,0.000197276,0.000427431,0.000955435,0.00365347,0.050932,0.920798,0.0198475,0.00160529,0.000541542,0.000226287,0.000154726,0.000108308,6.57587e-05,6.76928e-05,
7.18349e-05,7.18349e-05,6.9072e-05,8.01236e-05,8.01236e-05,0.00012433,0.000171299,0.00028734,0.00050837,0.0012433,0.00365805,0.032555,0.931036,0.0267806,0.00189257,0.000643751,0.000312206,0.000168536,0.000127093,0.000118804,
0.000130664,7.70581e-05,0.000127313,8.37588e-05,6.03064e-05,0.000120613,0.000130664,0.00018762,0.000371889,0.000643268,0.00168858,0.00366864,0.03674,0.924423,0.0279687,0.00212077,0.000740428,0.000368539,0.000227824,0.000120613,
0.000102903,7.38794e-05,5.453e-05,3.07831e-05,5.89276e-05,7.21204e-05,7.6518e-05,7.21204e-05,0.00012753,0.000211084,0.00122077,0.000492529,0.00101408,0.0155833,0.963167,0.0162966,0.000642047,0.000335975,0.000227795,0.000139843,
0.000197658,0.000119222,0.000119222,7.21607e-05,8.1573e-05,9.09852e-05,0.000103535,0.000128634,0.000147459,0.000185108,0.000872203,0.000429827,0.000865929,0.00248484,0.0334983,0.938183,0.0198567,0.0016597,0.000614935,0.000288643,
0.000394941,0.000273167,0.00019747,0.000144812,0.000118482,9.21529e-05,8.22793e-05,8.88617e-05,0.000115191,0.000157976,0.00114533,0.000325826,0.000424561,0.000947858,0.00241901,0.0237228,0.947177,0.0198589,0.00157976,0.000733932,
0.000893917,0.00040857,0.000315339,0.000255013,0.000191945,0.000186461,0.000244045,0.000389375,0.000419538,0.000545673,0.00174945,0.000603257,0.000493574,0.000737619,0.00111054,0.00254465,0.023379,0.943543,0.020061,0.00192768,
0.00229188,0.00100557,0.000571694,0.0003471,0.00021949,0.000188863,0.000199072,0.000168446,0.000102088,0.000255221,0.000959629,0.000214385,0.000316473,0.000479815,0.000729931,0.00113828,0.00280743,0.0250933,0.940569,0.022342,
0.0272476,0.00287313,0.00137224,0.000553185,0.000463132,0.000420249,0.000428826,0.000424537,0.000583203,0.000784751,0.00180107,0.000557473,0.000458843,0.000561762,0.000506014,0.000750445,0.00120929,0.00286884,0.0281953,0.92794,


0.930856,0.0260343,0.00312869,0.00143198,0.000752088,0.000445236,0.000306852,0.000270752,0.000240668,0.000228635,0.000607687,0.000240668,0.000192534,0.000180501,0.000282785,0.000342952,0.000607687,0.00121537,0.0028098,0.0298248,
0.0269696,0.940849,0.0193127,0.00214904,0.000970449,0.000707674,0.000437093,0.00035904,0.000481322,0.000603604,0.00169373,0.000483924,0.000304404,0.000304404,0.000254971,0.000262776,0.000361642,0.000551569,0.000814345,0.00212822,
0.00146577,0.0246568,0.950129,0.0165475,0.00183784,0.000927573,0.000501859,0.000295924,0.000218049,0.000171324,0.00110928,0.000129791,0.000121138,0.000124599,0.00012633,0.000155749,0.000185169,0.000289001,0.000394565,0.000612614,
0.000803867,0.00218933,0.0278798,0.935928,0.0253015,0.00280798,0.00122618,0.000666803,0.000455648,0.000300061,0.000833503,0.000122247,0.000125952,0.00010002,0.00010002,0.000129656,0.000125952,0.000177814,0.000318583,0.00040749,
0.000342287,0.000784409,0.00208938,0.0262135,0.935293,0.0287129,0.00283457,0.00110887,0.000691706,0.000317329,0.000495604,0.000188971,8.91374e-05,6.77444e-05,7.13099e-05,0.000106965,0.00011053,8.91374e-05,0.000124792,0.000267412,
0.000181212,0.000292483,0.000731208,0.00197744,0.0316804,0.933606,0.025109,0.00306154,0.00122398,0.0005341,0.000639012,0.000213004,0.000123987,0.000101733,8.58375e-05,5.08666e-05,7.94791e-05,8.26583e-05,8.58375e-05,0.000139883,
0.00010738,0.000174195,0.000307824,0.000622806,0.0017324,0.026375,0.934672,0.0302359,0.00303529,0.00106187,0.000668145,0.00029112,0.000155105,0.000100222,7.87456e-05,8.11318e-05,5.01108e-05,7.15869e-05,7.39731e-05,0.000104994,
8.93661e-05,0.000121217,0.000182628,0.000326301,0.000791692,0.00262507,0.0701604,0.901844,0.0179543,0.00324353,0.00136616,0.000459433,0.000239455,0.000146652,8.79912e-05,7.51592e-05,6.5306e-05,6.64517e-05,7.40134e-05,8.04295e-05,
3.84418e-05,4.85099e-05,4.75946e-05,9.97657e-05,0.000168412,0.000415538,0.00145896,0.0346928,0.930994,0.0286355,0.00222963,0.000567475,0.000237058,0.000124478,6.4985e-05,4.11877e-05,4.57641e-05,2.9289e-05,2.83737e-05,3.20349e-05,
3.06647e-05,2.76972e-05,4.05566e-05,5.3416e-05,0.000104854,0.000166183,0.000372922,0.00152137,0.0358312,0.922546,0.0365998,0.00182504,0.000467884,0.000149367,8.30915e-05,5.04484e-05,3.46214e-05,3.36323e-05,2.37404e-05,3.7589e-05,
5.44603e-05,4.99753e-05,5.44603e-05,7.36815e-05,9.48249e-05,0.000116609,0.000165303,0.000355593,0.00131217,0.0318484,0.951239,0.0130211,0.000845736,0.000260128,0.000136471,0.000104436,8.00886e-05,7.56037e-05,6.15081e-05,5.0616e-05,
4.83747e-05,4.64397e-05,6.77246e-05,6.38546e-05,5.03097e-05,0.000133514,0.000166409,0.000352168,0.000924924,0.00375194,0.0495492,0.921929,0.0201452,0.00163313,0.000545667,0.000228329,0.000135449,9.28794e-05,6.38546e-05,7.15946e-05,
9.97042e-05,8.58564e-05,4.98521e-05,6.09303e-05,5.81608e-05,0.000105243,0.000138478,0.000268647,0.000528986,0.00122138,0.00366136,0.0319884,0.93147,0.0269866,0.00192485,0.000589917,0.000360043,0.0001911,0.00012463,8.58564e-05,
0.0001217,9.12748e-05,8.11332e-05,6.08499e-05,8.45137e-05,9.12748e-05,9.12748e-05,0.000226497,0.000341435,0.00061864,0.00155167,0.0032149,0.0357662,0.92532,0.0287583,0.00216693,0.000733579,0.000361719,0.000172408,0.000145364,
0.00011015,7.22859e-05,9.63812e-05,9.2939e-05,6.88437e-05,7.22859e-05,8.94969e-05,0.00011015,0.000230627,0.00033045,0.000777934,0.00105675,0.00272965,0.0308799,0.929328,0.0307284,0.00203433,0.000681553,0.000316681,0.000192762,
0.000226663,0.000114974,0.000121544,0.000105119,9.8549e-05,9.19791e-05,8.21242e-05,0.000134684,0.000157678,0.000236518,0.000729263,0.00053545,0.000919791,0.00272981,0.0340553,0.936098,0.0207479,0.00182644,0.000643854,0.000344922,
0.000467614,0.000251792,0.000143881,0.000111181,0.000130801,0.000130801,0.000120991,0.000140611,0.000124261,0.000153691,0.000931957,0.000415293,0.000529744,0.000967928,0.00232172,0.0237077,0.946993,0.0200649,0.00160558,0.000686705,
0.000992367,0.00059542,0.000384345,0.000229977,0.00016697,0.00017012,0.000242579,0.000352841,0.000390646,0.000661578,0.00177681,0.00059227,0.000601721,0.000718284,0.00102072,0.00253605,0.0239176,0.940707,0.0218982,0.00204459,
0.00219741,0.00116049,0.000655463,0.000440557,0.000274005,0.000188043,0.000247142,0.000134316,0.000177297,0.000220279,0.000945586,0.000290123,0.000424439,0.000419066,0.000601736,0.00121422,0.00279378,0.0252192,0.938795,0.023602,
0.0274076,0.00278684,0.00118297,0.000810796,0.000398752,0.000407614,0.000451919,0.000482933,0.00060699,0.00103676,0.00207351,0.000695601,0.000571545,0.000522809,0.000580406,0.000753199,0.00126272,0.00314571,0.0278728,0.926949,


0.931774,0.0258708,0.00327889,0.00120106,0.00073865,0.000438386,0.000252222,0.000222196,0.000180159,0.000240211,0.00062455,0.000168148,0.000198174,0.000222196,0.000282248,0.000378333,0.00073865,0.001135,0.00281648,0.0292397,
0.0268793,0.935821,0.0220403,0.00239694,0.0011775,0.000735536,0.00056133,0.000558104,0.000580686,0.000932324,0.00207757,0.000500035,0.000396802,0.000300021,0.000274213,0.000296795,0.000429063,0.000645207,0.000980715,0.0024163,
0.00187821,0.0248445,0.942363,0.021998,0.0026676,0.00106937,0.000610515,0.000400529,0.000279981,0.000260538,0.00100327,0.000151657,9.72157e-05,0.000147768,0.000163322,0.000147768,0.000186654,0.000349977,0.000486079,0.000894385,
0.000847625,0.00205907,0.0251772,0.938712,0.0254287,0.0029067,0.00104889,0.000688937,0.000301894,0.000313505,0.000812791,0.000150947,9.67608e-05,0.000131595,0.000123854,0.000127724,0.000123854,0.000212874,0.000325116,0.000410266,
0.000366903,0.000733807,0.00180759,0.0255351,0.937037,0.0281472,0.00263901,0.00110744,0.000585699,0.000333242,0.000578967,0.000151474,9.76165e-05,9.08843e-05,7.742e-05,8.75182e-05,0.000114447,0.000111081,0.000117813,0.000279385,
0.000200631,0.000358704,0.000644451,0.00204279,0.0299579,0.935473,0.0248995,0.00297299,0.00113387,0.000577574,0.000720448,0.000270548,0.000127674,0.000115515,7.29568e-05,6.99169e-05,8.51162e-05,7.90365e-05,9.11959e-05,0.000106395,
0.000116007,0.0001753,0.000335133,0.000618707,0.0017298,0.025135,0.935062,0.0313916,0.00280996,0.000992508,0.00066511,0.000239749,0.000193346,0.000136631,7.73383e-05,6.96045e-05,5.67148e-05,6.18707e-05,6.70266e-05,6.70266e-05,
6.94448e-05,8.36899e-05,0.000142451,0.00025107,0.00050392,0.00148149,0.0273684,0.926996,0.0382908,0.00293983,0.000915247,0.000338321,0.00019587,0.000110399,7.47867e-05,5.34191e-05,4.45159e-05,4.80772e-05,4.98578e-05,4.27353e-05,
3.88957e-05,5.51023e-05,5.07805e-05,0.000101561,0.000159905,0.00037167,0.00125006,0.032493,0.931464,0.0306423,0.00226459,0.000565068,0.000205283,0.000104802,6.48262e-05,4.2137e-05,3.99761e-05,1.94479e-05,3.4574e-05,3.24131e-05,
2.07375e-05,1.62389e-05,2.5675e-05,3.22583e-05,5.93596e-05,0.000115098,0.000301077,0.00130767,0.0706135,0.916181,0.0100811,0.000816771,0.000199914,8.74484e-05,4.3011e-05,2.79791e-05,2.20541e-05,1.72264e-05,1.4593e-05,1.71166e-05,
5.26398e-05,5.90593e-05,6.09852e-05,7.12563e-05,8.8589e-05,0.000121328,0.000165623,0.000368479,0.00130123,0.0309824,0.951716,0.0134199,0.000817843,0.000281174,0.000148932,9.56504e-05,7.12563e-05,6.16271e-05,6.41949e-05,5.13559e-05,
1.28351e-05,1.35411e-05,1.26426e-05,1.5338e-05,1.81617e-05,2.87507e-05,4.62706e-05,9.3889e-05,0.000299315,0.00128242,0.0712506,0.919357,0.00654187,0.000683727,0.000177382,7.52139e-05,3.56175e-05,2.29749e-05,1.91243e-05,1.34769e-05,
7.45196e-05,8.27995e-05,6.07196e-05,6.62396e-05,8.83195e-05,0.000132479,0.000168359,0.000237359,0.000538197,0.00117023,0.00358798,0.0317426,0.931395,0.0273073,0.00195131,0.000656876,0.000295318,0.000179399,0.000160079,0.000104879,
0.000130167,0.000103466,0.000126829,0.000100128,0.000103466,0.000156868,0.000176894,0.000203595,0.000357125,0.000787678,0.00155199,0.00366137,0.0343574,0.925701,0.0291374,0.00191245,0.000697562,0.000340437,0.000236971,0.000156868,
0.000144295,0.000113375,0.00011681,8.93256e-05,6.8712e-05,0.000106504,8.93256e-05,0.00011681,0.000213007,0.000333253,0.000865771,0.00110626,0.00272099,0.0307452,0.928825,0.0312056,0.00193424,0.000649328,0.000340124,0.000216443,
0.000136317,7.93625e-05,7.02124e-05,6.75982e-05,6.79716e-05,6.44236e-05,6.70379e-05,8.92594e-05,0.000109427,0.000171236,0.000709407,0.000343219,0.000588776,0.00169929,0.0340697,0.946746,0.01339,0.000917243,0.000375898,0.000237154,
0.000381105,0.000192239,0.000118041,0.000124787,0.000138277,0.000148395,0.000118041,0.000107924,0.000145022,0.000239456,0.00100841,0.000391223,0.000475538,0.000866762,0.00259017,0.0236319,0.945647,0.0212272,0.00172341,0.000725112,
0.000600964,0.00035543,0.000307907,0.000211872,0.000201971,0.000194051,0.000223753,0.000329689,0.000375231,0.000489088,0.00172963,0.000602944,0.000566312,0.000677198,0.000831647,0.00198011,0.0234911,0.947045,0.0182368,0.00154944,
0.00215531,0.00114013,0.000614315,0.000416484,0.000260303,0.00019783,0.000177006,0.000182212,0.000104121,0.000208242,0.000931884,0.000187418,0.000317569,0.000385248,0.000671581,0.00117136,0.002754,0.0252129,0.939891,0.0230212,
0.0275982,0.0031234,0.00123647,0.000748634,0.000490907,0.00042034,0.000490907,0.000555339,0.000674998,0.000991019,0.00202499,0.000886702,0.000674998,0.000650452,0.000613634,0.00075477,0.0011567,0.00333203,0.035422,0.918153,


0.931931,0.0268627,0.00323101,0.00140111,0.000694516,0.000519377,0.000320081,0.000253649,0.000205335,0.000229492,0.000718673,0.000169099,0.000259689,0.000211374,0.00032612,0.000374435,0.000616005,0.00108707,0.00277806,0.0278108,
0.0271489,0.935169,0.0231414,0.00244576,0.0011754,0.000834897,0.000605709,0.000530405,0.000504212,0.000854541,0.00139477,0.000468197,0.000386344,0.00031104,0.000301218,0.000314314,0.00043873,0.00042236,0.000880734,0.00267167,
0.00195598,0.0240996,0.944003,0.0213902,0.00256104,0.00113021,0.000582227,0.000407179,0.000243546,0.000224519,0.000814357,0.000178854,0.000125578,6.84973e-05,9.89406e-05,0.000144605,0.000205492,0.000346292,0.000525146,0.000894271,
0.000871432,0.00212388,0.0251395,0.938758,0.025181,0.00288214,0.00120341,0.000629996,0.00038856,0.000290477,0.000762031,0.000233891,0.000120718,9.05384e-05,0.000132035,0.00013958,0.000177304,0.000226346,0.000256525,0.000392333,
0.000363514,0.000730425,0.002035,0.0249738,0.937319,0.0282726,0.00261594,0.0011483,0.000519791,0.000312554,0.000560559,9.51252e-05,0.00013929,8.15359e-05,9.85225e-05,8.15359e-05,8.15359e-05,0.000132496,0.00019025,0.000248005,
0.000207642,0.00030841,0.000696213,0.00200009,0.0297417,0.935906,0.0250667,0.00278485,0.00106875,0.000580177,0.000638195,0.000183214,0.000119089,0.000112982,7.0232e-05,0.000131303,7.63391e-05,9.1607e-05,9.1607e-05,0.000125196,
0.000113599,0.000160071,0.000299489,0.000565414,0.00195184,0.0238584,0.935326,0.0317742,0.00308267,0.00104563,0.00074614,0.000325307,0.000167817,0.000121344,8.77811e-05,6.71267e-05,8.51993e-05,5.1636e-05,6.45449e-05,0.000105854,
4.5232e-05,0.000103129,0.000128459,0.000208067,0.00050298,0.00153789,0.0267629,0.926806,0.0391456,0.00278629,0.00106748,0.000316624,0.000168263,0.000113985,6.69434e-05,6.51341e-05,4.16134e-05,4.34227e-05,4.70413e-05,4.34227e-05,
3.22328e-05,4.37446e-05,5.64075e-05,8.17333e-05,0.000157711,0.000377585,0.00128471,0.0306719,0.930804,0.0330122,0.00232307,0.000596308,0.000246351,9.66986e-05,5.52563e-05,3.56864e-05,3.79887e-05,2.76282e-05,2.18723e-05,3.68375e-05,
3.56516e-05,2.67387e-05,3.86226e-05,5.8429e-05,7.42742e-05,0.000158452,0.000386226,0.00156372,0.0340899,0.922703,0.0381492,0.00186676,0.000415935,0.000177268,7.32839e-05,5.74387e-05,4.25839e-05,3.76323e-05,1.68355e-05,2.7729e-05,
2.49286e-05,2.11145e-05,1.85062e-05,1.85314e-05,2.09327e-05,3.18394e-05,5.94908e-05,0.000171085,0.00096094,0.0594711,0.932082,0.0062181,0.000593053,0.000118544,4.89007e-05,2.93775e-05,2.6695e-05,2.82206e-05,2.88858e-05,2.76144e-05,
4.63992e-05,6.18656e-05,7.7332e-05,3.8666e-05,9.27985e-05,0.000110198,0.000197197,0.000359594,0.000949251,0.00370614,0.0465326,0.923507,0.0216046,0.00156597,0.000531658,0.000268729,0.000110198,9.08651e-05,7.7332e-05,7.15321e-05,
8.57844e-05,3.87413e-05,8.02499e-05,6.36465e-05,8.02499e-05,9.40861e-05,0.000163267,0.000226914,0.000517474,0.00111796,0.0035559,0.0309267,0.931981,0.0278052,0.00197858,0.000630931,0.000287793,0.000149431,0.000116224,9.96206e-05,
7.09385e-05,5.89335e-05,5.34767e-05,5.67508e-05,7.42126e-05,7.74866e-05,7.8578e-05,0.000146242,0.000229186,0.000390707,0.00141331,0.00140349,0.0182759,0.95798,0.0178798,0.000902556,0.000397255,0.000205176,0.00018444,0.000121141,
