0.931166,0.0237561,0.00300116,0.001368,0.000524299,0.000409797,0.000325427,0.000325427,0.000265162,0.000162713,0.000620721,0.000174766,0.00025311,0.000259136,0.000204898,0.000451981,0.000620721,0.00124144,0.00251302,0.0323558,
0.0269137,0.950007,0.0147428,0.00153431,0.000780579,0.000437278,0.000333712,0.0002359,0.000216721,0.000207131,0.00121594,0.000164938,0.000132334,0.000105484,0.000164938,0.000182199,0.000224392,0.000402756,0.000623312,0.00137512,
0.00176557,0.0244394,0.948018,0.0180931,0.00231954,0.000877926,0.000544249,0.000408187,0.000204094,0.0001555,0.000745103,0.000181416,0.000136062,0.000132823,0.000132823,0.000204094,0.000174937,0.000252687,0.000440583,0.00077426,
0.00135131,0.00314791,0.0404063,0.927497,0.0181584,0.00267817,0.00134387,0.000865091,0.000612153,0.000391098,0.00104098,0.000224775,0.000163666,0.00016526,0.00016526,0.000185984,0.000225838,0.000306076,0.000403851,0.000666885,
0.000375386,0.000722171,0.00227377,0.0291228,0.935233,0.025537,0.00291371,0.00109041,0.000618493,0.000346785,0.000500515,0.000157305,0.000139429,0.000114403,8.22274e-05,0.000117978,0.000128704,0.000121554,0.000185906,0.000218081,
0.000305812,0.00050444,0.00103769,0.0035639,0.085464,0.887459,0.0153677,0.00272217,0.00117234,0.000596552,0.000588513,0.000220399,0.000148384,0.000118574,0.000102496,0.000102831,9.24471e-05,0.000112209,0.00014604,0.000174846,
0.000238526,0.000306927,0.00056913,0.00145746,0.00527388,0.0764099,0.886718,0.0201002,0.00429829,0.00194504,0.0010703,0.000436275,0.000232387,0.000171002,0.000126278,0.00010874,0.000109178,0.000111371,0.000135925,0.000181087,
6.90829e-05,6.72649e-05,0.000127258,0.000238154,0.000507214,0.00145074,0.031869,0.928345,0.0324889,0.00297965,0.000927165,0.00036723,0.000183615,8.72626e-05,7.81727e-05,5.45391e-05,3.27235e-05,2.90875e-05,5.45391e-05,4.36313e-05,
4.47293e-05,4.35824e-05,6.53736e-05,8.4871e-05,0.000160567,0.00038192,0.00127077,0.0378204,0.929394,0.0273239,0.00228578,0.000540193,0.0002225,0.000122719,5.50515e-05,5.39046e-05,3.6701e-05,2.98196e-05,3.55541e-05,2.75257e-05,
8.73215e-05,0.000109843,0.000127426,0.00018867,0.000355608,0.000663406,0.00189539,0.00850199,0.0707822,0.893873,0.019557,0.00205522,0.000767125,0.000357386,0.00021376,0.000130587,9.93726e-05,8.23825e-05,7.9024e-05,7.32947e-05,
0.000112372,0.00011666,0.000121367,0.000125359,0.00015397,0.000230535,0.000407768,0.00122015,0.00688819,0.0594424,0.923723,0.00553992,0.000811568,0.000322331,0.000189628,0.000134945,0.000120578,0.00011215,0.000108774,0.00011804,
5.58375e-05,4.62104e-05,4.23595e-05,8.27936e-05,6.54647e-05,0.0001136,0.000179065,0.000396639,0.00100893,0.00352739,0.0568176,0.916689,0.0181722,0.00175984,0.000473656,0.000225276,0.000130929,9.04953e-05,6.16138e-05,6.16138e-05,
0.000271139,0.000210521,0.00016726,0.00014589,0.000166478,0.000227669,0.000385443,0.000859181,0.00227883,0.00807872,0.0208856,0.0728794,0.873117,0.0159241,0.00200045,0.000864341,0.000486143,0.000383775,0.000347029,0.00032102,
0.000270658,0.000226888,0.000178592,0.000159342,0.000156099,0.000194331,0.000283086,0.000501666,0.00108236,0.00278534,0.00570658,0.00762571,0.0428749,0.919462,0.0151013,0.00138315,0.000753817,0.000507138,0.0004044,0.000342797,
0.000290935,0.000232763,0.000189057,0.000161378,0.000157,0.000177641,0.000228932,0.000338394,0.000612754,0.00128446,0.00295556,0.00253194,0.00341968,0.0337424,0.935813,0.0150532,0.00125147,0.000722919,0.00046928,0.000366776,
0.000385702,0.00028737,0.000224598,0.000185945,0.000179555,0.000190377,0.00025552,0.000348183,0.000535984,0.00090674,0.00229319,0.00137026,0.0017639,0.00258447,0.0340868,0.93553,0.0161324,0.00147169,0.000750583,0.0005164,
0.000606729,0.000427316,0.000327927,0.000281935,0.000259579,0.000302724,0.000387162,0.0004716,0.00069786,0.00110724,0.00265304,0.00124236,0.00126387,0.00163964,0.00292159,0.0236011,0.938607,0.020209,0.00204061,0.000951601,
0.000804886,0.000522679,0.000368471,0.000292894,0.000230549,0.00022546,0.000255741,0.000308671,0.000373815,0.000488581,0.00184872,0.000588587,0.000679941,0.000817609,0.00135428,0.00275743,0.023547,0.945675,0.017237,0.00162275,
0.00198656,0.00109001,0.000599271,0.000363338,0.00025009,0.000217059,0.000245371,0.000231215,0.000292558,0.000245371,0.00108058,0.000198184,0.000405806,0.000396369,0.000580397,0.00115607,0.0024018,0.024622,0.943456,0.0201818,
0.0273882,0.003123,0.0012839,0.000703915,0.000475886,0.000535372,0.000515543,0.000500672,0.000579986,0.00103109,0.0019085,0.000812972,0.000733658,0.0007287,0.000609729,0.000812972,0.00124424,0.00360384,0.0311904,0.922217,


0.93098,0.0240874,0.00300639,0.00132209,0.000802912,0.000386364,0.000356179,0.000283736,0.000223367,0.000223367,0.000724432,0.00023544,0.000211293,0.000241477,0.000241477,0.000519176,0.000627841,0.00120135,0.0026804,0.0316456,
0.0270368,0.946163,0.0149983,0.00154012,0.000920888,0.000629426,0.000525202,0.000414654,0.000413023,0.00050297,0.00162965,0.000281467,0.000246998,0.000212936,0.000218443,0.000254952,0.000355097,0.000528669,0.000888458,0.00223909,
0.00219458,0.0247245,0.945782,0.0186391,0.00242229,0.00111214,0.00053462,0.000442216,0.000316812,0.000211208,0.000983437,0.000122105,0.000155106,0.000115504,0.000204608,0.000171606,0.000201308,0.000287111,0.000554421,0.000825031,
0.00105209,0.00218972,0.0286631,0.935091,0.0248054,0.00314344,0.00118467,0.000671457,0.000393465,0.00032076,0.000735609,0.000183902,0.000115473,0.00010692,0.00011975,0.000102643,0.000162518,0.000201009,0.000265161,0.000491831,
0.000243433,0.000365672,0.000757463,0.0168407,0.963193,0.0143228,0.00116284,0.00056,0.000320746,0.000230895,0.00122343,0.000121194,7.62686e-05,5.32836e-05,6.26866e-05,7.52239e-05,8.67164e-05,7.73134e-05,9.29851e-05,0.000133731,
0.000216485,0.000347688,0.000721617,0.00210253,0.0356511,0.930508,0.0238134,0.00309967,0.00126939,0.000619934,0.000606814,0.000200085,0.000144323,8.20019e-05,8.5282e-05,0.000108243,8.5282e-05,7.87218e-05,0.000111523,0.000147603,
0.000134732,0.000199507,0.000300556,0.000590749,0.0017852,0.027532,0.935883,0.0277315,0.00304443,0.00110636,0.000663297,0.000305738,0.000215053,0.00010364,6.47751e-05,6.21841e-05,6.21841e-05,5.44111e-05,6.99571e-05,9.06851e-05,
5.99193e-05,6.1735e-05,0.000128917,0.000263282,0.00050659,0.00152159,0.0314667,0.928663,0.0326596,0.00286523,0.000909684,0.000341358,0.000172495,9.26025e-05,7.62609e-05,6.35507e-05,3.4499e-05,2.7236e-05,4.17619e-05,4.35777e-05,
3.11961e-05,5.0838e-05,7.39462e-05,7.39462e-05,0.000166379,0.000389373,0.0013345,0.0366207,0.929845,0.0280187,0.00227847,0.000573083,0.000204507,0.000103987,7.39462e-05,4.62164e-05,3.69731e-05,2.42636e-05,2.5419e-05,2.88852e-05,
3.66522e-05,1.38684e-05,4.25958e-05,6.83513e-05,8.71727e-05,0.000170383,0.000410108,0.00155227,0.0411713,0.921421,0.0323361,0.00181478,0.000435864,0.000166421,8.61821e-05,5.54736e-05,4.75488e-05,2.9718e-05,2.9718e-05,2.4765e-05,
5.55638e-05,5.7502e-05,6.78395e-05,7.68848e-05,8.46378e-05,0.00011565,0.000167337,0.000350181,0.00133353,0.0368356,0.947505,0.011775,0.000818597,0.000250683,0.000140202,0.000101436,8.01152e-05,6.84856e-05,4.9749e-05,6.65473e-05,
0.00020639,0.000165891,0.000133421,0.000126403,0.00014918,0.000245373,0.000533059,0.00134328,0.00502928,0.0320269,0.134735,0.801568,0.0185703,0.00289743,0.000862611,0.000382838,0.000257802,0.000251855,0.000265771,0.000249238,
5.2808e-05,4.72493e-05,6.67048e-05,8.06017e-05,6.67048e-05,0.00013341,0.000169541,0.000275157,0.000564212,0.00116456,0.00355759,0.0348616,0.931608,0.0239776,0.00196223,0.000717077,0.00026404,0.000186218,0.000144527,0.000100057,
0.000138863,0.000101607,6.77378e-05,0.000104994,7.78985e-05,0.000101607,0.000115154,0.000230309,0.000301433,0.000491099,0.0015749,0.00334286,0.0393049,0.924625,0.0258792,0.00202197,0.000738342,0.000328528,0.000220148,0.000233696,
0.000146673,8.86857e-05,8.18638e-05,9.55077e-05,8.52748e-05,8.18638e-05,9.89187e-05,0.000153495,0.000173961,0.000330866,0.000883446,0.000982365,0.00269468,0.0336426,0.93059,0.0266432,0.0019238,0.000685609,0.00041273,0.000204659,
0.000269866,0.000193167,9.37428e-05,7.66987e-05,8.238e-05,8.238e-05,7.95394e-05,0.00012215,0.000136353,0.00020453,0.000749942,0.000471555,0.000909021,0.00230096,0.0337645,0.94032,0.0177941,0.00151409,0.000519847,0.000315317,
0.000379815,0.000206914,0.000181404,0.000144557,7.93644e-05,0.00010204,8.50333e-05,0.000107709,0.000172901,0.00015306,0.000915525,0.00030612,0.000447842,0.000785141,0.00228456,0.0235911,0.950139,0.0178088,0.00149092,0.000617909,
0.000722343,0.000413148,0.000309195,0.000215903,0.000186583,0.000258551,0.000250554,0.000261216,0.000383828,0.000471789,0.00145002,0.000509105,0.000538425,0.0005944,0.000940912,0.00212438,0.0233016,0.946773,0.0184184,0.00187649,
0.00192125,0.000879762,0.0005466,0.000404308,0.000354984,0.000380991,0.000469027,0.000566928,0.000775434,0.00121337,0.0029309,0.00107437,0.000803384,0.000773043,0.000816836,0.00112788,0.00240492,0.0251414,0.93737,0.0200449,
0.0219271,0.00267944,0.0013406,0.000864924,0.000663245,0.000551529,0.000525657,0.000500374,0.0005627,0.000704992,0.00168104,0.000592687,0.000579752,0.00057446,0.000730276,0.00103368,0.00186508,0.00393537,0.037628,0.921059,


0.930512,0.0245567,0.00312742,0.0011596,0.000726216,0.000515379,0.000310399,0.000175698,0.000251833,0.00025769,0.000644224,0.000169841,0.000169841,0.000199124,0.000275259,0.000392391,0.000638368,0.00125331,0.00288144,0.0317837,
0.026872,0.938016,0.0213523,0.00238863,0.00103633,0.000562401,0.000458136,0.000436019,0.000492891,0.000761453,0.001703,0.000489731,0.00035703,0.000331754,0.000325434,0.000344392,0.000379147,0.000581359,0.000922591,0.00218957,
0.00185919,0.0245669,0.947359,0.0181821,0.00234233,0.000984634,0.000590169,0.000400581,0.000250745,0.000152894,0.00119869,0.000113141,9.78518e-05,9.4794e-05,0.000113141,0.000165125,0.000192646,0.000259919,0.000363887,0.000712484,
0.000893555,0.00217374,0.0294487,0.934259,0.0250238,0.00319618,0.00131885,0.000545584,0.000438186,0.000322195,0.000743197,0.00013747,0.000150358,0.000128878,7.73269e-05,0.000120286,0.00013747,0.000167542,0.000270644,0.000446778,
0.00054423,0.00101096,0.00277527,0.0559773,0.915784,0.0168798,0.00238431,0.00119627,0.000649872,0.000448546,0.000733433,0.000220376,0.000171019,0.000117765,0.000125125,0.000136382,0.000135516,0.000152402,0.000242024,0.000315194,
0.000190704,0.000325511,0.00075295,0.0019728,0.0354676,0.93112,0.0238379,0.00306441,0.00112121,0.000608278,0.000539231,0.000184128,0.000151248,0.000111792,6.24718e-05,8.21998e-05,6.57598e-05,0.000101928,7.89118e-05,0.000161112,
0.000107005,0.000153212,0.000291833,0.000595826,0.00180936,0.0285632,0.935707,0.0271891,0.00296697,0.00104574,0.000637169,0.000235898,0.000158076,0.000116733,5.83666e-05,7.29583e-05,5.83666e-05,7.53902e-05,7.78221e-05,8.02541e-05,
6.17913e-05,7.06186e-05,0.00015183,0.000217152,0.000520812,0.0015695,0.0309574,0.9278,0.0339393,0.0027912,0.000978068,0.000346031,0.000173016,0.000107693,6.17913e-05,6.53222e-05,6.00258e-05,3.70748e-05,3.70748e-05,5.47294e-05,
3.69961e-05,3.46839e-05,6.12749e-05,8.67097e-05,0.000166483,0.000400021,0.00131105,0.0358643,0.929924,0.0286651,0.00237469,0.00055263,0.000191917,0.000123706,4.97136e-05,4.27768e-05,3.81523e-05,2.08103e-05,1.84981e-05,3.69961e-05,
3.17212e-05,2.87474e-05,4.06428e-05,6.74076e-05,8.72334e-05,0.000154641,0.000383629,0.00155731,0.0401016,0.921964,0.0329792,0.00174665,0.000439141,0.000147702,7.93031e-05,6.04686e-05,3.66777e-05,3.27125e-05,2.27996e-05,3.86603e-05,
4.40156e-05,5.6314e-05,5.69613e-05,7.12016e-05,9.12676e-05,0.000117159,0.000181241,0.000387078,0.001336,0.0361471,0.947992,0.0119671,0.000793575,0.000280276,0.000140461,9.64459e-05,6.73179e-05,6.86125e-05,5.56667e-05,5.04884e-05,
5.3409e-05,4.57792e-05,3.62418e-05,6.29463e-05,8.77434e-05,0.000125893,0.000156412,0.000335714,0.00095564,0.00373863,0.0542121,0.918326,0.0190193,0.00172435,0.000507386,0.000228896,0.000146875,9.72807e-05,8.2021e-05,5.7224e-05,
6.93149e-05,5.82245e-05,6.65423e-05,8.31778e-05,7.20875e-05,0.000144175,0.000135857,0.000274487,0.000521248,0.00116726,0.00373191,0.0341196,0.931143,0.0251003,0.00195745,0.000643242,0.000318848,0.000180219,0.000121994,9.14956e-05,
0.000124541,0.000117809,0.000114443,8.75153e-05,9.76132e-05,9.08812e-05,0.000138005,0.000255814,0.000383721,0.000794369,0.00166616,0.00339627,0.0377056,0.925693,0.0257261,0.00208017,0.000713586,0.000373623,0.00027601,0.000164933,
0.000110024,9.97091e-05,9.62709e-05,7.90796e-05,8.25179e-05,9.62709e-05,0.0001169,0.000134092,0.00025443,0.000330072,0.000825179,0.00110712,0.00280905,0.0338255,0.929499,0.0275403,0.00180852,0.000622322,0.000347263,0.000216609,
0.000180936,0.000147011,0.000115912,8.48138e-05,0.000121566,8.76409e-05,7.63324e-05,9.61223e-05,0.000169628,0.000234652,0.00103756,0.000542808,0.000845311,0.00236348,0.0338859,0.939245,0.0183141,0.00152665,0.000627622,0.000296848,
0.000363964,0.000299906,0.000168879,0.000104821,0.00010191,0.000128115,0.00010191,9.31747e-05,0.000125203,0.000154321,0.00116468,0.000349405,0.00044258,0.000838572,0.0021139,0.0231714,0.950484,0.0176304,0.00156359,0.000599812,
0.000780947,0.000488092,0.000307141,0.000171427,0.000157142,0.000147618,0.000235713,0.000238094,0.000290474,0.000414283,0.00154285,0.000492854,0.000445235,0.000640472,0.000861899,0.00222617,0.0233855,0.946293,0.0189642,0.00191665,
0.00223696,0.00104938,0.000527248,0.000358324,0.000230351,0.000220113,0.000199638,0.000179162,0.000163805,0.00014333,0.00108009,0.00028154,0.000368562,0.000373681,0.000644983,0.00116199,0.00281028,0.0251236,0.940283,0.0225642,
0.0275406,0.00342576,0.00117235,0.000677464,0.000475667,0.000403596,0.00049969,0.000466057,0.000845629,0.00107145,0.00210446,0.000797582,0.00074473,0.000696683,0.00058137,0.00083602,0.00148466,0.00357951,0.0306829,0.921914,


0.931318,0.0242885,0.00347583,0.00134802,0.000556133,0.000459414,0.000284112,0.000229707,0.000205527,0.000217617,0.000713301,0.000163213,0.000157168,0.000139033,0.000217617,0.000284112,0.000634717,0.00134197,0.00276858,0.0311979,
0.0269549,0.952599,0.0133586,0.00111487,0.000645004,0.000479838,0.000317519,0.000186524,0.00013669,0.000160895,0.00126296,9.68218e-05,9.96695e-05,0.000125299,0.00013669,0.000149504,0.000215001,0.000374473,0.000481261,0.00110491,
0.00181992,0.0246015,0.951894,0.0140678,0.00146887,0.000840748,0.000554393,0.000399274,0.000274066,0.000248793,0.00138934,0.000167408,0.000125903,0.000131005,0.000151873,0.000153959,0.000210303,0.000292615,0.00045098,0.000756812,
0.00104961,0.00218705,0.0283658,0.935113,0.0250237,0.00315761,0.00126041,0.000645575,0.00039525,0.000329375,0.000750975,0.000153708,0.000127358,0.000101008,0.000114183,0.000171275,0.000162492,0.000171275,0.000276675,0.000443558,
0.00036178,0.000684159,0.00199516,0.0276457,0.934998,0.0274129,0.00306976,0.0011534,0.000673413,0.000329542,0.000555207,0.000150443,0.000114623,0.000118205,6.80577e-05,7.88036e-05,8.59676e-05,0.000107459,0.000204173,0.000193427,
0.000150903,0.00032477,0.000747955,0.00201423,0.0341238,0.931749,0.0244562,0.00290325,0.0013122,0.00058065,0.000547845,0.000223074,0.000141062,0.000108257,0.000114818,9.84152e-05,9.51347e-05,9.51347e-05,0.000114818,9.84152e-05,
0.00014508,0.000142489,0.000297931,0.000613998,0.00185754,0.0266066,0.935626,0.02899,0.00304149,0.00108292,0.000626951,0.00025648,0.000132126,0.000134717,5.69956e-05,8.29026e-05,6.47677e-05,4.92234e-05,8.54933e-05,0.000106219,
6.36007e-05,6.70385e-05,0.000137515,0.000273311,0.000503648,0.00157283,0.030769,0.927851,0.034004,0.00279671,0.00105371,0.000312846,0.000154704,0.000118607,8.079e-05,5.15681e-05,3.43787e-05,4.64113e-05,5.15681e-05,5.67249e-05,
4.26876e-05,4.15338e-05,4.38413e-05,8.999e-05,0.000161521,0.000398033,0.00127255,0.0349011,0.930497,0.0291406,0.00228898,0.000568783,0.000221514,9.22974e-05,5.76859e-05,4.26876e-05,2.76892e-05,4.03801e-05,2.88429e-05,4.26876e-05,
3.76585e-05,4.65776e-05,2.97304e-05,6.54069e-05,8.91912e-05,0.000180364,0.00036172,0.00162625,0.0389617,0.922498,0.0335399,0.00174517,0.000363702,0.000168472,8.42361e-05,5.74788e-05,3.76585e-05,3.76585e-05,3.46855e-05,3.46855e-05,
7.4279e-05,5.68396e-05,7.04036e-05,7.23413e-05,8.00922e-05,0.000123368,0.00017827,0.000379792,0.0013325,0.0349447,0.948735,0.01236,0.000812548,0.000264175,0.000131119,8.84889e-05,8.46135e-05,8.71971e-05,6.13609e-05,6.26528e-05,
5.43213e-05,4.07409e-05,5.82013e-05,5.04412e-05,6.98416e-05,0.000110583,0.000182364,0.000380249,0.001003,0.00369967,0.0528837,0.919484,0.0191017,0.001715,0.000506352,0.000236685,0.000182364,0.000104762,8.34219e-05,5.23812e-05,
7.21281e-05,8.59988e-05,6.10314e-05,7.21281e-05,8.8773e-05,0.000102644,0.000160901,0.000282964,0.000565928,0.00119844,0.00345937,0.0333065,0.931634,0.0255333,0.00209171,0.000626959,0.000291286,0.00018032,9.15471e-05,9.43213e-05,
0.000111792,7.79159e-05,0.000118568,0.000118568,6.09777e-05,0.000121955,0.000182933,0.000206647,0.000281175,0.000487821,0.00138555,0.00332328,0.0382127,0.925096,0.0267455,0.00204275,0.00073512,0.000311664,0.000243911,0.000135506,
0.000172547,6.55679e-05,8.28226e-05,5.17641e-05,6.90188e-05,6.55679e-05,8.28226e-05,0.000175998,0.00022086,0.000296781,0.000700541,0.000969715,0.00259166,0.0324734,0.930457,0.0284806,0.00178414,0.00065913,0.000421015,0.000179449,
0.000139641,0.00016089,8.1963e-05,7.89273e-05,7.2856e-05,0.000121427,7.2856e-05,0.000115355,0.00018214,0.000258032,0.000722489,0.000409815,0.000922842,0.00244371,0.033453,0.939065,0.0191338,0.0016423,0.000576777,0.000346066,
0.000387307,0.000285226,0.000198157,9.30738e-05,9.90786e-05,8.40667e-05,7.20571e-05,0.000105083,0.0001261,0.000195155,0.00114691,0.00036629,0.000510405,0.000813645,0.0020146,0.0236468,0.949089,0.0186958,0.0013811,0.000690548,
0.000937655,0.000497414,0.000345903,0.000283012,0.000205827,0.000245848,0.000245848,0.000300164,0.000365914,0.000657502,0.00174953,0.000640349,0.000600328,0.000651784,0.00114634,0.00239559,0.0233527,0.944493,0.0190275,0.00185816,
0.00217414,0.00100125,0.000486321,0.000271768,0.000185946,0.000257464,0.000143036,0.000138268,0.000190714,0.000176411,0.00109184,0.000205018,0.000300375,0.000438642,0.000677035,0.00106323,0.00285594,0.0245401,0.942943,0.0208594,
0.0138025,0.000894662,0.000464058,0.000299364,0.000258191,0.000182707,0.000141533,0.000168982,0.000164693,0.000240178,0.00164951,0.000203293,0.000202436,0.000196431,0.000320809,0.000325956,0.000468347,0.00094956,0.0142974,0.964769,


0.915492,0.0194264,0.00254635,0.0012716,0.000838941,0.000648004,0.000507853,0.000488562,0.000524388,0.000624383,0.0012905,0.000401558,0.000360615,0.000350379,0.000420455,0.000567299,0.000833036,0.00135742,0.00363253,0.0484181,
0.0269554,0.941984,0.018792,0.00199798,0.000941835,0.000494525,0.000464705,0.000417489,0.000429914,0.000581502,0.00172711,0.000342937,0.000280811,0.000315602,0.0002162,0.000270871,0.000382698,0.000511921,0.000862313,0.00203029,
0.00134784,0.0245783,0.95152,0.0160927,0.00170141,0.000687851,0.000437139,0.000267855,0.000239998,0.000130713,0.00110356,0.000104999,6.6428e-05,7.28565e-05,0.000107142,0.000115713,0.000184284,0.000278569,0.000327854,0.00063428,
0.000826858,0.00218439,0.0270066,0.936546,0.0249456,0.0030894,0.00141512,0.000625285,0.000419599,0.000238596,0.000822744,0.000160435,0.000168663,0.000172776,0.000139866,0.000102843,0.000193345,0.000193345,0.000263278,0.000485419,
0.000376453,0.000860465,0.00195039,0.0271835,0.93549,0.0274954,0.00295068,0.00111502,0.000609496,0.000358527,0.000519864,0.000175678,0.000121899,0.000111143,7.88759e-05,0.000111143,6.09496e-05,0.000100388,0.000146996,0.000182849,
0.000207226,0.000351955,0.000634835,0.00208871,0.0331858,0.932507,0.024354,0.00318404,0.0012302,0.000539445,0.000644703,0.000207226,0.000167754,9.8679e-05,0.000111836,8.55218e-05,5.92074e-05,0.000111836,0.000121704,0.000108547,
9.85769e-05,0.000171212,0.000345019,0.000607026,0.00186258,0.0257623,0.935632,0.0298299,0.003004,0.00104803,0.000666691,0.00025163,0.000153054,0.00011933,5.44767e-05,7.78238e-05,5.18826e-05,8.0418e-05,0.000101171,8.30121e-05,
8.0352e-05,8.74944e-05,0.000114278,0.000269626,0.000501753,0.00148205,0.0297909,0.92763,0.0353388,0.00283196,0.000944582,0.000346406,0.000205344,9.46368e-05,5.89248e-05,3.03552e-05,4.64256e-05,5.71392e-05,4.10688e-05,4.82112e-05,
3.69844e-05,3.46729e-05,5.43209e-05,9.70841e-05,0.000171053,0.000367533,0.00130832,0.0340257,0.930439,0.0299632,0.00236122,0.000565168,0.000197636,0.000116732,6.12555e-05,5.08536e-05,5.20094e-05,2.19595e-05,3.81402e-05,3.69844e-05,
2.18095e-05,3.56882e-05,4.56016e-05,6.84024e-05,8.32725e-05,0.000180424,0.000400501,0.00155244,0.0379792,0.922424,0.0345105,0.00185579,0.000373735,0.000188355,8.22812e-05,5.74977e-05,3.96536e-05,3.56882e-05,2.47835e-05,4.06449e-05,
5.36825e-05,5.49761e-05,5.95035e-05,6.85584e-05,8.27875e-05,0.000128062,0.000181098,0.000346026,0.00134336,0.0339603,0.949743,0.0124349,0.000766431,0.000285229,0.000122888,0.000107365,7.63197e-05,7.69665e-05,5.2389e-05,5.56229e-05,
3.51534e-05,3.71064e-05,6.4448e-05,7.61658e-05,6.0542e-05,0.000111319,0.000171861,0.000384735,0.000972578,0.00361104,0.0525173,0.919735,0.0194184,0.00171861,0.000505819,0.000195297,0.000150379,9.56955e-05,8.20247e-05,5.66361e-05,
7.74831e-05,7.47159e-05,8.30176e-05,5.81123e-05,8.02504e-05,0.000105156,0.000168803,0.000257355,0.000489804,0.0012508,0.00369982,0.0331738,0.931361,0.0258323,0.00185406,0.000700115,0.00036251,0.000166035,0.000116225,8.85521e-05,
0.000128664,9.48047e-05,9.81906e-05,7.44894e-05,8.46471e-05,0.000128664,0.000135435,0.000189609,0.000328431,0.000582372,0.00143223,0.00319289,0.036598,0.925653,0.0277642,0.0021094,0.00069072,0.000375833,0.000199767,0.000138821,
0.000151836,6.55656e-05,6.21148e-05,6.21148e-05,7.24673e-05,8.28197e-05,0.000110426,0.000175992,0.000234656,0.000262263,0.000814394,0.00104905,0.00266403,0.0327,0.929213,0.0289869,0.00198422,0.000707419,0.00033473,0.000265713,
0.000226329,0.000124016,7.75098e-05,8.37105e-05,9.92125e-05,8.68109e-05,9.30117e-05,0.000108514,0.000164321,0.000254232,0.000607677,0.000505364,0.000989025,0.00247101,0.0338687,0.937958,0.0195294,0.00170211,0.000641781,0.000409252,
0.000340212,0.000264973,0.000176648,9.8138e-05,0.000121037,0.000127579,9.8138e-05,9.8138e-05,0.000147207,0.000137393,0.00102064,0.000386009,0.000477605,0.00101736,0.00228007,0.0233797,0.94762,0.0197421,0.00171741,0.00074912,
0.000909155,0.000486719,0.000281624,0.000293868,0.000208157,0.000220401,0.000211218,0.000247951,0.000431619,0.000676509,0.00172648,0.000544881,0.000566309,0.000694876,0.000952011,0.00247951,0.0234635,0.941199,0.0222911,0.00211524,
0.002373,0.00107447,0.000549965,0.000417566,0.000229152,0.000188414,0.000137491,0.00011203,0.000183322,0.000162953,0.00100827,0.000285167,0.000371736,0.000463397,0.000636534,0.00117122,0.00271927,0.0249318,0.9415,0.0214843,
0.0266091,0.00324655,0.00132794,0.00074147,0.000502691,0.000469179,0.000552961,0.000561339,0.000573906,0.000900656,0.00205685,0.000871332,0.000657688,0.00055715,0.000645121,0.000774983,0.00132794,0.0034183,0.037019,0.917186,


0.931825,0.0253072,0.00290262,0.00139084,0.000743796,0.000477722,0.000266073,0.000211649,0.000211649,0.000193508,0.000725654,0.000181414,0.000193508,0.000187461,0.000278167,0.000405157,0.000574476,0.00119733,0.00267887,0.0300481,
0.0270257,0.943424,0.0181598,0.00179764,0.000889762,0.000572799,0.000412053,0.000414317,0.000430165,0.000597703,0.00168217,0.000369036,0.000237723,0.000239987,0.000258099,0.00020829,0.000301115,0.000484502,0.000665624,0.00182933,
0.00216486,0.0245996,0.942912,0.021538,0.00267447,0.0012128,0.000636027,0.000367394,0.000304187,0.000240979,0.000865154,0.000193573,0.000138267,0.000126415,0.000122465,0.000197524,0.000197524,0.000256781,0.000406899,0.000845402,
0.00105397,0.00255429,0.0373917,0.925674,0.0253479,0.00293687,0.00113649,0.000723904,0.000450096,0.000262556,0.000540115,0.000153783,0.000131278,0.000135029,0.000127527,0.000153783,0.000150032,0.000240051,0.000337572,0.000498856,
0.000376021,0.000705486,0.002052,0.0269768,0.934794,0.0283197,0.00307263,0.00124266,0.000569403,0.000293654,0.000572984,0.000136084,0.000114597,9.31099e-05,6.80418e-05,8.59476e-05,7.1623e-05,0.000139665,0.000103853,0.000211288,
0.000215765,0.000402107,0.000693062,0.00202034,0.0325412,0.932541,0.0251268,0.00303051,0.00121613,0.000614602,0.000588449,0.00019288,0.000143843,0.000153651,9.48056e-05,8.49982e-05,8.1729e-05,6.2114e-05,8.82673e-05,0.000107882,
9.60241e-05,0.000184262,0.000280287,0.000607287,0.00164279,0.0259862,0.93501,0.0305175,0.00298453,0.00109519,0.000695526,0.000233572,0.000173881,9.08336e-05,7.00716e-05,5.45002e-05,3.89287e-05,7.26669e-05,8.04526e-05,8.56431e-05,
3.9901e-05,7.79883e-05,0.000146908,0.000252102,0.000567682,0.00153619,0.0284984,0.927707,0.03625,0.00293635,0.00105375,0.000326462,0.000181368,0.000125144,6.52925e-05,5.98515e-05,2.35778e-05,3.26463e-05,5.80378e-05,6.16651e-05,
3.00744e-05,3.70146e-05,4.51116e-05,0.000107574,0.000205894,0.000409474,0.00135797,0.0332923,0.930222,0.0307973,0.00237588,0.00058298,0.000219774,0.000106417,6.59323e-05,4.04848e-05,3.9328e-05,2.89177e-05,1.85073e-05,1.73506e-05,
3.5644e-05,3.06934e-05,4.35649e-05,6.33671e-05,9.30704e-05,0.000155447,0.000402975,0.00157131,0.0367777,0.922862,0.0352786,0.00184557,0.000396044,0.00017822,8.21792e-05,5.14858e-05,4.75253e-05,3.16835e-05,3.16835e-05,2.07923e-05,
5.75718e-05,5.23968e-05,6.59812e-05,6.98624e-05,7.69781e-05,0.000114497,0.0001863,0.000335081,0.00132933,0.0328528,0.950537,0.0126813,0.000869399,0.00027104,0.000138431,8.79749e-05,8.27999e-05,7.37437e-05,5.88656e-05,5.88656e-05,
5.27989e-05,6.4532e-05,5.47544e-05,5.671e-05,7.62651e-05,0.000111464,0.000197507,0.000430213,0.000958203,0.00368615,0.0507613,0.920852,0.0199072,0.00162112,0.000543633,0.00022684,0.000156441,0.000107553,6.64875e-05,6.84431e-05,
7.21333e-05,6.93589e-05,6.93589e-05,8.04563e-05,7.7682e-05,0.000124846,0.00017201,0.000288533,0.000504933,0.00124014,0.0036566,0.0319966,0.931582,0.0267975,0.00190043,0.000643651,0.000313502,0.000166461,0.000124846,0.000119297,
0.000131386,7.41152e-05,0.000128017,8.42219e-05,6.06397e-05,0.000121279,0.000131386,0.000188657,0.000373945,0.000643455,0.00166422,0.00369229,0.0364815,0.924564,0.0280627,0.0021325,0.000744521,0.000370576,0.000229083,0.000121279,
0.00010285,7.29622e-05,5.45019e-05,2.90091e-05,5.80182e-05,7.20832e-05,7.64785e-05,7.12041e-05,0.000128343,0.000212733,0.00122453,0.000491396,0.00101444,0.0156042,0.963151,0.0162943,0.000640837,0.000334044,0.000227677,0.000138892,
0.000198224,0.000116417,0.000119563,7.23673e-05,8.18065e-05,8.80994e-05,0.000103831,0.000125856,0.000154174,0.000182492,0.000880993,0.000431058,0.000865261,0.0024951,0.0334652,0.938205,0.0198538,0.00165816,0.000613549,0.000289469,
0.000392866,0.000277317,0.000198084,0.000145262,0.000115549,9.24391e-05,7.92335e-05,9.24391e-05,0.000112248,0.000158467,0.00113568,0.000323537,0.000419278,0.000954104,0.00241992,0.0235555,0.947333,0.0198777,0.00158137,0.000736212,
0.000896501,0.00040425,0.00031075,0.000253,0.00019525,0.00018975,0.00024475,0.0003905,0.0004235,0.000547251,0.0017435,0.000605001,0.000495001,0.000737001,0.00111375,0.002552,0.0233145,0.943597,0.020053,0.00193325,
0.00230591,0.000999226,0.000573915,0.000343324,0.000220342,0.000189597,0.000199845,0.000163976,0.000102485,0.000256212,0.000947984,0.000215218,0.000317703,0.000481678,0.000732766,0.00112733,0.00280808,0.0247654,0.940918,0.0223314,
0.027307,0.00286041,0.00137866,0.000558338,0.000459555,0.000420901,0.000429491,0.000420901,0.000584107,0.000785968,0.00180816,0.000554043,0.000459555,0.000562633,0.000506799,0.000751608,0.00121116,0.00287329,0.0279169,0.928151,


0.930925,0.0259483,0.00311669,0.00143151,0.000761053,0.000446968,0.000308045,0.000265765,0.000241604,0.000229524,0.00059193,0.000241604,0.000193283,0.000193283,0.000283885,0.000344286,0.000604011,0.00120802,0.00280865,0.0298562,
0.0267765,0.941008,0.0193454,0.00215152,0.00097654,0.000704988,0.000436048,0.000357716,0.000480437,0.000605768,0.00168675,0.000485659,0.000305495,0.000300273,0.000255885,0.000263718,0.000355105,0.000548324,0.000817264,0.00213846,
0.00146966,0.0245214,0.950267,0.0165475,0.0018388,0.000930666,0.000499128,0.00029809,0.000213169,0.000169842,0.00110744,0.000129981,0.000121316,0.000124782,0.000126515,0.000155978,0.00018544,0.000289425,0.00039341,0.000610046,
0.000802932,0.00218948,0.0278201,0.93594,0.0253295,0.0028177,0.00123414,0.000672827,0.000457225,0.000297382,0.00083267,0.000115236,0.000126387,0.000100367,0.000100367,0.000130105,0.000126387,0.000178429,0.000319686,0.000408901,
0.00034367,0.000787576,0.0020835,0.0259864,0.935462,0.0287895,0.00284601,0.00109903,0.000694499,0.000315031,0.000476126,0.000193314,8.94973e-05,6.8018e-05,7.51777e-05,0.000103817,0.000110977,8.94973e-05,0.000125296,0.000261332,
0.000185337,0.000293983,0.000734958,0.00198119,0.0316128,0.933624,0.0251483,0.00306765,0.00123026,0.000536839,0.000626312,0.000214096,0.000118232,9.90596e-05,8.62777e-05,5.11275e-05,7.98868e-05,8.30822e-05,8.62777e-05,0.000140601,
0.000107897,0.000175033,0.000306907,0.000625802,0.00173354,0.0261302,0.934833,0.030307,0.00305468,0.00106458,0.000656972,0.000290123,0.000153453,0.000100704,7.67266e-05,8.15221e-05,5.03519e-05,7.19312e-05,7.43289e-05,0.000105499,
8.92837e-05,0.000120499,0.000182469,0.00032615,0.000792996,0.00262848,0.0701047,0.901887,0.0179598,0.00324818,0.0013645,0.000459731,0.000238932,0.000146664,8.83657e-05,7.55125e-05,6.54135e-05,6.63316e-05,7.41354e-05,8.05619e-05,
3.85545e-05,4.86521e-05,4.68162e-05,0.000100058,0.000168905,0.00041492,0.00146048,0.0344778,0.931153,0.0286891,0.00223157,0.000566384,0.000236835,0.000124843,6.51755e-05,4.13084e-05,4.58982e-05,2.93749e-05,2.84569e-05,3.21288e-05,
3.07177e-05,2.77451e-05,4.06267e-05,5.35083e-05,0.000104044,0.000167461,0.000371586,0.001524,0.0357634,0.922597,0.0366116,0.00182919,0.00046572,0.000149625,8.32352e-05,5.05356e-05,3.46813e-05,3.36904e-05,2.37815e-05,3.7654e-05,
5.23141e-05,4.97307e-05,5.36058e-05,7.16897e-05,9.42946e-05,0.000111733,0.000163401,0.000355219,0.00131948,0.0319575,0.951122,0.0130462,0.000838964,0.000259633,0.000136921,0.000103337,7.944e-05,7.29814e-05,6.13561e-05,4.97307e-05,
4.89251e-05,4.69681e-05,7.04522e-05,6.26241e-05,5.08821e-05,0.000131119,0.000166345,0.000350304,0.000923706,0.00379267,0.0493557,0.92206,0.0201493,0.00164584,0.000549918,0.000230927,0.00013699,9.39362e-05,6.26241e-05,7.04522e-05,
0.000100122,8.34348e-05,5.00609e-05,6.11856e-05,5.84044e-05,0.000105684,0.000139058,0.000269773,0.000528421,0.00122093,0.00366835,0.0314633,0.931909,0.0270496,0.00193291,0.000592387,0.000361551,0.000194681,0.000125152,8.6216e-05,
0.000122374,9.17809e-05,8.1583e-05,6.11872e-05,8.1583e-05,9.17809e-05,9.17809e-05,0.000224353,0.000343328,0.00062207,0.00154328,0.00323273,0.0356178,0.92543,0.0287682,0.00217895,0.000734247,0.000363724,0.000173364,0.00014617,
0.000110328,7.24028e-05,9.65371e-05,8.96416e-05,6.89551e-05,7.24028e-05,8.61938e-05,0.000110328,0.000230999,0.000330984,0.000758506,0.00104812,0.00273407,0.0307609,0.929459,0.0307471,0.00203762,0.000679207,0.000313745,0.000193074,
0.000224064,0.000112032,0.000121917,0.000105442,9.88517e-05,8.89665e-05,8.23764e-05,0.000131802,0.000158163,0.000240539,0.000708437,0.000537094,0.000919321,0.0027349,0.0340709,0.936109,0.0207325,0.00183205,0.000645831,0.000345981,
0.000475705,0.000255896,0.000144352,0.000111545,0.000127948,0.000131229,0.000124667,0.000141071,0.000124667,0.000154194,0.000931725,0.000413371,0.000528196,0.000971094,0.00231947,0.0235589,0.947131,0.0200583,0.00161083,0.000685671,
0.00100452,0.000595034,0.000383893,0.000230336,0.000169553,0.000172752,0.000246331,0.0003583,0.00039669,0.000668614,0.00174351,0.000598233,0.000604632,0.000722999,0.00103011,0.00255929,0.0235774,0.940957,0.0219203,0.00206023,
0.00221275,0.00114955,0.000647633,0.00044255,0.000269847,0.000188893,0.000248259,0.000134924,0.000178099,0.000221275,0.000939069,0.000280641,0.000420962,0.000415565,0.000609855,0.00121431,0.00280101,0.0248421,0.939139,0.023644,
0.0274108,0.00278814,0.0011854,0.000816906,0.000399574,0.000399574,0.00045285,0.000483928,0.00060824,0.00103889,0.00207334,0.000697034,0.000572722,0.000528325,0.000577162,0.00075919,0.00126532,0.00313887,0.0277571,0.927047,


0.931882,0.0257959,0.00326667,0.00119939,0.00074133,0.000439976,0.000253137,0.000223002,0.000180812,0.000241083,0.000620789,0.000168758,0.000192866,0.000223002,0.000283272,0.000373679,0.000723249,0.00113912,0.0028267,0.0292253,
0.0267368,0.935899,0.0220874,0.00239763,0.00118586,0.000732249,0.000554047,0.000557287,0.000583208,0.000936372,0.00208335,0.000498966,0.000398525,0.000298084,0.000275404,0.000298084,0.000430926,0.000648008,0.000981733,0.00241707,
0.0018691,0.0246183,0.942561,0.0220234,0.00268073,0.00107307,0.000612628,0.000398013,0.00028095,0.00026144,0.00100284,0.000148279,9.75522e-05,0.000148279,0.000163888,0.000148279,0.000183398,0.000351188,0.000483859,0.000893578,
0.00085076,0.0020628,0.0251188,0.938706,0.0254801,0.00291745,0.00104111,0.000691485,0.000306895,0.000318549,0.000800258,0.000151505,9.71187e-05,0.000132081,0.000124312,0.000128197,0.000124312,0.000213661,0.000326319,0.000407898,
0.000364871,0.00073312,0.00180408,0.025345,0.937144,0.028237,0.00263518,0.00111488,0.000587848,0.000334465,0.000574334,0.00015203,9.45962e-05,9.12178e-05,7.43256e-05,8.78393e-05,0.000111488,0.000114867,0.000121624,0.000277032,
0.000201557,0.000363414,0.000647427,0.00205528,0.0299221,0.935459,0.0249351,0.00298672,0.00113605,0.00057108,0.000711559,0.000265689,0.000128264,0.000116048,7.32936e-05,7.02397e-05,8.55092e-05,7.63475e-05,9.1617e-05,0.000103833,
0.000116624,0.000173641,0.000331732,0.000621997,0.00173122,0.0248954,0.935253,0.0314523,0.00281972,0.000990012,0.000645322,0.000238432,0.000194374,0.000137358,7.5158e-05,6.99747e-05,5.70164e-05,6.21997e-05,6.7383e-05,6.7383e-05,
6.97422e-05,8.22601e-05,0.000139484,0.000252145,0.000506078,0.00148783,0.027237,0.927071,0.0383314,0.00295063,0.000917379,0.00033977,0.000194921,0.000109084,7.33188e-05,5.18596e-05,4.47066e-05,4.82831e-05,5.00714e-05,4.29183e-05,
3.79429e-05,5.312e-05,4.98678e-05,9.97356e-05,0.000158276,0.000370756,0.00125428,0.0322981,0.931573,0.0307229,0.00227224,0.000566975,0.000204892,0.000104072,6.5045e-05,4.22792e-05,4.01111e-05,1.95135e-05,3.46906e-05,3.25225e-05,
2.07411e-05,1.6132e-05,2.56794e-05,3.22639e-05,5.937e-05,0.000114899,0.00030124,0.00130768,0.0706159,0.916183,0.0100776,0.000816694,0.000199839,8.74638e-05,4.31283e-05,2.7984e-05,2.2058e-05,1.72294e-05,1.45956e-05,1.70099e-05,
5.11131e-05,5.95242e-05,6.08182e-05,6.98762e-05,8.66982e-05,0.000119048,0.00016175,0.000372673,0.00131212,0.0310994,0.951581,0.0134324,0.000822339,0.000279505,0.000144281,9.64033e-05,6.98762e-05,6.08182e-05,6.66412e-05,5.37011e-05,
1.28398e-05,1.34818e-05,1.25188e-05,1.52794e-05,1.81683e-05,2.86328e-05,4.61591e-05,9.37947e-05,0.000299103,0.00128276,0.0712549,0.91936,0.00653546,0.000683783,0.000177446,7.51128e-05,3.55662e-05,2.2919e-05,1.91313e-05,1.34176e-05,
7.20705e-05,8.03863e-05,6.09827e-05,6.65266e-05,8.87021e-05,0.000133053,0.000169088,0.000235615,0.000540529,0.00117253,0.00359521,0.0313784,0.931716,0.0273369,0.00195976,0.000659722,0.000296598,0.000174632,0.000160773,0.000102562,
0.000127479,0.000103996,0.000127479,9.72864e-05,0.000100641,0.000157671,0.000181154,0.000204637,0.000358953,0.00079171,0.00154987,0.00367004,0.0343052,0.9257,0.0291725,0.00191889,0.000694424,0.00034218,0.000234829,0.000161026,
0.000147959,0.00011355,0.00011699,8.94633e-05,6.88179e-05,0.000106668,8.94633e-05,0.00011699,0.000213336,0.000333767,0.000853342,0.00111141,0.00272863,0.0306343,0.928925,0.0312124,0.00193378,0.000646888,0.00034409,0.000213336,
0.000136027,7.94113e-05,7.00688e-05,6.76397e-05,6.80134e-05,6.44633e-05,6.68923e-05,8.87538e-05,0.000109307,0.000171342,0.000707788,0.000343244,0.000588765,0.00169959,0.0340633,0.946765,0.01338,0.000917621,0.000375942,0.0002373,
0.000375715,0.000192935,0.000121853,0.000125238,0.000138777,0.000148932,0.000118469,0.000108314,0.000145547,0.000240322,0.000984982,0.000385869,0.000473874,0.000869898,0.00259615,0.0234737,0.945806,0.0212397,0.00172626,0.000727736,
0.000600576,0.000356778,0.000308216,0.000212084,0.000202174,0.000195237,0.000223977,0.000330019,0.000376599,0.000489578,0.00172343,0.000602558,0.000565889,0.000677877,0.000828517,0.00197813,0.023474,0.947087,0.0182165,0.00155099,
0.00214836,0.00113429,0.00062203,0.000412945,0.000261357,0.000198632,0.000177723,0.00018295,0.000104543,0.000209086,0.000935659,0.000188177,0.000318856,0.000386809,0.000674302,0.00116565,0.00274425,0.0250067,0.940123,0.0230047,
0.0275926,0.00311772,0.00123173,0.000746411,0.000488392,0.000417744,0.000491464,0.000552897,0.000675763,0.000989071,0.00202422,0.000887707,0.000675763,0.000641975,0.000608187,0.000755626,0.00115494,0.00333274,0.03541,0.918205,


0.932077,0.026734,0.00325004,0.00140067,0.00069124,0.000509335,0.000321366,0.000254667,0.000200096,0.000230413,0.000666986,0.000157651,0.000260731,0.000212223,0.000333493,0.000375938,0.000624541,0.00108537,0.00278315,0.0278315,
0.0270305,0.935278,0.023137,0.00244984,0.00118053,0.000835249,0.000605062,0.000526141,0.000506411,0.000858267,0.00139427,0.00046695,0.000388029,0.000312396,0.000302531,0.000312396,0.000437355,0.000424201,0.000881286,0.00267345,
0.0019511,0.0240013,0.944128,0.0213705,0.00256965,0.00113783,0.000584186,0.00040473,0.000244365,0.000225274,0.00080946,0.000175638,0.000126001,6.49095e-05,9.54552e-05,0.000145092,0.000206183,0.00033982,0.000530731,0.000889642,
0.000870849,0.00212033,0.0250426,0.938878,0.0251751,0.00288138,0.00120783,0.00062474,0.000386203,0.000291545,0.000745901,0.000230964,0.000121162,9.08712e-05,0.000132521,0.000140093,0.000177956,0.000230964,0.000257468,0.000393775,
0.000364716,0.000729432,0.00202809,0.0247564,0.937473,0.0283285,0.002628,0.00114868,0.000518101,0.000313588,0.00056923,9.20311e-05,0.000139751,8.18054e-05,9.88482e-05,8.18054e-05,8.18054e-05,0.000132934,0.000187471,0.000245416,
0.000208619,0.000300657,0.000693351,0.00200642,0.0296699,0.935936,0.0250895,0.00280102,0.00106764,0.000579838,0.000644265,0.000184076,0.000125785,0.000113513,6.74944e-05,0.000128853,7.66982e-05,9.20378e-05,8.89699e-05,0.000125785,
0.000114208,0.000160929,0.000301094,0.000563253,0.0019623,0.023693,0.935439,0.0318355,0.00308881,0.00105123,0.000718991,0.000321859,0.000166121,0.000121995,8.82516e-05,6.48909e-05,8.30604e-05,5.19127e-05,6.74865e-05,0.000106421,
4.54412e-05,0.000103606,0.000127235,0.000209029,0.000507123,0.00154136,0.0267067,0.926834,0.0391521,0.00279918,0.00107059,0.000314453,0.000167223,0.000114512,6.72529e-05,6.18e-05,4.18059e-05,4.36235e-05,4.90765e-05,4.36235e-05,
3.23483e-05,4.2746e-05,5.66096e-05,7.85602e-05,0.000155965,0.000378938,0.00128585,0.0304594,0.930939,0.0330831,0.00233023,0.000596133,0.000247234,9.82003e-05,5.54543e-05,3.58142e-05,3.81248e-05,2.77271e-05,2.19507e-05,3.69695e-05,
3.57013e-05,2.67759e-05,3.86764e-05,5.85104e-05,7.23942e-05,0.000157681,0.000386764,0.0015649,0.034059,0.922758,0.0381299,0.00186936,0.000412548,0.000177515,7.14025e-05,5.75187e-05,4.26432e-05,3.6693e-05,1.68589e-05,2.67759e-05,
2.49243e-05,2.11017e-05,1.84831e-05,1.85202e-05,2.09064e-05,3.18353e-05,5.9469e-05,0.00017105,0.000960943,0.0594728,0.932081,0.00621794,0.000593052,0.000118541,4.89022e-05,2.93851e-05,2.66924e-05,2.82181e-05,2.889e-05,2.76186e-05,
4.6906e-05,6.25413e-05,7.62222e-05,3.90883e-05,9.18575e-05,0.000109447,0.00019935,0.000357658,0.000957663,0.00374271,0.0464877,0.923565,0.0215181,0.00158308,0.000537464,0.000271664,0.000111402,9.18575e-05,7.81766e-05,7.23134e-05,
8.61381e-05,3.89011e-05,8.05809e-05,6.39089e-05,8.33595e-05,9.44741e-05,0.00016394,0.000225071,0.000516829,0.00111702,0.00355945,0.030554,0.932309,0.0278365,0.00198118,0.000633532,0.00028898,0.000150047,0.000116703,0.000100031,
7.20771e-05,5.98794e-05,5.43351e-05,5.65528e-05,7.42949e-05,7.76215e-05,7.98393e-05,0.000147481,0.000229538,0.000391434,0.00140273,0.00141271,0.0179339,0.958507,0.0176755,0.000912607,0.000401414,0.000205143,0.0001874,0.00011865,
