0.931193,0.0236642,0.00299396,0.00135327,0.000520949,0.000407178,0.000329335,0.000329335,0.00025748,0.000167662,0.000658671,0.00017365,0.00025748,0.00025748,0.000203589,0.00046107,0.000622743,0.00123351,0.00251492,0.0324006,
0.0273554,0.949603,0.0146973,0.00153089,0.000781692,0.000437671,0.000332554,0.000235081,0.00021788,0.000210235,0.00122701,0.000164366,0.000131875,0.000105118,0.000166277,0.000181567,0.000221702,0.000401358,0.000621149,0.00137799,
0.00176075,0.0252245,0.947294,0.0180171,0.00231219,0.000880375,0.000538545,0.000409552,0.000203164,0.000158016,0.000773956,0.000183815,0.000135442,0.000135442,0.000135442,0.000206388,0.000170915,0.000248311,0.000438575,0.000773956,
0.00135076,0.00314736,0.0406543,0.927282,0.0181271,0.00267396,0.00134175,0.000866756,0.000612296,0.000391233,0.00104647,0.000224243,0.000164339,0.000164869,0.00016593,0.000185544,0.000226364,0.000305883,0.000402896,0.000665839,
0.000384417,0.000722561,0.00227803,0.0300913,0.93435,0.0254427,0.00290092,0.00108562,0.000619338,0.000352382,0.000519675,0.000156614,0.000142377,0.000110342,8.5426e-05,0.000110342,0.000128139,0.000117461,0.00018509,0.000217124,
0.000305915,0.000503722,0.00103723,0.00356287,0.0854804,0.887451,0.015359,0.00272043,0.00117178,0.000595764,0.000593086,0.000221236,0.000148941,0.000118483,0.000102418,0.000102753,9.23769e-05,0.000112459,0.000145929,0.000174713,
0.000238582,0.000306435,0.000568219,0.00145557,0.00526544,0.076379,0.886793,0.0200798,0.0042901,0.00194368,0.00106946,0.000436452,0.000232891,0.000170728,0.000126076,0.000108566,0.000109003,0.000111192,0.000135707,0.000180359,
6.94908e-05,6.59272e-05,0.000124727,0.000238763,0.000498909,0.00142367,0.0331935,0.927642,0.0319551,0.00293822,0.000922981,0.000363491,0.000187091,8.55272e-05,7.66181e-05,5.70181e-05,3.38545e-05,2.85091e-05,5.16727e-05,4.27636e-05,
4.41884e-05,4.30553e-05,6.4583e-05,8.49776e-05,0.000158625,0.000378434,0.0012554,0.0407553,0.926817,0.0270138,0.00226494,0.000537059,0.000222075,0.000122368,5.66518e-05,5.32527e-05,3.73902e-05,2.94589e-05,3.51241e-05,2.60598e-05,
8.72759e-05,0.000110326,0.000127663,0.000188145,0.000354817,0.000663139,0.00189209,0.00848664,0.0712063,0.893513,0.0195163,0.00205266,0.000766373,0.000357378,0.000212969,0.000130618,9.92935e-05,8.25476e-05,7.88044e-05,7.32881e-05,
0.000112458,0.00011667,0.0001214,0.000125342,0.000153967,0.000230581,0.000407828,0.00121999,0.00688615,0.05943,0.923739,0.00553858,0.000811493,0.000322395,0.000189687,0.000134949,0.000120661,0.000112187,0.000108762,0.000118074,
5.53073e-05,4.57716e-05,4.19573e-05,8.20074e-05,6.67502e-05,0.000114429,0.000179272,0.000396687,0.000995532,0.00349771,0.0570733,0.916595,0.0180626,0.00174886,0.000471066,0.000226951,0.000131593,8.9636e-05,6.48431e-05,6.10288e-05,
0.000270784,0.000210246,0.000167093,0.000145699,0.000166468,0.000227632,0.000385459,0.000858629,0.00227653,0.00806908,0.020861,0.0732091,0.872846,0.0159073,0.00199851,0.000863366,0.000485663,0.000383377,0.000346887,0.000320652,
0.000270539,0.000226923,0.000178581,0.000159271,0.000156031,0.000194245,0.000282962,0.000501918,0.00108297,0.00278492,0.00570542,0.00762322,0.0429864,0.919359,0.0150972,0.00138281,0.000753552,0.000506982,0.000404559,0.000342646,
0.000290997,0.00023275,0.000189046,0.000161526,0.000157069,0.000177631,0.000228919,0.000338454,0.000612797,0.00128454,0.00295578,0.0025318,0.00341956,0.0337469,0.935809,0.0150531,0.00125139,0.000722879,0.000469175,0.000366834,
0.000385666,0.000287343,0.000224577,0.000186031,0.000179538,0.000190359,0.000255496,0.000348253,0.000536139,0.000907067,0.00229338,0.00137024,0.00176374,0.00258412,0.0340996,0.935517,0.0161331,0.00147134,0.000750615,0.000516351,
0.000606748,0.000427371,0.00032786,0.000281877,0.000259526,0.000302804,0.000387225,0.000471646,0.000698287,0.00110758,0.00265335,0.00124211,0.00126375,0.0016393,0.00292099,0.0236351,0.938574,0.0202085,0.0020409,0.000951264,
0.000804702,0.000522306,0.000368387,0.000292827,0.000230496,0.000225408,0.000255683,0.000308601,0.00037373,0.000488469,0.00184982,0.000588453,0.000679786,0.000817932,0.00135398,0.00275705,0.0235653,0.945659,0.0172356,0.00162238,
0.00198368,0.00108585,0.000615787,0.000371352,0.000249135,0.00021623,0.000244434,0.000225632,0.000300842,0.000244434,0.00111876,0.000202128,0.000408958,0.000394856,0.000587583,0.00115636,0.00241144,0.0250874,0.942981,0.0201141,
0.0273845,0.00311863,0.0012821,0.000712829,0.000475219,0.000539572,0.000514821,0.00050492,0.000579174,0.00103954,0.00192068,0.000811833,0.00072768,0.00072768,0.000618775,0.000816783,0.00124745,0.00360375,0.0313942,0.92198,


0.931016,0.0239919,0.0029915,0.0013129,0.000797333,0.000383679,0.000353704,0.000281764,0.00021582,0.000221815,0.000743379,0.00022781,0.000209825,0.0002398,0.0002398,0.000515569,0.000629474,0.001199,0.00267976,0.0317495,
0.0270862,0.94612,0.0149954,0.00154007,0.000920496,0.000629566,0.000524978,0.000414682,0.000412847,0.000503164,0.00162896,0.000281144,0.000246893,0.000212846,0.00021835,0.000254844,0.00035515,0.000528648,0.000888284,0.00223753,
0.00217303,0.0259193,0.944702,0.0185231,0.00240539,0.0011127,0.000539985,0.000448351,0.000317446,0.000219267,0.000994882,0.00012436,0.000157087,0.000114542,0.000209449,0.000170177,0.000199631,0.000294537,0.000549803,0.000824704,
0.00104531,0.00218409,0.0289626,0.93494,0.0246709,0.00313592,0.00118128,0.000671375,0.000386678,0.00032294,0.000760608,0.000182716,0.000114729,0.00010623,0.000118978,0.000101981,0.000157221,0.000199713,0.000263451,0.000492908,
0.000243223,0.000366386,0.000756578,0.0210693,0.959012,0.014198,0.00116436,0.00055579,0.000323952,0.000230803,0.00128649,0.000125234,7.76242e-05,5.38195e-05,6.31344e-05,7.45193e-05,8.59042e-05,7.76242e-05,0.000100394,0.000134549,
0.000215476,0.000346068,0.000718255,0.00210579,0.0358181,0.93043,0.0237187,0.0030885,0.00126348,0.000623576,0.000613781,0.000199152,0.000153445,8.16199e-05,8.48847e-05,0.000111003,8.81494e-05,8.16199e-05,0.000111003,0.000146916,
0.000136007,0.000200161,0.000297675,0.000587651,0.00177578,0.0278634,0.935769,0.0275298,0.00302294,0.00109319,0.000680033,0.000315638,0.00022069,0.000105213,6.41541e-05,6.15879e-05,6.15879e-05,5.64556e-05,6.92864e-05,8.98157e-05,
5.87493e-05,6.05296e-05,0.0001264,0.000258141,0.000502039,0.00149188,0.0326593,0.928091,0.0321376,0.00282353,0.000906163,0.000336473,0.000176248,8.90141e-05,7.65521e-05,6.05296e-05,3.20451e-05,2.67042e-05,4.27268e-05,4.4507e-05,
3.08186e-05,5.02229e-05,7.30514e-05,7.41929e-05,0.000166649,0.000386944,0.00132063,0.0391727,0.927633,0.0277219,0.00225889,0.000569573,0.000202033,0.00010387,7.41929e-05,4.67986e-05,3.53843e-05,2.397e-05,2.51114e-05,2.96771e-05,
3.65163e-05,1.48039e-05,4.34248e-05,7.00719e-05,8.68497e-05,0.000169752,0.000409575,0.00155046,0.0415576,0.921145,0.0322281,0.00181101,0.000437209,0.000164817,8.58627e-05,5.5268e-05,4.83595e-05,2.96078e-05,3.05948e-05,2.46732e-05,
5.57239e-05,5.82859e-05,6.91745e-05,7.8782e-05,8.45466e-05,0.000117853,0.000173577,0.000353558,0.00132456,0.0366746,0.947732,0.0116988,0.000817283,0.000251718,0.000135787,0.000103762,8.19845e-05,7.1096e-05,5.12403e-05,6.59719e-05,
0.000206286,0.000165831,0.000133402,0.000126358,0.000149305,0.000245403,0.000533312,0.00134333,0.00502782,0.0320161,0.134742,0.801578,0.0185674,0.00289645,0.000862359,0.000382788,0.000257739,0.000251794,0.000265734,0.000249119,
5.24687e-05,4.69456e-05,6.62762e-05,8.00837e-05,6.62762e-05,0.000132552,0.000168452,0.000273389,0.000563348,0.00117364,0.00356511,0.0360239,0.930565,0.0238622,0.00195515,0.000712469,0.000259582,0.000187783,0.00014636,9.94143e-05,
0.000141832,0.000101308,6.75388e-05,0.000104685,7.76696e-05,0.000101308,0.000118193,0.000229632,0.000303925,0.000493033,0.00158041,0.00333979,0.039625,0.924336,0.0258404,0.00201603,0.000736173,0.000327563,0.000222878,0.000236386,
0.000146359,8.84962e-05,8.16888e-05,9.53036e-05,8.50925e-05,8.50925e-05,9.87073e-05,0.00015657,0.000180396,0.000326755,0.000884962,0.000983669,0.00268892,0.0337647,0.930469,0.0266408,0.00192649,0.000684144,0.000411848,0.000200818,
0.000268679,0.000197974,9.33305e-05,7.63613e-05,8.20178e-05,8.48459e-05,7.91896e-05,0.000121613,0.000135754,0.000206458,0.000763614,0.000472309,0.000905023,0.00229084,0.0341307,0.939983,0.0177696,0.00151026,0.00051756,0.000311102,
0.000384641,0.000207762,0.000179686,0.000143188,8.4228e-05,0.000103881,8.70356e-05,0.000109496,0.000171264,0.000157226,0.000963007,0.000303221,0.000446409,0.000786128,0.00226573,0.0253077,0.948377,0.0178114,0.00149084,0.00062048,
0.000720754,0.00041224,0.000311174,0.000215428,0.000186173,0.000257982,0.000250003,0.000257982,0.000382984,0.000473411,0.00144417,0.000507985,0.000537241,0.000595753,0.000946821,0.00212237,0.0233992,0.946696,0.0184045,0.00187768,
0.0019211,0.000879709,0.000546475,0.000404514,0.000354902,0.000381202,0.000469069,0.000566499,0.000775405,0.00121324,0.00293127,0.00107412,0.0008032,0.000772865,0.000816499,0.00112807,0.00240527,0.0251617,0.937353,0.0200419,
0.0219032,0.00267795,0.00133956,0.000864083,0.000663325,0.000551792,0.00052479,0.000500722,0.000561771,0.000704415,0.00168355,0.000592296,0.000579382,0.000574099,0.000730831,0.00103197,0.00186259,0.00393181,0.0381218,0.9206,


0.930655,0.0244805,0.00311316,0.00115798,0.000727374,0.00051789,0.000308407,0.00017457,0.000261855,0.000256036,0.000651727,0.000168751,0.00017457,0.000197846,0.000267674,0.000389873,0.000640089,0.00124526,0.00286295,0.0317484,
0.0275428,0.937423,0.0212892,0.00238083,0.00103651,0.000565367,0.000464858,0.000436589,0.000489985,0.000756964,0.00171181,0.000486844,0.000354925,0.000329798,0.000323516,0.000348643,0.000376912,0.000577931,0.000923434,0.00217981,
0.00185417,0.025182,0.94682,0.0181002,0.00233826,0.000980365,0.000590655,0.000404933,0.000249658,0.000152231,0.00120262,0.000115695,9.74276e-05,9.4383e-05,0.000112651,0.000164409,0.000191811,0.000261837,0.000368398,0.000718529,
0.000891844,0.002172,0.0296186,0.934208,0.0249161,0.00318759,0.00131003,0.000550468,0.000430987,0.00032004,0.000768095,0.00013655,0.000149352,0.000128016,7.68095e-05,0.000119481,0.00013655,0.000166421,0.000268833,0.000443788,
0.000544029,0.00101108,0.00277247,0.0562145,0.915564,0.0168671,0.0023824,0.0011966,0.000649548,0.000448889,0.000731715,0.000220552,0.000171685,0.000117628,0.000125412,0.000136224,0.000136224,0.000152224,0.000242175,0.00031526,
0.000189742,0.000327142,0.000749154,0.00196939,0.0356126,0.931091,0.0237309,0.00305877,0.0011221,0.000605212,0.000546327,0.000183199,0.000150485,0.000111228,6.54283e-05,8.17854e-05,6.54283e-05,0.000101414,7.8514e-05,0.000160299,
0.000106068,0.000151871,0.000286867,0.000590608,0.00180316,0.028771,0.935674,0.0270233,0.00295063,0.00103899,0.000667748,0.000238654,0.000163924,0.000115711,5.78554e-05,6.99087e-05,5.78554e-05,7.47299e-05,7.71406e-05,7.95512e-05,
6.05676e-05,7.09506e-05,0.000148823,0.000214582,0.000510498,0.00154707,0.0318741,0.927433,0.0334644,0.00274458,0.000979464,0.000351292,0.00017305,0.000110752,6.40286e-05,6.57591e-05,5.88371e-05,3.63405e-05,3.63405e-05,5.53761e-05,
3.65449e-05,3.42608e-05,6.05274e-05,8.5652e-05,0.000165594,0.000393999,0.00130305,0.0382579,0.927883,0.0283463,0.002364,0.000547031,0.000190719,0.000122197,4.91072e-05,4.45391e-05,3.76869e-05,2.16985e-05,1.82724e-05,3.76869e-05,
3.16007e-05,2.96256e-05,4.04884e-05,6.61639e-05,8.69019e-05,0.000154053,0.000384146,0.00155633,0.0405644,0.92162,0.0328627,0.00174199,0.00044241,0.000149116,7.90017e-05,6.02388e-05,3.65383e-05,3.25882e-05,2.2713e-05,3.85133e-05,
4.81325e-05,5.7759e-05,5.96843e-05,7.05943e-05,8.92055e-05,0.000120652,0.000182262,0.000392119,0.00132974,0.0359819,0.948227,0.0118868,0.000793223,0.000281735,0.000138621,9.62649e-05,6.99525e-05,6.8669e-05,5.58337e-05,4.9416e-05,
5.29043e-05,4.53465e-05,3.77888e-05,6.0462e-05,8.88036e-05,0.000126592,0.000156823,0.000340099,0.000946608,0.00370708,0.0542892,0.918397,0.0189246,0.00171183,0.000506369,0.000228622,0.000145487,9.63613e-05,8.12458e-05,5.66831e-05,
6.88629e-05,5.78449e-05,6.61084e-05,8.539e-05,7.16175e-05,0.000143235,0.000137726,0.000275452,0.000517849,0.00116241,0.00372411,0.0351669,0.930206,0.0250138,0.00194744,0.000641803,0.000319524,0.000179044,0.000123953,9.08991e-05,
0.000124171,0.000120816,0.000114104,8.72556e-05,9.73236e-05,9.39676e-05,0.000137595,0.000261767,0.000379226,0.000788657,0.00168135,0.0033929,0.03803,0.925403,0.02568,0.00207736,0.000708113,0.00037587,0.000275191,0.000171155,
0.000109487,0.000106065,9.58008e-05,7.86935e-05,8.2115e-05,9.92223e-05,0.000123173,0.00014028,0.000246345,0.00032846,0.000834836,0.00110513,0.00279533,0.034218,0.929183,0.0274675,0.00180311,0.000622705,0.000345567,0.000215552,
0.000177312,0.000149168,0.000115394,8.44345e-05,0.000123837,8.7249e-05,7.5991e-05,9.56924e-05,0.000171683,0.000236417,0.0010695,0.000537566,0.000844345,0.00236698,0.0342129,0.938934,0.0182773,0.00151982,0.000622001,0.000298335,
0.000362867,0.000301905,0.000165467,0.000104506,0.000104506,0.000130632,0.000104506,9.57968e-05,0.000124826,0.000153856,0.00117279,0.000348352,0.000441246,0.000836045,0.00210172,0.0235138,0.950133,0.0176295,0.00157049,0.00060381,
0.000779236,0.000489398,0.000306468,0.000173428,0.000156798,0.00014967,0.000235196,0.000237572,0.000289838,0.000415751,0.00154184,0.000491774,0.000446635,0.000641444,0.000860011,0.00222605,0.0234887,0.946207,0.0189511,0.00191245,
0.00221565,0.00103733,0.000533771,0.000362561,0.000231637,0.000221565,0.000226601,0.000176245,0.000176245,0.000140996,0.00108768,0.000281992,0.000357526,0.000367597,0.000629447,0.00113804,0.00281489,0.0267893,0.938783,0.0224285,
0.0275263,0.00344379,0.00117194,0.00067723,0.000475502,0.000403456,0.000494714,0.000470699,0.000845337,0.00107108,0.00209893,0.000797306,0.000744473,0.000701245,0.000585972,0.000835731,0.00147934,0.00357827,0.0307828,0.921816,


0.931429,0.0242226,0.00346037,0.00133369,0.000564714,0.000462585,0.000282357,0.000228289,0.000222281,0.000216273,0.000732926,0.000156197,0.000156197,0.000144182,0.000216273,0.000288365,0.00062479,0.00133369,0.00275749,0.0311674,
0.0271893,0.952377,0.013344,0.0011133,0.000647532,0.000479969,0.000316666,0.000186024,0.000137743,0.000160463,0.00127092,9.65618e-05,9.79819e-05,0.000124962,0.000139163,0.000147683,0.000214424,0.000374887,0.000479969,0.00110194,
0.00181985,0.0246823,0.951812,0.0140666,0.00146872,0.00084086,0.00055532,0.000400034,0.000274415,0.000248921,0.00139085,0.000167569,0.000125619,0.000130718,0.000152041,0.000153895,0.000210215,0.000292493,0.000451255,0.000756496,
0.00104665,0.00217617,0.0286653,0.934889,0.024954,0.00313996,0.00126035,0.000645437,0.000392495,0.00032708,0.000767547,0.000156998,0.000126471,0.000104665,0.000113388,0.000174442,0.000161359,0.000174442,0.000274747,0.000449189,
0.000360268,0.000684866,0.00197969,0.0285075,0.934228,0.0273268,0.00306406,0.00115928,0.000674165,0.000331732,0.000570721,0.000149814,0.000114144,0.000117711,7.13402e-05,7.13402e-05,8.56082e-05,0.00010701,0.000199752,0.000196185,
0.0001502,0.000329786,0.000747733,0.00200157,0.0342259,0.931734,0.0243911,0.00289298,0.00130935,0.000591003,0.000542025,0.000222034,0.000140404,0.000107752,0.000114282,9.79563e-05,9.46911e-05,9.46911e-05,0.000114282,9.79563e-05,
0.000146265,0.000143699,0.000297663,0.000608155,0.00184243,0.0268717,0.935564,0.0288014,0.00301255,0.00107518,0.000646646,0.000261738,0.000133435,0.000136001,6.15854e-05,8.72459e-05,6.92835e-05,4.87551e-05,8.72459e-05,0.000105208,
6.23997e-05,6.57726e-05,0.000136605,0.000269836,0.000495824,0.00155493,0.0315068,0.927611,0.0335727,0.00275739,0.00105405,0.000315371,0.000153469,0.000124799,7.92644e-05,5.39673e-05,3.37295e-05,4.55349e-05,5.05943e-05,5.56537e-05,
4.21706e-05,4.10309e-05,4.33104e-05,8.77605e-05,0.000159565,0.000393213,0.00125828,0.0370155,0.928745,0.0288276,0.00226696,0.000571013,0.000217692,9.11797e-05,5.92668e-05,4.21706e-05,2.73539e-05,4.10309e-05,2.84937e-05,4.10309e-05,
3.75207e-05,4.83819e-05,2.96216e-05,6.41801e-05,8.88648e-05,0.000180692,0.000358421,0.00162326,0.0392723,0.922299,0.0334339,0.00174175,0.000363358,0.000170818,8.49152e-05,5.72684e-05,3.85081e-05,3.85081e-05,3.45585e-05,3.45585e-05,
7.49344e-05,6.14846e-05,7.3013e-05,7.42939e-05,8.262e-05,0.000125531,0.000181252,0.000386841,0.00132384,0.0348086,0.94894,0.0122764,0.000812109,0.000263231,0.000129374,9.22269e-05,8.39009e-05,8.58223e-05,6.14846e-05,6.27656e-05,
5.18711e-05,4.03442e-05,5.76346e-05,4.995e-05,6.91615e-05,0.000113348,0.000184431,0.00038423,0.000989393,0.00366748,0.0530007,0.919492,0.0190386,0.00170022,0.000503342,0.000232459,0.000186352,0.000103742,8.26095e-05,5.18711e-05,
7.16366e-05,8.54129e-05,6.33708e-05,7.16366e-05,8.81681e-05,0.000101944,0.00016256,0.000286546,0.000562072,0.00118751,0.00344958,0.0342147,0.930849,0.0254448,0.00207471,0.000625443,0.000292057,0.000179091,9.64339e-05,9.36786e-05,
0.000111463,7.76862e-05,0.000118218,0.000118218,6.41755e-05,0.000121596,0.000182394,0.000206037,0.000287101,0.000489761,0.00138822,0.00331348,0.0384141,0.924955,0.0266903,0.00203673,0.000732952,0.000314122,0.000243191,0.000135106,
0.000172136,6.88544e-05,8.6068e-05,5.16408e-05,6.88544e-05,6.54117e-05,8.26253e-05,0.000179021,0.000220334,0.000299517,0.000702315,0.000967404,0.00259237,0.0325681,0.930399,0.0284334,0.00179021,0.000654117,0.000420012,0.000179021,
0.000139024,0.00016018,8.46233e-05,7.85788e-05,7.25343e-05,0.00012089,7.25343e-05,0.000117868,0.000178313,0.000259915,0.000749521,0.00041405,0.000918768,0.00243292,0.0337496,0.938772,0.0191128,0.00164109,0.000577252,0.00034756,
0.000383159,0.000287369,0.000197566,9.27963e-05,9.87832e-05,8.3816e-05,7.18423e-05,0.000101777,0.000125724,0.000197566,0.00115247,0.000365198,0.000508883,0.000811219,0.00201158,0.0238636,0.948917,0.018658,0.00138296,0.000688489,
0.000935384,0.00049621,0.000345066,0.000282326,0.000205328,0.000245253,0.000245253,0.000299437,0.000362176,0.00065591,0.00175385,0.000638799,0.000607429,0.000650206,0.00114356,0.00239264,0.0234873,0.944365,0.0190356,0.00185366,
0.00217116,0.000997686,0.000484591,0.000270801,0.000190035,0.000256548,0.000142527,0.000137776,0.000190035,0.000175783,0.00110221,0.000204288,0.000308808,0.000441833,0.000679377,0.0010642,0.00286479,0.0247046,0.942804,0.0208089,
0.0138193,0.000902526,0.000464132,0.000298554,0.000261664,0.000182736,0.000141556,0.000170725,0.00016472,0.000240216,0.00164462,0.000203326,0.00020161,0.000199036,0.000321718,0.000323434,0.000470137,0.000955717,0.0144593,0.964575,


0.915474,0.0194343,0.00254813,0.00127151,0.000840196,0.000648544,0.000508446,0.000488769,0.000523794,0.000624145,0.00128961,0.000401011,0.000360871,0.000350245,0.000420295,0.000566689,0.000833112,0.00135612,0.00363311,0.0484267,
0.0272858,0.941693,0.0187619,0.00199369,0.000937478,0.000492238,0.000462555,0.000415558,0.000430399,0.000588707,0.00173396,0.000341351,0.000279512,0.000319089,0.0002152,0.000269618,0.000380928,0.0005145,0.000858325,0.00202584,
0.00134995,0.0248908,0.951233,0.0160542,0.00169812,0.000689928,0.00043788,0.000267,0.000241368,0.000134568,0.00111499,0.000102528,6.6216e-05,7.0488e-05,0.0001068,0.000115344,0.00018156,0.00027768,0.00033108,0.000636528,
0.000821595,0.00217457,0.0271821,0.936512,0.0248522,0.00307792,0.0014102,0.000625393,0.000416929,0.000237077,0.000821595,0.000159414,0.000167589,0.000175764,0.000138976,0.000102188,0.000192114,0.000192114,0.000261602,0.000478242,
0.00037843,0.000860392,0.00194927,0.027886,0.934849,0.0274111,0.00294532,0.00110673,0.000624766,0.000360579,0.000542654,0.000178504,0.000121383,0.000114243,7.8542e-05,0.000110673,6.06915e-05,9.99625e-05,0.000142804,0.000178504,
0.000206212,0.000353506,0.000635002,0.00207521,0.0332492,0.932526,0.0242905,0.00317501,0.00122745,0.000540079,0.000648095,0.000206212,0.000170207,0.000101469,0.000111289,8.83765e-05,5.89177e-05,0.000108016,0.000121109,0.000108016,
0.000105381,0.000172208,0.000336706,0.000606584,0.00184545,0.0259726,0.935602,0.0296892,0.00298408,0.00104096,0.000670841,0.000254457,0.000154216,0.000118232,5.39757e-05,7.96784e-05,5.14054e-05,7.96784e-05,0.000100241,8.22487e-05,
7.87823e-05,8.75359e-05,0.000115547,0.000264359,0.000493703,0.00145485,0.0305763,0.927354,0.0349198,0.00278364,0.000955892,0.00034139,0.000203083,9.62895e-05,5.77737e-05,2.97622e-05,4.3768e-05,5.6023e-05,4.02665e-05,4.72694e-05,
3.76783e-05,3.4253e-05,5.3663e-05,9.59084e-05,0.000170123,0.000365365,0.00129248,0.0359314,0.928865,0.0296768,0.00234519,0.000561749,0.000191817,0.00011646,6.16554e-05,5.25212e-05,5.13795e-05,2.28353e-05,3.76783e-05,3.65365e-05,
2.17294e-05,3.65449e-05,4.54342e-05,6.91389e-05,8.39544e-05,0.000182724,0.000397055,0.0015497,0.0383296,0.922182,0.0344075,0.00184897,0.000374338,0.000188651,8.29667e-05,5.72866e-05,4.04957e-05,3.65449e-05,2.46925e-05,4.04957e-05,
5.32282e-05,5.77174e-05,5.64347e-05,7.11847e-05,8.6576e-05,0.000128902,0.000183413,0.000352717,0.00134161,0.0338166,0.949935,0.0123624,0.000765717,0.000286663,0.000126978,0.000109022,7.75978e-05,7.82391e-05,5.45108e-05,5.57934e-05,
3.48059e-05,3.67395e-05,6.96118e-05,7.73464e-05,6.18771e-05,0.000110219,0.000175963,0.000384798,0.000968764,0.0035734,0.0525607,0.919759,0.0194081,0.00170162,0.000504685,0.000193366,0.000146958,9.47493e-05,8.12137e-05,5.60761e-05,
7.69914e-05,7.69914e-05,8.24908e-05,6.04932e-05,7.97411e-05,0.000104488,0.000167731,0.00026397,0.000489445,0.00125111,0.00369834,0.0337992,0.930848,0.0257344,0.00184229,0.000695672,0.00036021,0.000164982,0.000115487,8.79902e-05,
0.000128289,9.45285e-05,9.79045e-05,7.42724e-05,8.44004e-05,0.000128289,0.000141793,0.000202561,0.000327474,0.000580675,0.00143818,0.00318358,0.0367615,0.925495,0.0277509,0.00210663,0.000688708,0.000378114,0.000199185,0.000138417,
0.000151464,6.54049e-05,6.19626e-05,6.19626e-05,7.22897e-05,8.26167e-05,0.000110156,0.000179003,0.000230638,0.00026162,0.000812398,0.00104648,0.00266783,0.0327507,0.929208,0.0289365,0.00198624,0.000709127,0.000337352,0.000268504,
0.000228382,0.000126536,8.02422e-05,8.33285e-05,9.87596e-05,8.64147e-05,9.25872e-05,0.000104932,0.000172829,0.000259244,0.000626506,0.000506143,0.00098451,0.00246282,0.0340566,0.937818,0.019468,0.00169435,0.000645024,0.000404297,
0.000345539,0.000264044,0.000176029,9.77941e-05,0.000120613,0.000130392,0.000101054,0.000101054,0.000146691,0.000136912,0.00103336,0.000391176,0.000485711,0.00102032,0.00227208,0.0236922,0.947289,0.0197348,0.00171466,0.000746495,
0.000906981,0.000488609,0.00028095,0.000293166,0.000207659,0.00021682,0.000207659,0.000247358,0.000430587,0.000674892,0.00173762,0.000543578,0.000564954,0.000696268,0.000952788,0.00247358,0.0235754,0.941052,0.0223386,0.00211018,
0.00236458,0.00107066,0.000553089,0.000426234,0.000233414,0.000197894,0.000137004,0.000111633,0.000182672,0.000162375,0.00100977,0.000284156,0.000370417,0.000461753,0.000639351,0.00116707,0.0027147,0.0251275,0.941312,0.0214741,
0.0265945,0.00325109,0.00132638,0.000740595,0.000502098,0.000476993,0.000560677,0.000560677,0.000573229,0.000895409,0.00204187,0.000870304,0.000661096,0.000569045,0.00064436,0.000778252,0.00133056,0.00342264,0.0371804,0.91702,


0.931983,0.0252722,0.00289014,0.00138198,0.000739058,0.000480688,0.000276396,0.00021631,0.000210301,0.000192275,0.00073305,0.000180258,0.000192275,0.000186267,0.000270387,0.000408585,0.000570817,0.0011897,0.00267383,0.0299529,
0.0272179,0.943227,0.0181603,0.00179664,0.000897195,0.000570327,0.000412529,0.000417038,0.000428309,0.000599633,0.00169295,0.000367444,0.000236697,0.000238951,0.000254731,0.000207392,0.000302071,0.000482411,0.000662752,0.0018282,
0.00214963,0.0251983,0.94238,0.0214767,0.00267623,0.0012104,0.000632707,0.000365477,0.000306529,0.000235792,0.000888148,0.000192563,0.000141475,0.000125756,0.000121826,0.000196493,0.000200423,0.000255441,0.000404776,0.00084099,
0.00105175,0.00255105,0.0374303,0.925662,0.0253128,0.00292401,0.0011338,0.000716084,0.000458741,0.000261072,0.000570629,0.000156643,0.000130536,0.000134266,0.000130536,0.000152914,0.000149184,0.000242424,0.000331935,0.000499767,
0.000378079,0.000709789,0.00205446,0.0275962,0.934268,0.028199,0.00306743,0.00124124,0.000563551,0.000296043,0.000602786,0.000135538,0.000114137,9.27363e-05,6.77688e-05,8.56027e-05,7.49024e-05,0.000139104,0.000103437,0.00021044,
0.000211378,0.000403244,0.000689417,0.00201947,0.0326107,0.932564,0.0250337,0.00302758,0.00121298,0.000614622,0.000608118,0.000188614,0.000143087,0.000152843,9.43071e-05,8.45512e-05,7.80473e-05,6.82914e-05,8.78032e-05,0.000107315,
9.51069e-05,0.000185073,0.00028018,0.000596346,0.00162967,0.0260798,0.935083,0.0303725,0.00297659,0.00108216,0.000717157,0.000231341,0.000182502,8.73955e-05,7.19728e-05,5.39796e-05,4.36978e-05,6.94023e-05,7.71137e-05,8.48251e-05,
3.91235e-05,7.64686e-05,0.000145824,0.000248968,0.000558399,0.00150803,0.0291274,0.927534,0.0358816,0.00288625,0.00106167,0.000328993,0.000179612,0.000122705,6.40203e-05,6.04636e-05,2.48968e-05,3.37885e-05,5.69069e-05,6.04636e-05,
2.9714e-05,3.65711e-05,4.4571e-05,0.000103999,0.000205712,0.000407996,0.00134627,0.0349334,0.9289,0.030514,0.0023634,0.000579423,0.000217141,0.000110856,6.51422e-05,3.88567e-05,3.88567e-05,2.74283e-05,1.94284e-05,1.71427e-05,
3.55146e-05,3.0582e-05,4.53798e-05,6.3137e-05,9.1746e-05,0.000157843,0.000401512,0.00156856,0.0370526,0.922692,0.0351831,0.00184084,0.000395593,0.000177573,8.08943e-05,5.12988e-05,4.83393e-05,3.15685e-05,3.15685e-05,2.07168e-05,
5.96542e-05,5.25983e-05,6.73515e-05,6.99172e-05,7.95389e-05,0.00011546,0.000186018,0.000345096,0.00132586,0.0326821,0.950764,0.0126127,0.000862099,0.000274537,0.000141117,9.23677e-05,7.88974e-05,7.31245e-05,5.77298e-05,6.02956e-05,
5.22812e-05,6.38992e-05,5.42175e-05,5.80902e-05,7.55173e-05,0.000112308,0.000201379,0.000431804,0.000960425,0.00365968,0.0507302,0.920906,0.0199153,0.00161684,0.000542175,0.000222679,0.000156844,0.000106499,6.58356e-05,6.77719e-05,
7.16571e-05,6.89011e-05,7.44132e-05,7.99253e-05,7.99253e-05,0.000126778,0.000170875,0.000289385,0.0005016,0.00123746,0.00364349,0.0326619,0.931074,0.0266592,0.00189065,0.000639402,0.000322457,0.000165363,0.000124022,0.00011851,
0.000130976,7.3884e-05,0.000127618,8.39591e-05,6.38089e-05,0.000120901,0.000130976,0.000191427,0.000372778,0.000648164,0.00169262,0.00368413,0.0366935,0.924397,0.0279987,0.00212584,0.000742198,0.000372778,0.000228369,0.000120901,
0.000104282,7.36111e-05,5.52083e-05,2.9795e-05,5.95899e-05,7.18584e-05,7.71163e-05,7.09821e-05,0.000129696,0.000210317,0.00122159,0.000498627,0.0010139,0.0157352,0.962992,0.0163084,0.000641468,0.000336508,0.000230473,0.000139335,
0.00020046,0.000115891,0.000119023,7.20405e-05,8.14371e-05,9.08336e-05,0.000103362,0.00012842,0.000147213,0.000184799,0.000883279,0.000435375,0.000861353,0.00249009,0.0336867,0.937967,0.0198675,0.0016632,0.000610778,0.000291294,
0.000391624,0.000273149,0.000200748,0.000144802,0.000115183,9.21468e-05,7.8983e-05,8.88558e-05,0.000115183,0.000157966,0.00116171,0.000322514,0.000414661,0.000944505,0.00241227,0.0237805,0.947108,0.0198741,0.00158624,0.000737174,
0.000891493,0.000403229,0.000309965,0.000252361,0.000192014,0.000186528,0.000246875,0.000389514,0.000419687,0.000545868,0.00176653,0.000603472,0.000499236,0.000743368,0.00111094,0.00255104,0.0233845,0.943485,0.0200901,0.00192837,
0.0022865,0.000995238,0.000581832,0.000352161,0.00022967,0.00018884,0.000193944,0.000163321,0.000102076,0.000255189,0.000964615,0.000219463,0.000316435,0.000479756,0.000729841,0.00113304,0.00281219,0.0250188,0.940684,0.0222933,
0.0272735,0.00285735,0.0013729,0.000557741,0.000459064,0.000420451,0.000429032,0.000424741,0.000587773,0.000785128,0.00178477,0.000553451,0.000463354,0.000562032,0.000506257,0.000755096,0.00121845,0.0028788,0.0280973,0.928013,


0.930956,0.0260034,0.00310865,0.0014283,0.00076816,0.000444092,0.000318066,0.000264055,0.00024005,0.000228047,0.000612127,0.00024005,0.00019204,0.000186039,0.000282059,0.000354074,0.000600125,0.00120025,0.00279658,0.0297782,
0.0270366,0.940745,0.0193371,0.00215087,0.00098192,0.000701372,0.000433811,0.000358479,0.000477972,0.00060266,0.00171966,0.000483167,0.000306525,0.000298732,0.000254572,0.000264963,0.000355881,0.000548109,0.000813071,0.00213009,
0.00146763,0.024744,0.950056,0.0165381,0.00183584,0.00092829,0.000501311,0.000300787,0.000214354,0.000171137,0.0011098,0.000129649,0.000121006,0.000124463,0.000126192,0.000155579,0.000186695,0.000288686,0.000392406,0.000608488,
0.000802375,0.00218527,0.0278465,0.93601,0.0252767,0.00280277,0.0012276,0.000669262,0.000454803,0.000299504,0.000820863,0.000118323,0.000125718,9.98347e-05,9.98347e-05,0.000133113,0.000125718,0.000177484,0.000317992,0.000406734,
0.000345818,0.000787896,0.00208204,0.026464,0.935036,0.0287279,0.00283785,0.0010945,0.000691637,0.000313732,0.00050625,0.000196083,8.55633e-05,6.77376e-05,7.13028e-05,0.000103389,0.000110519,9.26936e-05,0.00012478,0.000260255,
0.000184477,0.0002958,0.000734728,0.00197518,0.0317015,0.933595,0.0250953,0.0030566,0.00122773,0.000534348,0.00064567,0.000213103,0.000117684,9.85999e-05,8.58773e-05,5.08903e-05,7.9516e-05,7.9516e-05,8.9058e-05,0.000139948,
0.00010931,0.000175847,0.000304168,0.000622594,0.00172283,0.0262155,0.934837,0.0302219,0.00303218,0.00105984,0.00067012,0.000299415,0.000156837,9.98051e-05,7.84183e-05,8.55473e-05,4.99026e-05,7.84183e-05,7.6042e-05,0.000104558,
8.89118e-05,0.000120225,0.000182623,0.000325248,0.000789921,0.00261844,0.0701823,0.901835,0.0179577,0.00323648,0.00136773,0.000459873,0.000239536,0.000146282,8.79975e-05,7.49693e-05,6.53696e-05,6.65124e-05,7.40551e-05,8.04549e-05,
3.81859e-05,4.90962e-05,4.63686e-05,9.91015e-05,0.000167291,0.000412772,0.00145106,0.0355893,0.930289,0.0284812,0.0022166,0.000560969,0.000233661,0.00012365,6.45524e-05,4.18227e-05,4.54594e-05,3.00032e-05,2.81848e-05,3.18216e-05,
3.25783e-05,2.76422e-05,4.04761e-05,5.331e-05,0.000104646,0.000168815,0.000371196,0.00151934,0.036005,0.922452,0.0365213,0.0018234,0.000467943,0.000149071,8.29267e-05,5.13356e-05,3.45528e-05,3.35656e-05,2.36933e-05,3.75145e-05,
5.31564e-05,4.93138e-05,5.50777e-05,7.04482e-05,9.54253e-05,0.000113998,0.000165233,0.000357365,0.00131418,0.0318003,0.951344,0.0129734,0.000840896,0.000258737,0.000140256,0.000106313,7.87739e-05,7.36504e-05,6.08417e-05,4.86733e-05,
4.84404e-05,4.65028e-05,7.5567e-05,6.39413e-05,5.0378e-05,0.00012982,0.000168573,0.000348771,0.000926181,0.00376866,0.0492736,0.922057,0.0202733,0.00162954,0.00054447,0.000232514,0.000137571,9.30056e-05,6.20037e-05,6.97542e-05,
9.94588e-05,8.28823e-05,5.24921e-05,6.07804e-05,5.80176e-05,0.00011051,0.000138137,0.000267986,0.000530447,0.00121561,0.00364958,0.0320147,0.93147,0.0269699,0.0019284,0.000588464,0.000356394,0.000193392,0.000127086,8.56451e-05,
0.000122027,9.49098e-05,8.13512e-05,6.10134e-05,8.47409e-05,9.15202e-05,9.15202e-05,0.000227106,0.000338964,0.000627082,0.00154906,0.00322354,0.0356962,0.925398,0.0287238,0.00217276,0.000735551,0.000362691,0.000172871,0.000145754,
0.000110058,7.22255e-05,9.63007e-05,9.28614e-05,6.87862e-05,7.22255e-05,8.59827e-05,0.000110058,0.000230434,0.000330174,0.000756648,0.00106275,0.00273081,0.0308575,0.929319,0.0307818,0.00203263,0.000680983,0.000316417,0.000192601,
0.000221865,0.000110933,0.000123984,0.000104407,0.000104407,9.13564e-05,8.15682e-05,0.000133772,0.000156611,0.000241442,0.000763478,0.00053835,0.000910301,0.00271459,0.0343011,0.935868,0.0207281,0.00182386,0.000639495,0.000342586,
0.000467655,0.000251814,0.000143894,0.000111191,0.000127542,0.000130813,0.000121002,0.000143894,0.000130813,0.000153705,0.00093858,0.000425141,0.000526521,0.000968013,0.00231865,0.0237065,0.946946,0.0200961,0.00160899,0.000683496,
0.000994266,0.000592796,0.000385788,0.0002321,0.00016937,0.000175643,0.000247783,0.000354423,0.000398334,0.000658662,0.00178466,0.000595933,0.000614752,0.000718256,0.00102249,0.00254369,0.0240945,0.94035,0.0220244,0.00204185,
0.00220799,0.00114966,0.000650041,0.000435152,0.000273984,0.000188028,0.000247123,0.000134306,0.000182656,0.000220262,0.000950887,0.000279357,0.000419035,0.000419035,0.000612436,0.00121413,0.00279894,0.0251152,0.938923,0.0235788,
0.0274084,0.00278429,0.00118377,0.00081578,0.000399023,0.000399023,0.000452226,0.000487695,0.000607401,0.00103746,0.00209709,0.000696073,0.000571933,0.000527597,0.000571933,0.000762577,0.00125471,0.00313898,0.0279405,0.926864,


0.931898,0.0258984,0.00325152,0.00118564,0.000742519,0.000437128,0.000257487,0.000221558,0.000179642,0.000239522,0.000634734,0.000167666,0.000191618,0.000221558,0.000287427,0.000377248,0.000718567,0.00113773,0.00281439,0.0291379,
0.0269583,0.935733,0.0220568,0.00238956,0.00118834,0.000731039,0.000553915,0.000557135,0.000579678,0.000930706,0.0020965,0.000499168,0.000396114,0.00029628,0.000276957,0.00029628,0.000428318,0.000644087,0.000975792,0.00241211,
0.00187461,0.0250841,0.942116,0.0219869,0.00266638,0.00107121,0.00062099,0.000395881,0.000279446,0.00026004,0.00102463,0.000147485,0.000100911,0.000147485,0.000166891,0.000151366,0.000186297,0.000349307,0.000477386,0.000892674,
0.000849719,0.0020625,0.0251787,0.938623,0.0255225,0.00290836,0.00104284,0.000699087,0.000301264,0.000316714,0.000799509,0.000150632,9.6559e-05,0.00013132,0.000123596,0.000127458,0.000123596,0.00021243,0.000328301,0.000401686,
0.000363406,0.000730178,0.00179684,0.0258557,0.936757,0.0281337,0.0026246,0.00111714,0.000582123,0.000333122,0.000575393,0.000151419,9.42165e-05,9.42165e-05,7.40272e-05,9.08516e-05,0.000117771,0.000111041,0.000117771,0.000279284,
0.000203685,0.000358728,0.000644494,0.00204901,0.029972,0.935447,0.0249012,0.00297015,0.00114003,0.000571533,0.000717456,0.000270566,0.000133763,0.000115523,7.29616e-05,6.99216e-05,8.8162e-05,7.60017e-05,9.1202e-05,0.000106402,
0.000115502,0.000174536,0.000333671,0.000621142,0.00172226,0.0249663,0.935234,0.0314036,0.00281567,0.000985614,0.000664776,0.000236137,0.000192503,0.000138602,7.44344e-05,6.9301e-05,5.64674e-05,6.16009e-05,6.67343e-05,6.67343e-05,
6.83706e-05,8.06422e-05,0.000140247,0.000248939,0.000503137,0.00146558,0.0276042,0.926986,0.0381245,0.00290312,0.000920373,0.000338347,0.00019284,0.000106939,7.53829e-05,5.08396e-05,4.90866e-05,4.73335e-05,5.08396e-05,4.38273e-05,
3.96471e-05,5.35771e-05,5.1434e-05,9.96535e-05,0.000156445,0.000366468,0.00124085,0.0334225,0.930721,0.0304907,0.00225345,0.00056256,0.000203593,0.00010394,6.42926e-05,4.17902e-05,4.17902e-05,1.92878e-05,3.53609e-05,3.21463e-05,
2.09522e-05,1.61255e-05,2.56692e-05,3.2251e-05,5.9456e-05,0.000114743,0.000301229,0.00130759,0.0706236,0.916173,0.0100791,0.000816697,0.000199869,8.73191e-05,4.31111e-05,2.79728e-05,2.20492e-05,1.72225e-05,1.45898e-05,1.70031e-05,
5.25998e-05,5.8373e-05,5.96559e-05,6.79949e-05,9.17289e-05,0.000122519,0.000161007,0.00037333,0.00131243,0.0309094,0.951831,0.0133623,0.00082107,0.000284167,0.000147536,9.68606e-05,7.24851e-05,5.96559e-05,6.28632e-05,5.32413e-05,
1.28357e-05,1.35416e-05,1.25148e-05,1.53386e-05,1.81625e-05,2.86235e-05,4.63367e-05,9.40854e-05,0.000299263,0.00128267,0.0712443,0.919361,0.00654336,0.00068382,0.000177453,7.51528e-05,3.5619e-05,2.29117e-05,1.91251e-05,1.34133e-05,
7.15898e-05,8.26037e-05,6.0576e-05,6.60829e-05,8.81106e-05,0.000132166,0.000167961,0.000239551,0.000545184,0.00116471,0.00360427,0.0318547,0.931282,0.0273033,0.00194945,0.000658076,0.00029462,0.000173468,0.0001597,0.000101878,
0.000127128,0.00010371,0.000127128,9.70188e-05,0.000100364,0.000157237,0.00017731,0.000210765,0.000357966,0.000789533,0.00155565,0.00365995,0.0344484,0.925603,0.0291425,0.00191696,0.000692514,0.000341239,0.000234183,0.000157237,
0.000144198,0.000120165,0.000120165,8.92655e-05,6.86658e-05,0.000106432,8.92655e-05,0.000116732,0.00021973,0.000336462,0.000868622,0.00110552,0.0027226,0.0306558,0.928879,0.0312258,0.00192951,0.000648891,0.000339895,0.000212864,
0.000135802,7.91715e-05,6.98572e-05,6.74355e-05,6.78081e-05,6.44549e-05,6.72492e-05,8.90447e-05,0.000109536,0.000172128,0.000716456,0.000343697,0.000588291,0.00169576,0.0341786,0.946634,0.0133921,0.000916527,0.00037518,0.000236956,
0.000377738,0.000195614,0.000121416,0.000128161,0.000138279,0.000148397,0.000118043,0.000107925,0.000145024,0.000242831,0.00100505,0.000387856,0.000475545,0.000866773,0.0025902,0.0236491,0.945569,0.0212815,0.0017268,0.000725122,
0.00060013,0.000355523,0.000307988,0.000210937,0.000203014,0.000196082,0.000222821,0.000329774,0.000376319,0.000489215,0.00172711,0.000603101,0.000564479,0.000677375,0.000828893,0.00197766,0.0234962,0.947045,0.0182366,0.00155182,
0.00214524,0.0011299,0.000624828,0.000411345,0.000260345,0.000197862,0.000187448,0.000182241,0.000104138,0.000208276,0.000937241,0.000197862,0.000317621,0.00038531,0.000676896,0.00116114,0.00275965,0.0251493,0.939881,0.0230822,
0.0275854,0.00311928,0.00123113,0.000749119,0.000488155,0.000417542,0.000491226,0.000552629,0.000675435,0.000991661,0.00202016,0.000890346,0.000675435,0.000644733,0.000614032,0.000758329,0.00115438,0.00333112,0.0353989,0.918211,


0.932058,0.0268925,0.00322301,0.00139162,0.000692796,0.000518091,0.000319289,0.000253021,0.000198802,0.000228924,0.00065665,0.000156632,0.000259046,0.000210851,0.000325313,0.000379532,0.00061448,0.00107233,0.00277118,0.0277781,
0.0294253,0.933602,0.0226212,0.0023925,0.00115828,0.000822819,0.00060762,0.000522173,0.000493691,0.000832313,0.00147474,0.000449386,0.000373433,0.000310139,0.000291151,0.000306975,0.000433562,0.000420903,0.000860795,0.00260137,
0.00194102,0.0244014,0.943729,0.0213778,0.00257156,0.00112815,0.000584964,0.000402638,0.000250699,0.000227908,0.000816671,0.00017473,0.000125349,6.4574e-05,9.49617e-05,0.000144342,0.000205117,0.000338064,0.000527987,0.00089264,
0.000869542,0.00211175,0.0250285,0.938823,0.0252468,0.00287212,0.00121209,0.000621102,0.000395246,0.000289847,0.000764143,0.000233384,0.000116692,9.03421e-05,0.000131749,0.000139277,0.000173156,0.000229619,0.000255969,0.000395246,
0.000363218,0.00073662,0.00201976,0.0252046,0.937109,0.0282495,0.00261721,0.00114736,0.000522762,0.000312299,0.000573681,9.16531e-05,0.000139177,8.14694e-05,9.84422e-05,8.14694e-05,8.14694e-05,0.000132388,0.000190095,0.000247803,
0.000207701,0.000299334,0.000690302,0.0019976,0.0297166,0.935952,0.0250647,0.00279175,0.001066,0.000574233,0.000638377,0.00018632,0.000122177,0.000116068,6.71975e-05,0.000128286,7.63608e-05,9.1633e-05,8.85786e-05,0.000125232,
0.000113129,0.000159409,0.00030082,0.000563073,0.00195147,0.0237776,0.93537,0.0318561,0.00305962,0.0010413,0.000727624,0.000326531,0.000169693,0.000125984,8.99889e-05,6.42778e-05,8.22755e-05,5.14222e-05,6.42778e-05,0.000105416,
4.63234e-05,0.000101555,0.000126498,0.00020311,0.000498867,0.00151264,0.026978,0.926765,0.039047,0.0027598,0.00106187,0.0003207,0.000162132,0.00011759,6.59217e-05,6.05767e-05,4.09783e-05,4.276e-05,4.63234e-05,4.276e-05,
3.42447e-05,4.22351e-05,5.8216e-05,7.87628e-05,0.000155243,0.00037555,0.00127504,0.0314184,0.930299,0.0327961,0.00231494,0.000593575,0.00024542,9.81681e-05,5.5933e-05,3.53862e-05,3.76692e-05,2.73958e-05,2.16883e-05,3.65277e-05,
3.55689e-05,2.66767e-05,3.8533e-05,5.82935e-05,7.21258e-05,0.000158084,0.00038533,0.00156503,0.0342143,0.92269,0.0380498,0.00186342,0.000412006,0.000176856,7.11378e-05,5.92815e-05,4.34731e-05,3.65569e-05,1.67964e-05,2.66767e-05,
2.49509e-05,2.11292e-05,1.85297e-05,1.8565e-05,2.09389e-05,3.18907e-05,5.95842e-05,0.000171239,0.000960944,0.0594636,0.932089,0.00621789,0.000593043,0.000118601,4.8954e-05,2.94512e-05,2.67254e-05,2.82323e-05,2.89108e-05,2.76211e-05,
4.64388e-05,6.19184e-05,7.54631e-05,3.8699e-05,9.09427e-05,0.000110292,0.00019543,0.000356031,0.000953931,0.00371511,0.046375,0.923552,0.0217043,0.00156925,0.000530177,0.000272828,0.000110292,9.09427e-05,7.9333e-05,7.15932e-05,
8.55741e-05,3.86464e-05,8.00532e-05,6.34905e-05,8.00532e-05,9.6616e-05,0.000165627,0.000223597,0.000518966,0.00111798,0.00354166,0.0309088,0.932007,0.0278116,0.00197097,0.000634905,0.000287087,0.000151825,0.000115939,9.93764e-05,
7.18705e-05,5.97078e-05,5.74964e-05,5.63907e-05,7.51876e-05,7.7399e-05,8.40332e-05,0.000152587,0.000233303,0.000391418,0.00140866,0.00141309,0.0179809,0.958393,0.0177155,0.000916626,0.000401369,0.000206766,0.000186863,0.00011831,
