0.931284,0.0237506,0.00299887,0.00135821,0.000534869,0.000414673,0.000330537,0.000336547,0.000264429,0.000162264,0.000606986,0.000174283,0.00025241,0.00025842,0.000204332,0.000450732,0.000619005,0.00123801,0.00251809,0.0322424,
0.0270575,0.94988,0.0147207,0.00154018,0.000778701,0.000436226,0.000330996,0.000241072,0.0002162,0.000208547,0.00121875,0.000164541,0.000133929,0.00010523,0.000164541,0.000181761,0.000221939,0.000401787,0.000621813,0.00137564,
0.00176238,0.0250535,0.947457,0.0180233,0.00231654,0.0008828,0.000541279,0.000412403,0.00020298,0.000154651,0.00076359,0.00018687,0.000138542,0.000132098,0.000132098,0.00020298,0.000173983,0.000248086,0.0004414,0.000773256,
0.00135007,0.0031468,0.0405577,0.92737,0.0181376,0.00267414,0.00134264,0.000867332,0.000611642,0.000390432,0.00104663,0.000224392,0.000163918,0.000164979,0.000164979,0.000186198,0.000225453,0.000305025,0.000403694,0.000666281,
0.000373044,0.000724772,0.00227735,0.0300887,0.934394,0.0253883,0.00290619,0.00110137,0.000618187,0.000348175,0.000511603,0.00015277,0.000145665,0.000110137,8.882e-05,0.000110137,0.000127901,0.000124348,0.000184746,0.000223827,
0.000305625,0.000503795,0.00103738,0.00356238,0.0854895,0.887437,0.0153622,0.00272183,0.00117296,0.000595851,0.000591834,0.000219929,0.000149297,0.000118835,0.000102433,0.000103102,9.23903e-05,0.00011214,0.00014595,0.000175073,
0.000238093,0.00030637,0.000568973,0.00145657,0.00526519,0.0765392,0.886637,0.0200703,0.00428875,0.0019437,0.00107317,0.000437234,0.000231966,0.00017113,0.000126487,0.000109856,0.00010898,0.000111169,0.000135678,0.000180321,
6.84658e-05,6.6664e-05,0.000127923,0.00023963,0.000508088,0.00143958,0.0326834,0.927785,0.0322564,0.00295844,0.000927891,0.000365751,0.000189182,8.82848e-05,7.92761e-05,5.40519e-05,3.42329e-05,2.88277e-05,5.58536e-05,4.32415e-05,
4.55237e-05,4.32475e-05,6.48713e-05,8.42189e-05,0.000160471,0.000380123,0.00126101,0.0391584,0.928252,0.0271503,0.00227619,0.000538318,0.000223066,0.000124052,5.46285e-05,5.57665e-05,3.6419e-05,2.84523e-05,3.6419e-05,2.61761e-05,
8.79144e-05,0.000110386,0.000127929,0.000188642,0.000355797,0.000662315,0.00189213,0.0084867,0.0712791,0.893421,0.0195288,0.00205337,0.000769941,0.000357768,0.000213675,0.000130689,9.93473e-05,8.25923e-05,7.8847e-05,7.31306e-05,
0.000112331,0.00011674,0.000121347,0.00012551,0.000153938,0.000230476,0.000407816,0.00121997,0.00688594,0.0594298,0.92374,0.00553841,0.000811665,0.000322385,0.000189632,0.00013492,0.000120559,0.000112208,0.00010871,0.000118021,
5.5195e-05,4.56786e-05,4.18721e-05,8.18409e-05,6.66146e-05,0.000114197,0.000178908,0.000393978,0.00100112,0.0034887,0.0572639,0.916456,0.0180183,0.0017453,0.000472012,0.000222683,0.000135133,9.32605e-05,6.47114e-05,6.09048e-05,
0.000270806,0.000210367,0.000167054,0.000145815,0.000166273,0.000227442,0.000385177,0.000858177,0.00227629,0.00806936,0.020861,0.0731253,0.872928,0.0159104,0.00199835,0.00086333,0.00048591,0.000383355,0.000346654,0.00032073,
0.000270188,0.000226336,0.000178441,0.000159109,0.000155741,0.000194137,0.000282785,0.000501643,0.00108075,0.00277834,0.00569611,0.00760683,0.0437609,0.918656,0.0150677,0.00138072,0.000752162,0.000506291,0.000403565,0.000341794,
0.000290917,0.000232749,0.000189045,0.000161368,0.000157068,0.00017763,0.000228918,0.000338373,0.000612872,0.00128454,0.00295498,0.00253186,0.0034197,0.0337477,0.935809,0.0150528,0.00125147,0.000723187,0.000469172,0.000366754,
0.000385714,0.000287302,0.000224648,0.000185901,0.000179512,0.000190332,0.000255563,0.000348101,0.000535857,0.000906835,0.00229306,0.00136994,0.00176379,0.00258438,0.0341174,0.935502,0.0161309,0.00147155,0.000750612,0.000516278,
0.000606616,0.000427379,0.000327866,0.000281882,0.000259531,0.000302668,0.000387232,0.000471512,0.00069773,0.00110674,0.00265226,0.00124185,0.0012642,0.00163962,0.00292133,0.0236249,0.938588,0.020207,0.00204037,0.000951566,
0.000804587,0.000522231,0.000368335,0.00029304,0.000230464,0.00022563,0.000255647,0.000308557,0.000374185,0.000488399,0.00184956,0.000588114,0.000679944,0.000817815,0.00135378,0.00275691,0.0235582,0.945667,0.0172349,0.00162291,
0.00197644,0.00108446,0.000596219,0.000366182,0.00025351,0.000225343,0.000239427,0.000225343,0.000295762,0.000244121,0.00109385,0.000197175,0.000417823,0.00039435,0.00057744,0.00116427,0.00239896,0.0253463,0.942791,0.0201118,
0.0273916,0.00312382,0.0012822,0.000707935,0.000475257,0.000534664,0.000514862,0.000509911,0.000579219,0.00102972,0.00188618,0.000816848,0.000727737,0.000732688,0.000608923,0.000811897,0.00123765,0.00360898,0.031763,0.921657,


0.931055,0.0240707,0.00300884,0.00131787,0.000806369,0.000391149,0.000355043,0.000282831,0.000216636,0.000222654,0.000716104,0.000228672,0.000210619,0.000240707,0.000240707,0.000529556,0.000625839,0.00120354,0.00268389,0.0315928,
0.0270532,0.946151,0.0149959,0.00153992,0.000921057,0.000629263,0.00052527,0.000414547,0.000412916,0.00050284,0.00162903,0.000281394,0.000247138,0.000212881,0.000218387,0.000254886,0.000355006,0.000528736,0.000888227,0.0022381,
0.0021787,0.0258692,0.94473,0.0185402,0.00240804,0.00110737,0.000537303,0.000439016,0.000324348,0.000209679,0.00101236,0.000124497,0.000157259,0.000121221,0.000203127,0.000170364,0.000206403,0.000288309,0.000550408,0.000822336,
0.00104664,0.00218226,0.0291702,0.934774,0.0246108,0.0031272,0.001178,0.000677983,0.000394078,0.000322042,0.000766969,0.000182208,0.000122884,0.000105935,0.000118647,0.000101698,0.000156784,0.00019492,0.000271193,0.000495775,
0.000245575,0.000372525,0.00076378,0.0177626,0.962255,0.0142881,0.00116232,0.000567112,0.000324658,0.000231007,0.00123724,0.000123828,7.90835e-05,5.30692e-05,6.34749e-05,7.49212e-05,8.84486e-05,8.0124e-05,9.36515e-05,0.000133193,
0.000218544,0.000345757,0.00072087,0.00210716,0.0359456,0.930346,0.0237006,0.00308245,0.00126886,0.000619753,0.000603443,0.000202235,0.000143522,8.15464e-05,8.48082e-05,0.000107641,8.48082e-05,7.82845e-05,0.000110903,0.000146783,
0.000133934,0.000200901,0.000303927,0.000589825,0.00177205,0.0279072,0.935673,0.0276059,0.00302382,0.00109465,0.000667094,0.000306503,0.000213779,0.000103026,6.43913e-05,6.18157e-05,6.43913e-05,5.40887e-05,6.95426e-05,9.01479e-05,
6.29884e-05,6.29884e-05,0.000129576,0.000260952,0.000505707,0.00150812,0.0321961,0.928175,0.0324354,0.00284707,0.000908832,0.000345536,0.000183566,8.99834e-05,7.73857e-05,6.11887e-05,3.41937e-05,2.87947e-05,4.13924e-05,4.49917e-05,
3.09615e-05,5.27492e-05,7.56836e-05,7.56836e-05,0.000166275,0.000387592,0.0013279,0.0378556,0.928799,0.0278447,0.00226707,0.000569921,0.000204116,0.000106645,7.56836e-05,4.58689e-05,3.55484e-05,2.40812e-05,2.52279e-05,2.98148e-05,
3.66129e-05,1.38535e-05,4.25502e-05,6.82782e-05,8.80689e-05,0.00017119,0.000409669,0.00155061,0.0412687,0.921332,0.0323233,0.00181481,0.000440345,0.000165253,8.70794e-05,5.54142e-05,4.84874e-05,2.96862e-05,2.96862e-05,2.47385e-05,
5.31072e-05,5.75861e-05,6.78236e-05,7.80612e-05,8.38198e-05,0.000117732,0.000170839,0.000350635,0.00132704,0.0366638,0.947764,0.0116797,0.000820922,0.000255298,0.000139486,0.000104295,7.93409e-05,6.84635e-05,5.11876e-05,6.71838e-05,
0.000206287,0.000165832,0.000133403,0.000126388,0.000149157,0.000245374,0.000532927,0.00134291,0.00502736,0.0320156,0.134771,0.801553,0.0185656,0.0028964,0.000862421,0.00038273,0.00025768,0.000251795,0.000265676,0.000249119,
5.1647e-05,4.62105e-05,6.52383e-05,8.15479e-05,6.52383e-05,0.000135913,0.000165814,0.000271826,0.000559962,0.00114167,0.0034984,0.0360877,0.93091,0.0236135,0.00192181,0.000701312,0.000260953,0.000182124,0.00014135,9.78575e-05,
0.000136877,0.000100154,7.01075e-05,0.000103492,8.01229e-05,0.000100154,0.000116846,0.00023703,0.000307138,0.000487414,0.00157909,0.00330173,0.0422815,0.92202,0.0255625,0.00200307,0.000734459,0.000327168,0.000216999,0.000233692,
0.000146085,8.83305e-05,8.15359e-05,9.51252e-05,8.49332e-05,8.49332e-05,9.85225e-05,0.00015288,0.000173264,0.000336335,0.000883305,0.00097843,0.00269408,0.0340208,0.930273,0.0265909,0.00191609,0.000682863,0.000417871,0.000200442,
0.00026853,0.000192211,9.32788e-05,7.6319e-05,8.19723e-05,8.19723e-05,8.19723e-05,0.000121545,0.000135678,0.000206344,0.000757537,0.000480527,0.000907349,0.00230088,0.0342475,0.939827,0.017788,0.00151225,0.000522927,0.000316583,
0.000380634,0.000201512,0.00018192,0.000148335,7.83657e-05,0.000100756,8.95608e-05,0.000109152,0.000176323,0.00015953,0.000948785,0.000313463,0.000456201,0.000780859,0.00225861,0.0257487,0.948074,0.0176883,0.00149175,0.000612932,
0.000719661,0.000411614,0.000310703,0.000217757,0.00018589,0.000257591,0.000249624,0.000257591,0.000382403,0.000470037,0.00146322,0.000507215,0.000536427,0.000594849,0.00094273,0.00212446,0.0234089,0.946703,0.0183872,0.00186953,
0.00192136,0.000879621,0.000546569,0.000404473,0.000354867,0.000380865,0.000468872,0.000566442,0.000775178,0.00121297,0.00293083,0.00107416,0.000803418,0.000773834,0.000816567,0.00112751,0.00240443,0.0251813,0.937335,0.0200415,
0.0218842,0.00267516,0.00133788,0.000863202,0.000662198,0.000550269,0.000525657,0.000500458,0.00056199,0.000702634,0.00168538,0.000592463,0.000580742,0.000574882,0.000730176,0.00103666,0.00186705,0.00392924,0.0384931,0.920247,


0.930492,0.024553,0.00312971,0.00115612,0.000724037,0.000513833,0.000309467,0.00017517,0.000251077,0.000256916,0.000659808,0.000169331,0.000169331,0.000204365,0.000268594,0.000391213,0.000642291,0.00125539,0.00289031,0.0317876,
0.02975,0.935326,0.0211817,0.00236637,0.00103158,0.000556426,0.000465772,0.000431386,0.00049078,0.000756489,0.00172867,0.000487654,0.00036574,0.000334481,0.000328229,0.00035011,0.000384496,0.000578308,0.000912788,0.00217256,
0.00185231,0.025105,0.946904,0.0181033,0.00233592,0.000985464,0.000583979,0.000404527,0.000249408,0.000152078,0.00120446,0.000115579,0.000100371,9.73298e-05,0.000112538,0.000167286,0.000191618,0.000261574,0.000361945,0.000711724,
0.000889695,0.00215826,0.0298835,0.934005,0.0248731,0.00316289,0.00130687,0.000544885,0.000429948,0.000319268,0.000787529,0.000136221,0.000148992,0.000131964,7.66244e-05,0.000119194,0.000140478,0.00016602,0.000272442,0.000446976,
0.000543164,0.00100984,0.00277026,0.0564073,0.915384,0.0168554,0.0023805,0.00119608,0.000650327,0.000449395,0.000738478,0.000220377,0.000170684,0.000117966,0.00012488,0.000136115,0.000135683,0.000152103,0.000241118,0.000315873,
0.000192866,0.000323622,0.00075185,0.00196135,0.035739,0.930993,0.0237094,0.0030499,0.0011147,0.000611287,0.000549178,0.000186328,0.00015037,0.000111143,6.53783e-05,8.17229e-05,6.53783e-05,0.000104605,7.84539e-05,0.000160177,
0.000106424,0.000154798,0.000292666,0.000597425,0.00180195,0.0288094,0.935568,0.0270897,0.0029581,0.00104247,0.000640962,0.000237035,0.000162055,0.000116099,5.80494e-05,7.0143e-05,5.80494e-05,7.49805e-05,8.22366e-05,7.98179e-05,
6.12477e-05,6.99974e-05,0.000150494,0.000218742,0.00052323,0.00155919,0.0315706,0.92742,0.0337282,0.00277715,0.000983463,0.000346487,0.000171494,0.000106746,6.29976e-05,6.47476e-05,5.77478e-05,3.67486e-05,3.67486e-05,5.4248e-05,
3.67016e-05,3.44078e-05,6.07871e-05,8.71664e-05,0.000166304,0.000396836,0.00130291,0.0369585,0.929064,0.0284587,0.00236267,0.000549377,0.000192684,0.000122721,4.93178e-05,4.24363e-05,3.78485e-05,2.06447e-05,1.83508e-05,3.78485e-05,
3.16925e-05,2.87213e-05,4.0606e-05,6.63562e-05,8.71544e-05,0.000155491,0.000382291,0.00155987,0.0401346,0.921959,0.0329513,0.00174408,0.000440724,0.000147568,7.82409e-05,6.04139e-05,3.76349e-05,3.26829e-05,2.2779e-05,3.86253e-05,
4.61645e-05,5.64233e-05,5.5141e-05,7.18115e-05,9.04055e-05,0.000120541,0.00018017,0.000390475,0.00132787,0.0360006,0.948238,0.0118733,0.00079185,0.00028404,0.000139135,9.55349e-05,6.66821e-05,6.86056e-05,5.44998e-05,4.87292e-05,
5.46804e-05,4.71382e-05,3.58251e-05,6.03369e-05,8.67344e-05,0.000124445,0.000154613,0.000335624,0.00094465,0.00369564,0.0544597,0.918272,0.0189062,0.0017064,0.000505322,0.000228149,0.000148957,9.6162e-05,8.10778e-05,5.65659e-05,
7.05377e-05,6.23988e-05,7.05377e-05,8.13897e-05,7.59637e-05,0.000146501,0.000132937,0.000276725,0.000523607,0.00115031,0.0036761,0.0352716,0.930349,0.024851,0.0019208,0.000632127,0.000325559,0.000173631,0.000119372,8.95287e-05,
0.000122771,0.000116135,0.000122771,8.62715e-05,9.6226e-05,8.95897e-05,0.000139362,0.000255497,0.000378268,0.000779762,0.00168561,0.00335795,0.0403651,0.923381,0.0254269,0.0020672,0.000706763,0.000378268,0.000282042,0.000162589,
0.00010763,9.754e-05,9.754e-05,8.40862e-05,9.08131e-05,9.41765e-05,0.000127811,0.000151355,0.000272439,0.000332981,0.000871133,0.00109985,0.00280512,0.0355987,0.927972,0.027217,0.00179272,0.000625601,0.000346435,0.000215261,
0.000177196,0.000149069,0.000115318,8.43789e-05,0.000120943,8.71916e-05,8.15663e-05,9.56295e-05,0.000168758,0.000233448,0.0010463,0.000537213,0.000838164,0.00235698,0.0343535,0.938851,0.0182596,0.00152445,0.000621591,0.000298139,
0.00036832,0.000298716,0.000168209,0.000110206,0.000104406,0.000127607,0.000101505,9.2805e-05,0.000127607,0.000156608,0.00117166,0.000348019,0.000443724,0.000832345,0.00210551,0.0235812,0.950114,0.0175894,0.00156028,0.000597432,
0.000782833,0.000488677,0.000310761,0.0001708,0.000156567,0.000147078,0.00023485,0.000237222,0.000289411,0.000412766,0.00157041,0.000493422,0.000441233,0.000638127,0.000863488,0.00222514,0.0235182,0.946158,0.0189469,0.00191438,
0.00219915,0.001043,0.000531339,0.000359146,0.000226311,0.000221391,0.000191872,0.000182033,0.000157434,0.000137755,0.00115615,0.000280429,0.000408344,0.000423103,0.000634655,0.00113648,0.00280429,0.0322444,0.933548,0.0221145,
0.0275257,0.00342211,0.0011711,0.000676743,0.000484759,0.000407965,0.000494358,0.000465561,0.000844728,0.00107031,0.00208782,0.000801532,0.000743937,0.000695941,0.00058555,0.00083033,0.00148307,0.0035901,0.0311686,0.92145,


0.931398,0.0243038,0.00345992,0.00133816,0.000566606,0.000458107,0.000283303,0.000229054,0.000204943,0.000216998,0.000711272,0.000156721,0.000162749,0.000144665,0.000216998,0.000289331,0.000638939,0.00133816,0.0027607,0.0311212,
0.0270929,0.952462,0.0133531,0.0011143,0.000645271,0.000478979,0.000318372,0.000187612,0.000136445,0.000160607,0.00126922,9.66486e-05,9.80699e-05,0.000125075,0.000136445,0.000149237,0.000214617,0.000373803,0.000481822,0.00110577,
0.00181964,0.0246313,0.951867,0.0140646,0.00146851,0.000840174,0.000554862,0.000399112,0.000274418,0.00024846,0.00139086,0.000167339,0.000126084,0.000130719,0.000152042,0.000154128,0.000210217,0.000292496,0.000450797,0.000756968,
0.00103934,0.00218305,0.028732,0.934882,0.0248746,0.00313542,0.00126113,0.00064361,0.000400082,0.000326154,0.000782769,0.000156554,0.000126113,0.000104369,0.000117415,0.0001696,0.000160902,0.000173949,0.000291364,0.00043922,
0.000359639,0.00068011,0.00198336,0.0282726,0.934539,0.0272685,0.00306227,0.00115369,0.000672988,0.000327592,0.000562604,0.000149553,0.000113945,0.000121067,7.12157e-05,7.12157e-05,8.54588e-05,0.000106824,0.000202965,0.000195843,
0.000150025,0.000322879,0.000746862,0.0020025,0.0343785,0.931572,0.0243823,0.00289613,0.00131435,0.000577269,0.000554439,0.00023156,0.000143502,0.000107626,0.000114149,9.78423e-05,9.45808e-05,9.78423e-05,0.000117411,9.78423e-05,
0.000146775,0.0001442,0.000296125,0.000610274,0.00185142,0.0269139,0.935437,0.0288915,0.00302047,0.00107892,0.000625724,0.0002575,0.0001339,0.000136475,5.66499e-05,8.49749e-05,6.69499e-05,5.14999e-05,8.75499e-05,0.00010815,
6.30579e-05,6.64665e-05,0.000136341,0.000274387,0.000501055,0.00156111,0.031321,0.927511,0.0338195,0.00278137,0.00104983,0.000311881,0.000158497,0.000122707,8.01006e-05,5.11281e-05,3.40854e-05,4.77195e-05,5.11281e-05,5.79451e-05,
4.35022e-05,4.00678e-05,4.46469e-05,9.27283e-05,0.000161416,0.000394954,0.00126042,0.0358412,0.929774,0.0289507,0.00227928,0.000565528,0.000218656,9.15835e-05,5.95293e-05,4.23574e-05,2.7475e-05,4.00678e-05,2.97646e-05,4.23574e-05,
3.76196e-05,4.65294e-05,2.96996e-05,6.43492e-05,9.20689e-05,0.000182158,0.000360356,0.00162457,0.0390729,0.9224,0.033523,0.00174634,0.000366296,0.000169288,8.4149e-05,5.64293e-05,3.76196e-05,3.76196e-05,3.46496e-05,3.46496e-05,
7.35774e-05,5.75823e-05,7.22978e-05,7.42172e-05,8.25347e-05,0.000124122,0.000181064,0.000378124,0.00132375,0.0348098,0.948955,0.0122766,0.000810631,0.000268078,0.00013116,8.89327e-05,8.25347e-05,8.63735e-05,6.01416e-05,6.33406e-05,
5.17568e-05,4.02553e-05,5.75075e-05,5.17568e-05,6.9009e-05,0.000109264,0.000182107,0.00037955,0.000985295,0.00365556,0.0531216,0.919399,0.0190388,0.00170222,0.000504149,0.000233864,0.00018019,0.000103514,8.24274e-05,5.17568e-05,
7.32764e-05,8.68461e-05,5.97067e-05,7.05624e-05,8.68461e-05,0.00010313,0.000162836,0.00028225,0.000556358,0.00117514,0.00342228,0.0341604,0.931117,0.0253048,0.00206259,0.000621492,0.000290392,0.00017912,8.956e-05,9.49879e-05,
0.000110235,8.01708e-05,0.000116916,0.000116916,6.01281e-05,0.000123597,0.000183725,0.000210448,0.000280598,0.000481025,0.00139631,0.00328032,0.0403927,0.923263,0.0264597,0.00202431,0.000724877,0.000317343,0.000243853,0.000133618,
0.000171864,6.87455e-05,8.24946e-05,5.49964e-05,6.87455e-05,6.53083e-05,8.24946e-05,0.000175301,0.000219986,0.000292169,0.000701204,0.000969312,0.00257452,0.0326679,0.93032,0.0284503,0.00178051,0.00065652,0.000419348,0.000178738,
0.000144895,0.000159988,8.15033e-05,7.84846e-05,7.24474e-05,0.000123764,7.24474e-05,0.000114708,0.0001781,0.000262622,0.000745604,0.000413554,0.000920685,0.00243001,0.0338963,0.938616,0.0191291,0.0016361,0.000579579,0.000344125,
0.000382927,0.000284204,0.000197447,9.57319e-05,9.87235e-05,8.37654e-05,7.17989e-05,0.000101715,0.000125648,0.000194455,0.00117272,0.000370961,0.00051755,0.000816712,0.00201336,0.02393,0.948825,0.0186498,0.00137914,0.000688073,
0.000933991,0.000498319,0.000344552,0.000281906,0.000205022,0.000244888,0.000244888,0.000298991,0.000361637,0.00065778,0.00175408,0.000637848,0.000603677,0.000649238,0.00114756,0.00238623,0.0234836,0.944402,0.0190101,0.00185374,
0.00216343,0.00100106,0.00048867,0.000270429,0.000185031,0.000256196,0.000147076,0.000137587,0.000194519,0.000175542,0.00111018,0.000204008,0.000298896,0.000436482,0.000673701,0.00108172,0.00285137,0.0249934,0.942512,0.0208183,
0.0138025,0.000895818,0.000462054,0.000301749,0.00025803,0.00018345,0.000142302,0.000168877,0.000164591,0.000239171,0.00163819,0.000202309,0.000202309,0.000198023,0.000321466,0.000324895,0.000468054,0.000952396,0.014646,0.964428,


0.915448,0.0194359,0.00254706,0.00127156,0.00083905,0.000648178,0.000508074,0.00048879,0.000526571,0.000624565,0.00129203,0.000401422,0.000360886,0.000351047,0.000420705,0.0005675,0.000833146,0.00135854,0.00363719,0.0484402,
0.0271395,0.941839,0.0187643,0.00199409,0.000941312,0.00049295,0.000465702,0.000416159,0.000428545,0.000582127,0.00172656,0.000341845,0.000282394,0.000317073,0.000215511,0.000270008,0.000383956,0.000517721,0.000857089,0.00202382,
0.0013427,0.0248581,0.951268,0.016059,0.00169492,0.00068736,0.00043547,0.000268967,0.000241216,0.000132349,0.00112283,0.000102464,6.83091e-05,7.25784e-05,0.000106733,0.000117406,0.000183581,0.00027964,0.000326603,0.000631859,
0.00083174,0.00217312,0.0274963,0.936217,0.0248258,0.00306194,0.00139846,0.000636036,0.00041587,0.000236475,0.00083174,0.000159009,0.000167163,0.000175318,0.0001427,0.000101929,0.000187549,0.000203858,0.000260938,0.000477027,
0.000374055,0.000854984,0.00193796,0.0278832,0.934936,0.0273631,0.00293545,0.00110792,0.000616301,0.000363368,0.00054149,0.000174559,0.000128248,0.000110435,7.83735e-05,0.000110435,6.05614e-05,9.97481e-05,0.00014606,0.000178122,
0.000205962,0.000349808,0.000630962,0.0020825,0.0334835,0.932327,0.0242414,0.00317116,0.00123904,0.000536154,0.000660385,0.0002125,0.000166731,9.8077e-05,0.000111154,8.82693e-05,5.88462e-05,0.000107885,0.000120962,0.000107885,
9.80041e-05,0.000170218,0.000340435,0.000603499,0.00185176,0.0260149,0.935503,0.0297313,0.00300202,0.00104194,0.000673133,0.000250168,0.000154743,0.000118637,5.41601e-05,7.73716e-05,5.15811e-05,7.99507e-05,0.000100583,8.25297e-05,
7.9661e-05,8.67419e-05,0.000113296,0.000270847,0.000499209,0.00147284,0.0302729,0.927353,0.0351641,0.00281115,0.00094531,0.000346968,0.000203578,9.73634e-05,6.01883e-05,3.18644e-05,4.42561e-05,5.66478e-05,4.24858e-05,4.77966e-05,
3.78507e-05,3.44097e-05,5.62026e-05,9.74943e-05,0.000173196,0.000364743,0.00130184,0.0348548,0.929821,0.029769,0.00234674,0.000563173,0.000196136,0.000120434,6.19375e-05,5.04676e-05,5.16146e-05,2.29398e-05,3.89977e-05,3.67037e-05,
2.27767e-05,3.56506e-05,4.55535e-05,7.03108e-05,8.41749e-05,0.000181224,0.000399088,0.00155278,0.0380332,0.922383,0.0344939,0.00185185,0.000376311,0.000189146,8.31846e-05,5.7437e-05,3.96117e-05,3.56506e-05,2.47573e-05,4.0602e-05,
5.18842e-05,5.50869e-05,5.70086e-05,7.046e-05,8.58331e-05,0.000128109,0.000185118,0.000349097,0.00133554,0.0337862,0.949998,0.0123516,0.00076289,0.000287605,0.000122985,0.000108893,7.81466e-05,7.81466e-05,5.31653e-05,5.44464e-05,
3.47278e-05,3.66571e-05,6.55969e-05,7.52435e-05,6.17383e-05,0.000109971,0.000173639,0.000385864,0.00096659,0.0035731,0.0526898,0.919644,0.0193974,0.00170359,0.000505482,0.000194861,0.000148558,9.45367e-05,8.29608e-05,5.59503e-05,
7.58142e-05,7.31065e-05,8.39371e-05,5.68606e-05,8.12295e-05,0.000105598,0.000162459,0.000257227,0.000487377,0.00124281,0.00364991,0.0337238,0.931042,0.0257281,0.00181954,0.000687743,0.00035741,0.000162459,0.000116429,8.66448e-05,
0.000133503,9.3452e-05,0.000100127,7.34266e-05,9.3452e-05,0.000126828,0.000133503,0.000186904,0.00033042,0.000580738,0.00142848,0.00314733,0.0386958,0.92393,0.0274615,0.00208598,0.000684202,0.00037047,0.000203592,0.000140178,
0.0001512,6.5291e-05,6.18546e-05,6.18546e-05,7.21637e-05,8.24728e-05,0.000116836,0.000175255,0.000230237,0.000268037,0.000821292,0.00104466,0.00267006,0.0328689,0.929091,0.0289273,0.00197935,0.000707892,0.000336764,0.000268037,
0.000228177,0.000123339,7.70867e-05,8.32537e-05,9.8671e-05,8.63371e-05,9.55876e-05,0.000104838,0.000166507,0.000252845,0.000629028,0.000505689,0.00097746,0.00246369,0.0341587,0.937729,0.0194814,0.00168974,0.000638278,0.000410101,
0.000345212,0.000267051,0.000175863,9.44447e-05,0.000120498,0.000127012,9.77014e-05,0.000100958,0.000146552,0.000136782,0.00103889,0.000394062,0.000478737,0.00101935,0.00226993,0.0237349,0.947254,0.0197227,0.00171954,0.000755558,
0.000908221,0.000487635,0.000283438,0.000295629,0.000204197,0.000216388,0.000210293,0.000249913,0.000429729,0.000676594,0.00173415,0.000542494,0.000563828,0.00069488,0.000950889,0.00246865,0.0235497,0.941133,0.022291,0.00210902,
0.0023499,0.0010686,0.000557089,0.000415285,0.0002279,0.000192449,0.00013674,0.000111418,0.00018232,0.000162062,0.0010534,0.000283609,0.000369705,0.000470993,0.000643185,0.00116989,0.00270948,0.025459,0.940908,0.021529,
0.026576,0.00325455,0.00132608,0.000740431,0.000501987,0.000468521,0.000552186,0.000560552,0.000573102,0.000899393,0.00204141,0.000870111,0.00066095,0.000556369,0.000652583,0.00077808,0.00133027,0.00342188,0.0374482,0.916787,


0.931814,0.0253088,0.00290587,0.00139265,0.000753598,0.000482303,0.000265266,0.000211007,0.000211007,0.000192921,0.000723454,0.000180863,0.000192921,0.000192921,0.000271295,0.000415986,0.000572734,0.0011937,0.00267678,0.0300414,
0.0271104,0.94335,0.0181511,0.00179908,0.00089164,0.000571101,0.000410832,0.000413089,0.000426633,0.000595931,0.00168396,0.0003702,0.000241533,0.00024379,0.000257334,0.00020993,0.000300223,0.000483066,0.000663651,0.00182617,
0.00215324,0.0250819,0.942545,0.0214186,0.00266703,0.00120409,0.000627537,0.000368678,0.000305924,0.000235326,0.000902085,0.000192183,0.000141196,0.00012943,0.000121585,0.000200027,0.000200027,0.000262781,0.000407899,0.000835409,
0.00104564,0.00254153,0.0374829,0.925726,0.0252143,0.00292108,0.00113122,0.000740504,0.000442814,0.000267921,0.000569332,0.000152566,0.00013396,0.00013396,0.000126518,0.000152566,0.000148845,0.000238152,0.00033118,0.000498631,
0.000377141,0.000708029,0.00204225,0.0274744,0.934434,0.0281788,0.00306338,0.00124172,0.000565711,0.000298866,0.000583501,0.000135201,0.000117412,9.60642e-05,7.11587e-05,8.89483e-05,7.11587e-05,0.000138759,0.00010318,0.000209918,
0.000214446,0.000402898,0.000685577,0.00201449,0.0326185,0.932593,0.0250219,0.00301849,0.00120869,0.000617344,0.000597849,0.000188452,0.000146213,0.000155961,9.42262e-05,8.44787e-05,7.79803e-05,6.49836e-05,8.77279e-05,0.000107223,
9.54447e-05,0.000180571,0.000283755,0.000598464,0.0016303,0.0262241,0.934863,0.0304494,0.00297168,0.00108343,0.000717125,0.000237322,0.000175412,9.02855e-05,7.4808e-05,5.41713e-05,3.86938e-05,6.96488e-05,7.73876e-05,8.51264e-05,
3.95467e-05,7.72957e-05,0.000145604,0.000257053,0.000564439,0.00152794,0.0289517,0.927365,0.0361618,0.00291746,0.00104978,0.000327159,0.00017796,0.00012583,6.47127e-05,6.65103e-05,2.33685e-05,3.59515e-05,5.75224e-05,6.29151e-05,
2.98451e-05,3.78803e-05,4.82113e-05,0.000104458,0.000205472,0.000408648,0.00134762,0.0340395,0.929673,0.0306234,0.00236465,0.000578536,0.000220395,0.000107901,6.77254e-05,3.90282e-05,3.90282e-05,2.86972e-05,1.83662e-05,1.72183e-05,
3.5604e-05,3.2637e-05,4.3516e-05,6.5274e-05,9.29659e-05,0.000156262,0.000402523,0.00157152,0.0368739,0.922776,0.0352628,0.00184448,0.000399556,0.000177031,8.10979e-05,5.1428e-05,4.945e-05,3.1648e-05,3.1648e-05,2.0769e-05,
5.89447e-05,5.1897e-05,6.98366e-05,7.36809e-05,7.88065e-05,0.000116608,0.000185804,0.000339573,0.00131857,0.0326554,0.950793,0.0126122,0.000868153,0.000274221,0.000141595,8.90578e-05,8.07286e-05,7.43216e-05,5.95854e-05,5.76633e-05,
5.218e-05,6.37755e-05,5.79777e-05,5.60451e-05,7.53711e-05,0.00011209,0.000195192,0.000427103,0.000950835,0.00365453,0.050804,0.920876,0.0199115,0.00160985,0.000535328,0.000222248,0.00015654,0.000106293,6.37755e-05,6.95733e-05,
7.05914e-05,7.05914e-05,7.33064e-05,8.14516e-05,7.60215e-05,0.000127607,0.000171048,0.000287796,0.000496855,0.00123535,0.00361645,0.0325399,0.931195,0.0267406,0.00186524,0.000635322,0.000306801,0.000165618,0.000124892,0.000119462,
0.000129534,7.63919e-05,0.000126213,8.30347e-05,6.31064e-05,0.00011957,0.000129534,0.000195962,0.00038196,0.000637706,0.00169391,0.0036502,0.0382026,0.923226,0.0277336,0.00209912,0.000737348,0.000365353,0.000229176,0.00011957,
0.000103465,7.36529e-05,5.52397e-05,2.98119e-05,5.87469e-05,7.27761e-05,7.62833e-05,7.18992e-05,0.000128016,0.000211314,0.00122404,0.000491019,0.00101536,0.0157223,0.963018,0.0163027,0.000640955,0.000336699,0.00022885,0.000138538,
0.000197049,0.000115727,0.000118855,7.81942e-05,8.13219e-05,8.75774e-05,0.000103216,0.000125111,0.000150133,0.000184538,0.000885158,0.000428504,0.000863263,0.0024897,0.0337549,0.937911,0.0198738,0.00165146,0.000609914,0.000290882,
0.000394479,0.000272848,0.000197239,0.000144642,0.000121631,9.2045e-05,7.88957e-05,9.2045e-05,0.000115056,0.000157791,0.00113413,0.000325445,0.000427352,0.000956611,0.00241289,0.0238364,0.947048,0.0198719,0.00158778,0.000733073,
0.000892864,0.00040535,0.00030949,0.000251974,0.000191719,0.000186242,0.000243757,0.000388916,0.000424521,0.000545031,0.0017556,0.000602547,0.000492993,0.000734011,0.00111471,0.00254165,0.0234445,0.943481,0.0200593,0.00193363,
0.00230472,0.00100449,0.000571082,0.000346728,0.000219255,0.00019376,0.00019376,0.000163166,0.000107078,0.000260046,0.000958602,0.000219255,0.000321234,0.000489499,0.000744446,0.00112687,0.00280442,0.025148,0.940419,0.0224048,
0.0272266,0.00285738,0.00138149,0.000557746,0.000459068,0.000424745,0.000429035,0.000420455,0.000583488,0.000785135,0.00177192,0.000553456,0.000467649,0.000566327,0.000506262,0.000750812,0.00121417,0.00288741,0.0283249,0.927832,


0.930926,0.0260005,0.00312656,0.00142774,0.000753026,0.000445791,0.000307234,0.000265065,0.000240968,0.00022892,0.000596396,0.000240968,0.000198799,0.000192775,0.000283138,0.00034338,0.000608445,0.00120484,0.0028133,0.0297957,
0.0268944,0.940919,0.0193285,0.00215166,0.000973059,0.000699874,0.000434494,0.000356441,0.000486529,0.000603609,0.00169375,0.000483928,0.000304406,0.000299203,0.000257574,0.000262778,0.00035384,0.000548972,0.000816953,0.00213084,
0.00146529,0.0247043,0.950063,0.0165536,0.0018368,0.000926174,0.000501102,0.000300661,0.000214264,0.000169338,0.00112834,0.000129595,0.000122683,0.000124411,0.000126139,0.000155514,0.000184889,0.000290293,0.000392242,0.000611689,
0.000800227,0.00218311,0.0279711,0.935867,0.0252643,0.00281001,0.00123537,0.000663783,0.000457273,0.00030239,0.000840792,0.000118006,0.000129069,9.95674e-05,9.95674e-05,0.000129069,0.000129069,0.000177009,0.000317141,0.000405645,
0.000345002,0.000786035,0.00207712,0.0264549,0.93514,0.0286458,0.0028347,0.00109903,0.00069356,0.000316548,0.000483714,0.000192063,8.8918e-05,6.75777e-05,7.11344e-05,0.000110258,0.000110258,8.8918e-05,0.000128042,0.000266754,
0.000181105,0.000292309,0.000733951,0.00197309,0.0318236,0.933477,0.0250941,0.00305336,0.00122643,0.000533782,0.000648164,0.000216055,0.000117559,0.000101673,8.89637e-05,5.08364e-05,7.94319e-05,7.94319e-05,8.89637e-05,0.0001398,
0.000107281,0.000174033,0.000305154,0.000624611,0.00172364,0.0263028,0.934742,0.030246,0.00303485,0.00106089,0.000667523,0.000288465,0.000152577,0.000102513,8.10564e-05,8.10564e-05,5.24483e-05,7.15204e-05,7.62884e-05,0.000104897,
8.93605e-05,0.000120293,0.000183304,0.000326051,0.000793017,0.00262491,0.0701134,0.90188,0.0179638,0.00324287,0.00136653,0.000460321,0.000238753,0.000147101,8.86731e-05,7.53836e-05,6.53019e-05,6.62184e-05,7.4238e-05,8.04245e-05,
3.92297e-05,4.92652e-05,4.74405e-05,0.000100355,0.000170603,0.00041328,0.00145241,0.0349381,0.930824,0.0285692,0.00222241,0.000569286,0.000238115,0.0001259,6.47746e-05,4.10543e-05,4.56159e-05,2.91942e-05,2.82819e-05,3.19311e-05,
3.06819e-05,2.77127e-05,4.05793e-05,5.34459e-05,0.000105902,0.000169245,0.000373131,0.00152024,0.0358691,0.922494,0.0366045,0.00183102,0.000467157,0.00014945,8.3138e-05,5.14664e-05,3.46408e-05,3.36511e-05,2.37537e-05,3.76101e-05,
5.24676e-05,4.99082e-05,5.69465e-05,7.23029e-05,9.78968e-05,0.000115813,0.000166361,0.000358315,0.00131233,0.0317858,0.951341,0.0129844,0.000840761,0.000261058,0.000136928,0.000104295,7.80615e-05,7.23029e-05,6.46247e-05,4.79886e-05,
4.83516e-05,4.64175e-05,6.76922e-05,6.38241e-05,5.02857e-05,0.000131516,0.000164395,0.000346197,0.000920614,0.00375208,0.0493051,0.922106,0.0202322,0.00163235,0.000545406,0.00022822,0.000135384,9.28351e-05,6.189e-05,6.96263e-05,
0.000100692,8.43636e-05,4.89853e-05,5.9871e-05,5.71495e-05,0.000103413,0.000138792,0.000266698,0.000525232,0.00121375,0.00360042,0.0319275,0.93151,0.027097,0.00190498,0.000593267,0.000359226,0.000195941,0.000127906,8.43636e-05,
0.000127332,9.71746e-05,8.04203e-05,6.36661e-05,8.04203e-05,9.04729e-05,9.04729e-05,0.000224507,0.000345137,0.000613205,0.00153469,0.00318666,0.0371173,0.924294,0.0284923,0.00215459,0.000730485,0.000361891,0.000170893,0.000144086,
0.000109851,7.20899e-05,9.61198e-05,8.92541e-05,6.8657e-05,7.55227e-05,8.58213e-05,0.000116717,0.0002403,0.000332987,0.000772392,0.00105045,0.00272912,0.0308922,0.929314,0.0307343,0.00202882,0.000679705,0.000319255,0.00019224,
0.000222789,0.000111394,0.000121223,0.000104842,0.000101565,8.84602e-05,8.51839e-05,0.000131052,0.000157263,0.000235894,0.000707682,0.000537314,0.000920641,0.00272588,0.0343029,0.935938,0.0206931,0.0018249,0.000645432,0.000344012,
0.000467236,0.000258124,0.000143765,0.000114359,0.000127428,0.000130695,0.000120893,0.000140498,0.000124161,0.000153567,0.000960612,0.000414958,0.000532584,0.000970414,0.00231658,0.0237474,0.946885,0.0200912,0.00160755,0.000692686,
0.000994959,0.000593209,0.000386057,0.0002354,0.000178904,0.000172627,0.000244816,0.00035467,0.000392334,0.000659121,0.0017859,0.000593209,0.000605764,0.000721895,0.00102007,0.00252349,0.0242023,0.940444,0.0218577,0.00203386,
0.00219372,0.00115318,0.000643635,0.000439817,0.000273545,0.000193091,0.000257454,0.000134091,0.000177,0.000219909,0.000965453,0.000289636,0.000434454,0.000418363,0.000616817,0.00121754,0.00279981,0.025209,0.938694,0.0236697,
0.0274052,0.00279283,0.00118806,0.000820115,0.000403408,0.000398975,0.000452172,0.000483203,0.000607329,0.00104177,0.00207024,0.000704856,0.000571864,0.000523101,0.000576297,0.00075362,0.00126785,0.00315634,0.0280214,0.926761,


0.931832,0.0258086,0.00327414,0.00120152,0.000738934,0.000444562,0.000252319,0.000222281,0.000180228,0.000240304,0.000636805,0.000168213,0.000198251,0.000222281,0.000282357,0.000372471,0.000726919,0.00113544,0.00281756,0.029245,
0.0268001,0.935912,0.0220597,0.00239442,0.00118108,0.000729298,0.000555041,0.000558268,0.000580857,0.000932598,0.00207495,0.000496955,0.000396919,0.000296882,0.000274294,0.000296882,0.000429189,0.00064217,0.000974549,0.00241378,
0.00187169,0.0248707,0.942392,0.0219604,0.00265835,0.00106954,0.000608397,0.000395265,0.000282885,0.000259635,0.00101529,0.000151131,9.68786e-05,0.000147255,0.000166631,0.000147255,0.000182132,0.000348763,0.000488268,0.000887408,
0.000851192,0.00204902,0.0252623,0.93868,0.0254048,0.00289251,0.00103221,0.000685575,0.000300421,0.000315827,0.000812676,0.000157913,0.00010014,0.000130953,0.000123249,0.000127101,0.000127101,0.000219538,0.00032353,0.000404412,
0.000362918,0.000739277,0.00179779,0.0256529,0.936993,0.028106,0.00261771,0.00111564,0.000581341,0.000332675,0.00057462,0.000151216,9.40898e-05,9.07295e-05,7.72881e-05,9.40898e-05,0.000114252,0.000110892,0.000117612,0.000275549,
0.000200451,0.000358382,0.000640835,0.00205006,0.0301223,0.9353,0.0249014,0.00298854,0.00113589,0.000570981,0.000716763,0.00026423,0.00012756,0.000115411,7.28912e-05,7.28912e-05,8.80768e-05,7.89654e-05,9.1114e-05,0.000103262,
0.000115904,0.000172567,0.000329681,0.000618152,0.00172052,0.0250506,0.935182,0.0313892,0.00280744,0.000989043,0.000651635,0.000236958,0.000195748,0.00014166,7.46934e-05,6.95421e-05,5.92396e-05,6.18152e-05,6.69665e-05,6.69665e-05,
6.91489e-05,8.15603e-05,0.000138298,0.000251773,0.000501773,0.00148404,0.0275142,0.926897,0.0382624,0.0029273,0.000916667,0.000336879,0.000198582,0.000111702,7.2695e-05,5.14184e-05,4.43262e-05,4.78723e-05,4.96454e-05,4.25532e-05,
3.76703e-05,5.27384e-05,5.05858e-05,9.9019e-05,0.00016252,0.000375626,0.00124635,0.0327774,0.931252,0.0305732,0.00226129,0.000562901,0.000208801,0.000103324,6.56539e-05,4.30517e-05,4.08991e-05,2.04496e-05,3.44414e-05,3.22888e-05,
2.07388e-05,1.62399e-05,2.56766e-05,3.22604e-05,5.94732e-05,0.000114777,0.000301426,0.00130775,0.0706168,0.916179,0.0100791,0.000817153,0.000199817,8.74541e-05,4.3343e-05,2.80907e-05,2.20556e-05,1.73372e-05,1.47037e-05,1.71177e-05,
5.19071e-05,5.76746e-05,6.21604e-05,7.30544e-05,8.77935e-05,0.000120476,0.000163411,0.000367836,0.00130729,0.0308822,0.951844,0.0133843,0.000818338,0.000281965,0.000147391,9.74059e-05,7.17728e-05,6.40828e-05,6.53645e-05,5.12663e-05,
1.28348e-05,1.34765e-05,1.26422e-05,1.52734e-05,1.81612e-05,2.86857e-05,4.62052e-05,9.3758e-05,0.000299243,0.00128264,0.0712437,0.919359,0.00654669,0.000683708,0.000177376,7.50834e-05,3.56165e-05,2.29101e-05,1.91238e-05,1.34765e-05,
7.05276e-05,8.1378e-05,6.7815e-05,6.51024e-05,8.68032e-05,0.000132917,0.000170894,0.000233284,0.000537095,0.00116099,0.00355893,0.0317727,0.931141,0.0276034,0.00192052,0.000661874,0.000301099,0.000173606,0.000160043,0.000100366,
0.000125705,0.000105857,0.000125705,9.59331e-05,9.92411e-05,0.000155478,0.000178634,0.000205098,0.000363884,0.000790621,0.0015647,0.00363223,0.0357665,0.924587,0.0288891,0.00189551,0.000688072,0.000344036,0.000231563,0.000155478,
0.000143918,0.000113078,0.000116505,8.9092e-05,6.85323e-05,0.000106225,8.9092e-05,0.000116505,0.00021245,0.000328955,0.000856654,0.0011205,0.00272416,0.0306751,0.928836,0.0312645,0.00192919,0.000654484,0.000342662,0.00021245,
0.000135846,7.91662e-05,7.02461e-05,6.76444e-05,6.76444e-05,6.54143e-05,6.8016e-05,8.92014e-05,0.000109643,0.000171713,0.000718257,0.000344169,0.000590216,0.00169408,0.034276,0.946533,0.0133949,0.000913757,0.000374646,0.000236384,
0.00037404,0.000195444,0.00012131,0.00012468,0.000141529,0.000144898,0.00011794,0.000107831,0.000144898,0.000239251,0.000977221,0.000384149,0.000478501,0.000869389,0.00259806,0.0236454,0.945626,0.0212596,0.00172193,0.000727861,
0.000600727,0.000357269,0.000308776,0.000211789,0.000201892,0.000193975,0.000222675,0.000329559,0.000375083,0.000488895,0.00172301,0.000602707,0.000566089,0.000676931,0.00083033,0.00197636,0.0235046,0.947046,0.0182336,0.00154982,
0.00214121,0.00113297,0.000613258,0.000415768,0.000259855,0.000213081,0.000176701,0.000181899,0.000103942,0.000207884,0.000930281,0.000187096,0.000332614,0.000389783,0.000675623,0.00116935,0.00274407,0.0252943,0.939698,0.0231323,
0.0275919,0.00311522,0.00123074,0.000745811,0.000487999,0.000417408,0.000491069,0.000552452,0.000675219,0.000991345,0.00202873,0.000886993,0.000675219,0.000644528,0.000607698,0.000761156,0.00116015,0.00334541,0.0355564,0.918034,


0.931989,0.0268017,0.00325272,0.00140871,0.000695284,0.00050786,0.000320435,0.000259976,0.000205562,0.000229746,0.000707376,0.000157195,0.000259976,0.000211608,0.000326481,0.000374849,0.000616687,0.00108222,0.00278114,0.0278114,
0.0271356,0.935216,0.0231281,0.00244901,0.0011754,0.000841439,0.000602431,0.000523853,0.000504209,0.000854536,0.00138821,0.00046492,0.000389616,0.000314312,0.000301216,0.000314312,0.000435453,0.000422357,0.000877454,0.00266183,
0.00193743,0.024269,0.94386,0.0214065,0.00255164,0.00112606,0.000583882,0.000405684,0.000242652,0.000231278,0.000818951,0.000178198,0.000125118,6.82459e-05,9.4786e-05,0.000144075,0.000204738,0.00034123,0.000523219,0.000887197,
0.000863778,0.00210687,0.025181,0.938769,0.025166,0.00286549,0.00120178,0.000627178,0.000383067,0.000292934,0.000781156,0.000229089,0.000116422,9.01334e-05,0.000131445,0.000138956,0.000180267,0.000225333,0.000255378,0.000394334,
0.000362617,0.000728623,0.0020232,0.0250579,0.937281,0.028196,0.00260949,0.00115224,0.000521898,0.000311783,0.000586288,0.000101668,0.000142336,8.47237e-05,9.82794e-05,8.13347e-05,8.81126e-05,0.000135558,0.000189781,0.000247393,
0.000207444,0.000302014,0.000698599,0.00199207,0.0297347,0.935903,0.0250794,0.00279134,0.00107688,0.000576573,0.000646738,0.000183039,0.000118975,0.000112874,6.71143e-05,0.000128127,7.62662e-05,9.15195e-05,8.84688e-05,0.000125077,
0.000113502,0.000159934,0.000299232,0.00056235,0.00195533,0.0238457,0.935252,0.0318889,0.00307229,0.00105247,0.000724864,0.000322448,0.000167673,0.00012382,8.7706e-05,6.44897e-05,8.25468e-05,5.15917e-05,6.70693e-05,0.000105763,
4.50424e-05,0.000102697,0.000129722,0.0002126,0.000502673,0.00152964,0.0269083,0.926646,0.0391652,0.00278182,0.0010612,0.000315297,0.000169359,0.000120714,7.02661e-05,6.30593e-05,4.1439e-05,4.50424e-05,4.68441e-05,4.32407e-05,
3.43909e-05,4.24154e-05,5.61718e-05,7.79527e-05,0.000155905,0.000376007,0.00127819,0.0308223,0.930775,0.0329029,0.00232024,0.000599548,0.000247614,9.62945e-05,5.50254e-05,3.55373e-05,3.783e-05,2.86591e-05,2.17809e-05,3.66836e-05,
3.56632e-05,2.67474e-05,3.86351e-05,5.8448e-05,7.33077e-05,0.000158503,0.000387342,0.00156324,0.034092,0.922711,0.0381428,0.00186637,0.000413099,0.000179307,7.2317e-05,5.8448e-05,4.25977e-05,3.66538e-05,1.6841e-05,2.67474e-05,
2.49253e-05,2.10963e-05,1.85049e-05,1.85807e-05,2.09465e-05,3.18693e-05,5.95223e-05,0.000171108,0.000960967,0.0594674,0.932086,0.00621756,0.000593061,0.00011862,4.89598e-05,2.94244e-05,2.66949e-05,2.82289e-05,2.88856e-05,2.76092e-05,
4.63606e-05,6.18141e-05,7.5336e-05,3.86338e-05,9.07895e-05,0.000110106,0.000198964,0.0003535,0.000952324,0.00370305,0.0464128,0.923493,0.0217354,0.00156853,0.000533147,0.000272369,0.000112038,9.07895e-05,7.72677e-05,7.34043e-05,
8.69851e-05,3.8056e-05,8.15486e-05,6.25206e-05,8.15486e-05,9.24217e-05,0.000163097,0.000233773,0.000519192,0.00109547,0.00351474,0.0308118,0.931823,0.028175,0.00194629,0.000627924,0.00028542,0.000146787,0.000114168,0.000100577,
7.35662e-05,6.05839e-05,5.40928e-05,5.73383e-05,7.68117e-05,7.89754e-05,8.33029e-05,0.00015146,0.000232599,0.000397041,0.00142697,0.00138586,0.0193479,0.957248,0.0175196,0.000900104,0.000395959,0.000202307,0.000188243,0.000119004,
