0.931168,0.0237062,0.00300079,0.00135636,0.000522137,0.000408107,0.000324085,0.000330086,0.000258068,0.000168044,0.000630165,0.000174046,0.000252066,0.000258068,0.000204053,0.000450118,0.000618162,0.00123632,0.00251466,0.0324205,
0.0271361,0.949814,0.0147092,0.00153233,0.00078051,0.00043808,0.000332865,0.000235301,0.000218084,0.000208519,0.00122242,0.000164519,0.000131998,0.000105216,0.000166432,0.000181736,0.00022191,0.000401733,0.00062173,0.00137737,
0.00176216,0.025135,0.947368,0.0180315,0.00231405,0.00088108,0.000538976,0.00040988,0.000203326,0.000158143,0.000768121,0.000183962,0.000135551,0.000135551,0.000135551,0.000206554,0.000171052,0.00024851,0.000438926,0.000774576,
0.0013509,0.0031491,0.0406093,0.927316,0.0181385,0.00267527,0.00134241,0.000866996,0.000611779,0.000391581,0.00104156,0.000224443,0.000163424,0.000165016,0.000166077,0.000185709,0.000226035,0.000306155,0.000403254,0.00066643,
0.000381571,0.000723914,0.00227872,0.0294059,0.935001,0.0254832,0.00290635,0.00108765,0.000620498,0.000353042,0.000506383,0.000153341,0.000142643,0.000110548,8.55859e-05,0.000110548,0.000128379,0.000117681,0.000185436,0.000217531,
0.00030608,0.000503993,0.00103746,0.00356345,0.0854552,0.887473,0.0153649,0.00272156,0.00117174,0.000596085,0.000589053,0.000220016,0.000148686,0.000118547,0.000102473,0.000102808,9.24267e-05,0.000112185,0.000146007,0.000174807,
0.00023833,0.000306675,0.000568663,0.00145627,0.00526955,0.076419,0.886734,0.0200872,0.00429345,0.00194432,0.00106986,0.000436793,0.000233073,0.000170862,0.000126175,0.000108651,0.000109089,0.000111279,0.000135813,0.0001805,
6.79866e-05,6.61974e-05,0.000125238,0.000237953,0.000500954,0.00142772,0.0320736,0.92862,0.0320825,0.00294847,0.000923186,0.00036498,0.000186068,8.58778e-05,7.69322e-05,5.54627e-05,3.39933e-05,2.86259e-05,5.18845e-05,4.29389e-05,
4.4268e-05,4.31329e-05,6.46994e-05,8.39956e-05,0.000157776,0.000379115,0.00125766,0.0407231,0.92681,0.02705,0.00226561,0.000538026,0.000222475,0.000122588,5.56187e-05,5.33486e-05,3.74575e-05,2.9512e-05,3.51874e-05,2.61068e-05,
8.74043e-05,0.000110094,0.000127654,0.000188422,0.000355142,0.000663325,0.0018931,0.00849775,0.0710104,0.893671,0.0195387,0.0020541,0.000767303,0.000357509,0.000213282,0.00013081,9.94396e-05,8.26691e-05,7.89203e-05,7.31986e-05,
0.000112448,0.000116686,0.000121392,0.000125334,0.000153938,0.000230538,0.000407858,0.00122005,0.00688699,0.0594325,0.923735,0.00553912,0.000811429,0.000322438,0.000189639,0.000134942,0.000120579,0.000112202,0.000108777,0.00011809,
5.55619e-05,4.59823e-05,4.21504e-05,8.23849e-05,6.51416e-05,0.00011304,0.000180097,0.000396597,0.00100011,0.00351381,0.057043,0.916554,0.018117,0.00175116,0.000471319,0.00022608,0.000130283,9.00487e-05,6.13097e-05,6.13097e-05,
0.000271017,0.000210374,0.000167237,0.000145824,0.000166507,0.000227671,0.000385582,0.000858951,0.00227827,0.00807587,0.0208776,0.0729333,0.873082,0.0159182,0.00199991,0.000864004,0.000486081,0.000383707,0.000347133,0.000320928,
0.00027063,0.000226932,0.000178642,0.000159325,0.000156083,0.000194311,0.000283058,0.00050175,0.00108266,0.00278539,0.00570633,0.00762499,0.0428814,0.919457,0.0151004,0.001383,0.000753807,0.000507086,0.000404493,0.000342695,
0.000291003,0.000232755,0.00018905,0.000161529,0.000157073,0.000177635,0.000228924,0.000338461,0.00061281,0.00128457,0.00295569,0.00253185,0.00341956,0.0337467,0.935809,0.0150532,0.00125142,0.000722894,0.000469185,0.000366842,
0.000385696,0.000287365,0.000224594,0.000186045,0.000179552,0.000190374,0.000255516,0.000348281,0.000536078,0.000907138,0.00229336,0.00137024,0.00176387,0.00258433,0.0340877,0.935528,0.0161335,0.00147146,0.000750675,0.000516392,
0.00060676,0.00042738,0.000327867,0.000281883,0.000259531,0.00030281,0.000387091,0.000471655,0.0006983,0.00110746,0.00265326,0.00124213,0.00126377,0.00163933,0.00292105,0.0236307,0.938579,0.0202083,0.0020408,0.000951283,
0.000804719,0.000522317,0.000368395,0.000292833,0.000230501,0.000225413,0.000255689,0.000308607,0.000373738,0.00048848,0.00184986,0.000588465,0.000679801,0.000817949,0.001354,0.00275711,0.0235653,0.945659,0.0172352,0.00162241,
0.00198593,0.00108708,0.000616485,0.000367067,0.000249418,0.000216476,0.000244712,0.000225888,0.000301184,0.000244712,0.00112003,0.000202358,0.000409421,0.000395303,0.000583543,0.00115297,0.00241417,0.0250406,0.943015,0.0201275,
0.0273994,0.00312088,0.00128303,0.000708391,0.000475563,0.000539962,0.000515193,0.000505286,0.000579592,0.00103534,0.00191711,0.00081242,0.000728206,0.000728206,0.000609315,0.000817374,0.00124835,0.00360635,0.0312534,0.922117,


0.930969,0.0240299,0.00299847,0.00131596,0.000799192,0.000384574,0.000354529,0.000282421,0.000216323,0.000222332,0.000727085,0.000228341,0.000210314,0.000240359,0.000240359,0.000516771,0.000618923,0.00120179,0.00268,0.0317634,
0.0270647,0.946141,0.0149962,0.00154004,0.000920597,0.000629635,0.000525036,0.000414727,0.000412892,0.000503219,0.00162812,0.000281175,0.00024692,0.000212869,0.000218374,0.000254872,0.000354985,0.000528706,0.000888177,0.00223777,
0.00217479,0.0258191,0.944798,0.0185348,0.00240733,0.0011136,0.000540422,0.000445439,0.000314427,0.000219444,0.000995686,0.000124461,0.000157214,0.000114635,0.000209618,0.000170315,0.000199792,0.000288225,0.000550248,0.000822096,
0.00104974,0.0021891,0.0289704,0.934865,0.02475,0.00314496,0.00118203,0.000665691,0.00038832,0.000320044,0.000733967,0.000183492,0.000115216,0.000106681,0.000119483,0.000102414,0.000157888,0.000196293,0.000264569,0.000495001,
0.000245478,0.000367695,0.000759416,0.0168158,0.963205,0.0143182,0.00116472,0.0005599,0.000321734,0.000231899,0.00123053,0.000121172,7.6255e-05,5.32741e-05,6.16308e-05,7.41658e-05,8.67009e-05,7.72996e-05,9.4013e-05,0.000134752,
0.000215648,0.000346344,0.000718827,0.0021042,0.0357584,0.930486,0.0237311,0.00309096,0.00126448,0.000624073,0.000611003,0.000199311,0.000143765,8.16849e-05,8.49523e-05,0.000111092,8.82197e-05,8.16849e-05,0.000111092,0.000147033,
0.00013663,0.000201079,0.00029904,0.000587768,0.00178135,0.0279035,0.935621,0.0276174,0.00303422,0.00109562,0.000675418,0.000317086,0.000219124,0.000105695,6.44483e-05,6.18703e-05,6.18703e-05,5.67145e-05,6.96041e-05,9.02276e-05,
5.89781e-05,6.07653e-05,0.000126892,0.000259146,0.000502207,0.0014959,0.0316301,0.928981,0.0322574,0.00283095,0.000907905,0.000337784,0.000176934,8.93607e-05,7.68502e-05,6.07653e-05,3.21699e-05,2.68082e-05,4.28931e-05,4.46804e-05,
3.08743e-05,5.03137e-05,7.31836e-05,7.31836e-05,0.000165807,0.000386501,0.00132074,0.0391292,0.927656,0.0277446,0.00225954,0.000568316,0.000202398,0.000104058,7.43271e-05,4.68832e-05,3.54483e-05,2.40134e-05,2.51569e-05,2.97308e-05,
3.66495e-05,1.48579e-05,4.35832e-05,7.03274e-05,8.71663e-05,0.000170371,0.000411069,0.00155513,0.0411613,0.921422,0.0323328,0.00181564,0.000438803,0.000165418,8.61758e-05,5.54695e-05,4.85358e-05,2.97158e-05,3.07063e-05,2.47632e-05,
5.4628e-05,5.78414e-05,6.8767e-05,7.71219e-05,8.41914e-05,0.000116325,0.000172882,0.000351547,0.00132842,0.0366798,0.9477,0.0117289,0.000818777,0.000251931,0.000136249,0.000102829,8.16206e-05,7.13377e-05,5.07719e-05,6.61963e-05,
0.000206328,0.000165865,0.00013343,0.000126384,0.000149335,0.000245424,0.000533183,0.00134345,0.00502858,0.0320224,0.134737,0.801573,0.018569,0.00289698,0.000862506,0.000382808,0.000257792,0.000251845,0.000265789,0.00024917,
5.26403e-05,4.70992e-05,6.6493e-05,8.03458e-05,6.6493e-05,0.000132986,0.000169003,0.000274284,0.000565191,0.0011664,0.00356015,0.0354297,0.931108,0.0239153,0.00195877,0.0007148,0.000260431,0.000185626,0.000146839,9.97396e-05,
0.000138573,0.000101395,6.75966e-05,0.000104775,7.77361e-05,0.000101395,0.000118294,0.000229828,0.000300805,0.000490075,0.00158176,0.00334265,0.0393919,0.924555,0.0258557,0.00201776,0.000736803,0.000327843,0.000223069,0.000236588,
0.000146476,8.85667e-05,8.17539e-05,9.53795e-05,8.51603e-05,8.51603e-05,9.8786e-05,0.000156695,0.00018054,0.000327016,0.000878854,0.000981047,0.00269107,0.0337746,0.930458,0.026645,0.00192803,0.000684689,0.000412176,0.000200978,
0.000269271,0.00019841,9.35364e-05,7.65297e-05,8.21986e-05,8.5033e-05,7.93642e-05,0.000121881,0.000136053,0.000206914,0.000759629,0.000470516,0.000907019,0.00229589,0.0338488,0.940236,0.0177889,0.00151359,0.000518702,0.000311788,
0.000378824,0.000203547,0.000180931,0.000141352,8.19844e-05,0.000101774,8.19844e-05,0.000107428,0.00017245,0.000155488,0.000947061,0.000305321,0.000443846,0.000788746,0.0022786,0.0239027,0.949803,0.017816,0.00148985,0.000619123,
0.000720969,0.000412362,0.000311267,0.000215493,0.000186228,0.000258059,0.000250078,0.000258059,0.000383098,0.000473552,0.0014446,0.000508137,0.000537401,0.00059593,0.000947103,0.002123,0.0233929,0.946702,0.018402,0.00187824,
0.00192117,0.000879592,0.000546494,0.000404379,0.000354915,0.000381067,0.000469086,0.000566519,0.000775433,0.00121329,0.00293122,0.00107416,0.000803229,0.000772893,0.000816529,0.00112811,0.00240535,0.025161,0.937353,0.0200423,
0.0219186,0.00267886,0.00134031,0.000864944,0.000663398,0.000551754,0.000525312,0.000501221,0.000562331,0.000705117,0.00168112,0.000592886,0.000579371,0.000574083,0.000729796,0.001033,0.00186386,0.00393397,0.0377796,0.920921,


0.930616,0.0245063,0.00311432,0.00116058,0.000729007,0.000519053,0.000309099,0.000174962,0.000262443,0.000256611,0.000635695,0.00016913,0.000174962,0.00019829,0.000268275,0.000390748,0.000635695,0.00124806,0.00286937,0.0317614,
0.0272331,0.937716,0.0213064,0.00238136,0.00103811,0.000566242,0.000462431,0.000437265,0.000490743,0.000758136,0.00170187,0.000487598,0.000355474,0.000330308,0.000324017,0.000349183,0.000377495,0.000578826,0.000924863,0.00218003,
0.00185563,0.0251134,0.946885,0.0181084,0.0023401,0.000981136,0.000591119,0.000405252,0.000249854,0.00015235,0.00119747,0.000115786,9.75042e-05,9.44572e-05,0.000112739,0.000164538,0.000188914,0.000262043,0.000368688,0.000716046,
0.000895585,0.00218111,0.0296272,0.934142,0.0249521,0.0031924,0.00131552,0.000552777,0.00042851,0.000321382,0.000758462,0.000137123,0.000149978,0.000128553,7.71317e-05,0.000119983,0.000137123,0.000167119,0.000269961,0.00044565,
0.000544314,0.00101118,0.00277393,0.056022,0.915749,0.0168737,0.00238321,0.00119593,0.000649023,0.000448691,0.000731666,0.000220668,0.000171775,0.00011769,0.000125478,0.000136295,0.000136295,0.000152304,0.000241869,0.000314993,
0.000189914,0.000327438,0.000749834,0.0019679,0.0355565,0.931136,0.0237458,0.00305827,0.00111984,0.000605761,0.000543548,0.000183365,0.000150622,0.000111329,6.54877e-05,8.18596e-05,6.54877e-05,0.000101506,7.85852e-05,0.000160445,
0.00010653,0.000152532,0.000288115,0.000593179,0.00181101,0.0288236,0.935544,0.0270877,0.00295863,0.00104109,0.000660971,0.000239693,0.000157374,0.000116215,5.81073e-05,7.0213e-05,5.81073e-05,7.50553e-05,7.74764e-05,7.98975e-05,
6.08093e-05,7.12337e-05,0.000149417,0.000213701,0.000512535,0.00154803,0.0309901,0.928184,0.0335841,0.00275553,0.000978161,0.000350956,0.000173741,0.000109457,6.42841e-05,6.60215e-05,5.90719e-05,3.64856e-05,3.64856e-05,5.55971e-05,
3.66086e-05,3.43205e-05,6.0633e-05,8.58014e-05,0.000164739,0.000394686,0.00130304,0.0382285,0.927891,0.0283648,0.00236583,0.000546841,0.000191051,0.00012241,4.91928e-05,4.46167e-05,3.77526e-05,2.17363e-05,1.83043e-05,3.77526e-05,
3.17179e-05,2.87444e-05,4.06386e-05,6.64094e-05,8.72243e-05,0.000154625,0.000383589,0.00156112,0.0401569,0.921909,0.0329748,0.00174548,0.000441077,0.000147687,7.92948e-05,6.04623e-05,3.66739e-05,3.27091e-05,2.27973e-05,3.86562e-05,
4.50824e-05,5.6675e-05,5.98951e-05,7.08437e-05,8.88766e-05,0.000120434,0.000180329,0.000390928,0.00133186,0.0359925,0.948192,0.0119191,0.000792805,0.000282087,0.000138467,9.5317e-05,7.01997e-05,6.82676e-05,5.53869e-05,4.89466e-05,
5.31481e-05,4.55555e-05,3.79629e-05,6.07407e-05,8.92128e-05,0.000125278,0.000157546,0.000339768,0.000950971,0.00372226,0.0543192,0.918296,0.0189625,0.00171972,0.000508703,0.000229676,0.000146157,9.68054e-05,8.16203e-05,5.69444e-05,
6.90896e-05,5.80353e-05,6.6326e-05,8.56711e-05,7.18532e-05,0.000143706,0.000135416,0.000276358,0.000519554,0.00116623,0.00373084,0.0346139,0.930709,0.0250464,0.00195385,0.000641151,0.000320576,0.000176869,0.000124361,9.11983e-05,
0.000124282,0.000117564,0.000114205,8.7333e-05,9.74099e-05,9.40509e-05,0.000137717,0.000261999,0.000379563,0.000789356,0.00167276,0.00338919,0.0377715,0.925656,0.0256961,0.0020792,0.000708741,0.000376204,0.000275435,0.000171307,
0.00010958,0.000106155,9.58822e-05,7.87604e-05,8.21847e-05,9.93066e-05,0.000123277,0.000140399,0.000246554,0.000328739,0.000832121,0.00110607,0.00279771,0.0342334,0.929181,0.0274497,0.00180464,0.000623234,0.000345861,0.000215735,
0.000177712,0.000149503,0.000115654,8.46246e-05,0.000124116,8.74454e-05,7.61621e-05,9.59078e-05,0.000169249,0.000234128,0.00105499,0.000538776,0.000846246,0.00236667,0.0339401,0.939194,0.0182987,0.00152324,0.000623401,0.000299007,
0.000362991,0.000302009,0.000165524,0.000104541,0.000104541,0.000130677,0.000104541,9.58297e-05,0.000124869,0.000153908,0.00117319,0.000348472,0.000441397,0.000836332,0.00210244,0.0234463,0.9502,0.0176298,0.00156812,0.000604017,
0.000779395,0.000489498,0.000306531,0.000173463,0.00015683,0.000149701,0.000235244,0.000237621,0.000289897,0.000415836,0.00154216,0.000491875,0.000446727,0.000639199,0.000860186,0.0022265,0.0234912,0.946203,0.0189526,0.00191285,
0.00221778,0.00104069,0.000530448,0.000363736,0.000232387,0.000222283,0.000207127,0.000171764,0.00016166,0.000141453,0.0010811,0.000282905,0.000358684,0.000368787,0.000631485,0.00113667,0.0028139,0.0264264,0.939221,0.0223899,
0.0275333,0.00344587,0.00117265,0.00067764,0.00047579,0.000403701,0.000495014,0.000470984,0.000845849,0.00107173,0.00209059,0.000797789,0.000744924,0.00070167,0.000586327,0.000836237,0.00148024,0.00358044,0.0306524,0.921937,


0.931378,0.0242368,0.0034624,0.00133679,0.000560005,0.00046366,0.000283013,0.000228819,0.000222798,0.000216776,0.000722587,0.00015656,0.00015656,0.000138496,0.000216776,0.000289035,0.000626242,0.00133679,0.00276389,0.0312037,
0.0270617,0.952501,0.0133504,0.00111265,0.000646558,0.000480301,0.000316885,0.000186152,0.000137838,0.000160574,0.00126612,9.66285e-05,9.80495e-05,0.000125049,0.000139259,0.000147785,0.000214572,0.000375146,0.000480301,0.0011027,
0.00181996,0.0246771,0.951818,0.014066,0.00146881,0.000840911,0.000555354,0.000400058,0.000274432,0.000248704,0.0013907,0.00016758,0.000125627,0.000130726,0.00015205,0.000153904,0.000210228,0.000292511,0.000451283,0.000756542,
0.00105129,0.0021858,0.0286475,0.934864,0.0249812,0.00314948,0.00126592,0.000648293,0.000394232,0.000328527,0.000749041,0.000157693,0.00012703,0.000100748,0.000113889,0.000175214,0.000162073,0.000175214,0.000275962,0.000446796,
0.000360979,0.000686217,0.0019836,0.0278347,0.934859,0.0273772,0.00306653,0.00116156,0.000671921,0.000332386,0.000553977,0.00015011,0.000114369,0.000117943,6.79069e-05,7.14809e-05,8.57771e-05,0.000107221,0.000200147,0.000196572,
0.000150312,0.000330032,0.00074829,0.00200307,0.0341893,0.931759,0.0243962,0.00289513,0.00131032,0.000591443,0.000542429,0.0002222,0.000140509,0.000107832,0.000114367,9.80293e-05,9.47616e-05,9.47616e-05,0.000114367,9.80293e-05,
0.00014437,0.000141792,0.000299052,0.000610995,0.00185103,0.0268683,0.935477,0.0288843,0.00302146,0.0010802,0.000639353,0.000257804,0.000134058,0.000134058,6.18729e-05,8.76533e-05,6.7029e-05,4.89827e-05,8.50752e-05,0.0001057,
6.26312e-05,6.60167e-05,0.000137112,0.000269145,0.000495971,0.00155562,0.0308433,0.928155,0.0336854,0.00276593,0.00105457,0.000316541,0.000150653,0.000121877,7.95585e-05,5.41675e-05,3.38547e-05,4.57038e-05,5.0782e-05,5.58602e-05,
4.22477e-05,3.99641e-05,4.33895e-05,8.79209e-05,0.000159856,0.000393931,0.00125944,0.0369839,0.928767,0.0288381,0.00226996,0.000568631,0.00021809,9.02046e-05,5.93752e-05,4.11059e-05,2.74039e-05,3.99641e-05,2.85458e-05,4.11059e-05,
3.76608e-05,4.65805e-05,2.97322e-05,6.44198e-05,8.91966e-05,0.000181366,0.00035976,0.00162932,0.0389522,0.9225,0.0335409,0.00174627,0.000363724,0.000170465,8.42412e-05,5.74823e-05,3.86519e-05,3.86519e-05,3.46876e-05,3.46876e-05,
7.39052e-05,6.04095e-05,7.32626e-05,7.32626e-05,8.09744e-05,0.000125318,0.0001793,0.000386878,0.0013258,0.0348203,0.948905,0.0123062,0.0008136,0.000264131,0.000128531,8.99716e-05,8.3545e-05,8.61157e-05,6.04095e-05,6.29801e-05,
5.21197e-05,4.05376e-05,5.79108e-05,5.01894e-05,6.9493e-05,0.000113891,0.000183384,0.000382211,0.000994136,0.0036812,0.0529961,0.919465,0.0190411,0.00170837,0.000505754,0.000233574,0.000185315,0.000104239,8.30055e-05,5.21197e-05,
7.18754e-05,8.56976e-05,6.35821e-05,7.18754e-05,8.84621e-05,0.000102284,0.000163102,0.000287502,0.000561181,0.00118594,0.00345831,0.0336957,0.931301,0.0254909,0.00208162,0.000627528,0.000293031,0.000179689,9.67554e-05,9.39909e-05,
0.000111557,7.77518e-05,0.000118318,0.000118318,6.42298e-05,0.000121699,0.000182548,0.000206211,0.000287344,0.000486794,0.00138601,0.00330952,0.0382133,0.925149,0.0267027,0.00203845,0.000733572,0.000314388,0.000243397,0.000135221,
0.000172281,6.89125e-05,8.61407e-05,5.16844e-05,6.89125e-05,6.54669e-05,8.2695e-05,0.000179173,0.00022052,0.000296324,0.000702908,0.000968221,0.00259456,0.0325715,0.930378,0.0284471,0.00179173,0.000654669,0.000420366,0.000179173,
0.000139345,0.00016055,8.17894e-05,7.87602e-05,7.27017e-05,0.00012117,7.27017e-05,0.00011814,0.000178725,0.000260514,0.000727017,0.000415006,0.000920888,0.00243551,0.0335216,0.938991,0.0191357,0.00164488,0.000575555,0.000348362,
0.000383329,0.000287497,0.000197654,9.28374e-05,9.8827e-05,8.38532e-05,7.18742e-05,0.000101822,0.00012578,0.000197654,0.00114999,0.00036536,0.000509109,0.000811579,0.00201248,0.0237903,0.948984,0.0186633,0.00138358,0.000688794,
0.000935656,0.000496354,0.000345166,0.000282409,0.000205388,0.000245325,0.000245325,0.000299524,0.000362282,0.000656101,0.00175436,0.000638985,0.000607606,0.000650395,0.0011439,0.00239049,0.0234855,0.944368,0.0190326,0.0018542,
0.00217373,0.000998868,0.000485164,0.000271121,0.000185504,0.000256852,0.000142695,0.000133182,0.000190261,0.000175991,0.00110351,0.00020453,0.000309173,0.000442356,0.000680181,0.00106546,0.00286818,0.0246578,0.942831,0.020824,
0.01382,0.000901774,0.000464186,0.000298589,0.000261695,0.000182757,0.000141572,0.000170745,0.000164739,0.000240244,0.00164396,0.00020335,0.000201633,0.000199059,0.000321756,0.000323472,0.000470192,0.000955829,0.014437,0.964597,


0.915478,0.0194328,0.00254843,0.00127185,0.000840422,0.000648719,0.000508583,0.000488901,0.000523935,0.00062392,0.00128957,0.000401119,0.000360968,0.00035034,0.000420408,0.000566842,0.000832943,0.00135648,0.00363291,0.0484229,
0.0271092,0.941854,0.0187736,0.00199598,0.000938558,0.000492805,0.000463088,0.000416036,0.000430895,0.000586908,0.00172853,0.000341744,0.000279834,0.000319456,0.000215447,0.000269928,0.000381367,0.000515092,0.000859313,0.00202818,
0.00134864,0.024859,0.951252,0.016064,0.00169916,0.000690351,0.000438148,0.000267164,0.000241516,0.00013465,0.00111568,0.000102591,6.62566e-05,7.05312e-05,0.000106865,0.000115415,0.000181671,0.00027785,0.000331283,0.000636918,
0.000824927,0.00218339,0.0272226,0.936407,0.0248873,0.0030904,0.00141181,0.000627929,0.00041862,0.000238039,0.000816719,0.00016006,0.000168269,0.000176477,0.00013954,0.000102603,0.000188789,0.000192893,0.000262663,0.000480181,
0.000379174,0.000862084,0.00194953,0.0273649,0.935329,0.0274579,0.00294754,0.00110891,0.000615264,0.000361288,0.000536567,0.000178856,0.000121622,0.000114468,7.86965e-05,0.000110891,6.08109e-05,0.000100159,0.000143085,0.000178856,
0.000206376,0.000353788,0.000635507,0.00207686,0.0332233,0.932545,0.0243032,0.00317426,0.00122515,0.000537233,0.000645335,0.000206376,0.000170342,0.00010155,0.000111378,8.84469e-05,5.89646e-05,0.000108102,0.000121205,0.000108102,
0.000103279,0.000172993,0.00033824,0.000609348,0.00185386,0.0259928,0.935512,0.0297316,0.00299768,0.0010457,0.000668734,0.000255616,0.000152337,0.000118771,5.42217e-05,7.74595e-05,5.16397e-05,8.00415e-05,0.000100697,8.26235e-05,
7.91024e-05,8.78915e-05,0.000116017,0.000265432,0.00049395,0.001459,0.0298163,0.92798,0.0350547,0.00279144,0.000940439,0.000339261,0.000203908,9.66807e-05,5.80084e-05,2.98831e-05,4.39458e-05,5.62506e-05,4.04301e-05,4.74614e-05,
3.7744e-05,3.43127e-05,5.37566e-05,9.60755e-05,0.000169276,0.000366002,0.00129473,0.035922,0.928869,0.0296816,0.00234584,0.000561584,0.000192151,0.000116663,6.06191e-05,5.1469e-05,5.1469e-05,2.17314e-05,3.7744e-05,3.66002e-05,
2.18079e-05,3.66768e-05,4.55982e-05,6.93886e-05,8.42576e-05,0.000183384,0.000398489,0.0015543,0.0380656,0.922332,0.0345089,0.00185367,0.000373707,0.000188341,8.32663e-05,5.74934e-05,4.06419e-05,3.66768e-05,2.47816e-05,4.06419e-05,
5.21231e-05,5.66276e-05,5.59841e-05,7.0141e-05,8.68719e-05,0.000128699,0.000182753,0.000351992,0.00134297,0.0338324,0.949899,0.0123918,0.000766403,0.000286999,0.000122908,0.000108107,7.72194e-05,7.85064e-05,5.34101e-05,5.53406e-05,
3.49743e-05,3.69174e-05,6.80057e-05,7.77208e-05,6.21766e-05,0.000110752,0.000176815,0.000384718,0.000971509,0.0035907,0.0526267,0.919654,0.0194185,0.00170791,0.000503242,0.000194302,0.000147669,9.52079e-05,8.16068e-05,5.63476e-05,
7.7241e-05,7.7241e-05,8.27582e-05,5.79307e-05,7.99996e-05,0.000104827,0.000168275,0.000264826,0.000491032,0.00124965,0.00370205,0.0334012,0.9312,0.0257654,0.00184827,0.000697927,0.000361377,0.000165516,0.000115861,8.82754e-05,
0.000128391,9.46042e-05,9.79829e-05,7.43319e-05,8.4468e-05,0.000128391,0.000141906,0.000199345,0.000327736,0.000577761,0.00143934,0.00318276,0.0365882,0.925658,0.0277663,0.00210832,0.000689259,0.000375038,0.000199345,0.000138528,
0.000151611,6.54685e-05,6.20228e-05,6.20228e-05,7.23599e-05,8.2697e-05,0.000110263,0.000179177,0.000230863,0.000261874,0.000813187,0.0010475,0.00267042,0.0327549,0.929204,0.0289336,0.00198473,0.000709816,0.00033768,0.00026532,
0.000228955,0.00012376,7.73498e-05,8.35378e-05,9.90078e-05,8.66318e-05,9.28198e-05,0.000105196,0.000173264,0.000256801,0.000624986,0.000507415,0.000986984,0.00246591,0.0338761,0.937947,0.0195138,0.0016986,0.000646644,0.000405313,
0.000342413,0.000264147,0.000176098,9.78324e-05,0.00012066,0.000130443,0.000101093,0.000101093,0.000146749,0.000136965,0.00103376,0.000391329,0.000485901,0.00102072,0.00227297,0.023633,0.94735,0.0197328,0.00171533,0.000746787,
0.000907289,0.000488775,0.000281046,0.000293265,0.000204675,0.000216894,0.000207729,0.000247442,0.000430733,0.00067512,0.00173821,0.000543762,0.000565146,0.000696504,0.000953111,0.00247442,0.0235803,0.94106,0.0223248,0.0021109,
0.00236721,0.00107185,0.000553704,0.000421628,0.000233673,0.000198114,0.000137156,0.000111757,0.000182875,0.000162555,0.00101089,0.000284472,0.000370829,0.000462267,0.000640062,0.00116837,0.00271772,0.0250945,0.941338,0.0214725,
0.0266007,0.00325287,0.0013271,0.000741001,0.000502374,0.000473069,0.000560984,0.000560984,0.000573543,0.0008959,0.00204299,0.000870781,0.000661459,0.000569357,0.000644713,0.000778679,0.00133129,0.00342451,0.0370919,0.917096,


0.931938,0.0252523,0.00289612,0.00138484,0.000740589,0.000481684,0.000276968,0.000216758,0.000210737,0.000192674,0.000728547,0.000180631,0.000192674,0.000186653,0.000270947,0.000409431,0.000572,0.00119217,0.00267335,0.0300029,
0.0270697,0.943351,0.0181796,0.00179878,0.00089826,0.000571004,0.000410762,0.000417533,0.000428817,0.000600344,0.00169044,0.00036788,0.000236978,0.000239235,0.000255034,0.000207638,0.000300172,0.000482984,0.000663539,0.00183037,
0.00215187,0.0251221,0.942446,0.0214872,0.00267901,0.00121165,0.000633365,0.000365857,0.000306847,0.000236036,0.000881203,0.000192763,0.000141622,0.000125886,0.000121952,0.000196697,0.000200631,0.000255706,0.000405196,0.000837929,
0.00105579,0.0025571,0.0374955,0.925601,0.0252977,0.0029315,0.00113441,0.000718835,0.000456759,0.000262075,0.000557846,0.000157245,0.000131038,0.000134781,0.000127294,0.000153501,0.000149757,0.000243355,0.00033321,0.000501687,
0.000378774,0.000711095,0.00205825,0.0271324,0.934694,0.0282437,0.00306593,0.00124352,0.000564588,0.000296587,0.000589602,0.000135787,0.000114347,9.29069e-05,6.78935e-05,8.57602e-05,7.14669e-05,0.00013936,0.000103627,0.000210827,
0.000211555,0.000403583,0.000689996,0.00202117,0.0325763,0.932579,0.0250514,0.00303013,0.001214,0.000615138,0.000602119,0.000188773,0.000143207,0.000152971,9.43863e-05,8.46222e-05,7.81128e-05,6.83487e-05,8.78769e-05,0.000107405,
9.55598e-05,0.000185954,0.000281514,0.000599186,0.00163743,0.0261343,0.934947,0.0304397,0.00298043,0.00108732,0.000710242,0.000232443,0.000178206,8.78117e-05,7.23155e-05,5.42367e-05,4.39059e-05,6.97328e-05,7.74809e-05,8.5229e-05,
3.92811e-05,7.67767e-05,0.000144626,0.000249971,0.000560648,0.00151411,0.0285181,0.927996,0.0360172,0.00289609,0.00105166,0.000330318,0.000180336,0.0001232,6.42781e-05,6.07071e-05,2.49971e-05,3.39246e-05,5.71361e-05,6.07071e-05,
2.97662e-05,3.66353e-05,4.46493e-05,0.000104182,0.000204929,0.000408713,0.00134749,0.0349318,0.928898,0.0305126,0.00236641,0.000579296,0.000217522,0.000111051,6.52567e-05,3.8925e-05,3.8925e-05,2.74765e-05,1.94625e-05,1.71728e-05,
3.56443e-05,3.06937e-05,4.55455e-05,6.33676e-05,9.2081e-05,0.000157429,0.000402978,0.00157429,0.0368156,0.92281,0.0352858,0.00184657,0.000396047,0.000178221,8.11897e-05,5.14862e-05,4.85158e-05,3.16838e-05,3.16838e-05,2.07925e-05,
5.92205e-05,5.27835e-05,6.69449e-05,6.95197e-05,7.91752e-05,0.000113935,0.000184098,0.000341161,0.0013286,0.0326994,0.950716,0.0126481,0.000863203,0.000275504,0.000139683,9.20492e-05,7.91752e-05,7.33819e-05,5.79331e-05,6.05079e-05,
5.25362e-05,6.4211e-05,5.4482e-05,5.64278e-05,7.58857e-05,0.000112856,0.000202362,0.000430019,0.00096511,0.0036717,0.0507753,0.920871,0.0198801,0.00162279,0.000542874,0.000223765,0.000157609,0.000107018,6.61567e-05,6.81025e-05,
7.18917e-05,6.91267e-05,7.18917e-05,8.01869e-05,7.74218e-05,0.000124428,0.000171434,0.000290332,0.000503242,0.00123598,0.00364989,0.0322904,0.931385,0.0267078,0.00189684,0.000641495,0.000323513,0.000165904,0.000124428,0.000118898,
0.000131084,7.39449e-05,0.000127723,8.40282e-05,6.38615e-05,0.000121001,0.000131084,0.000191584,0.000373085,0.000648698,0.00168393,0.00368716,0.0365086,0.92457,0.028015,0.00212423,0.00074281,0.000373085,0.000228557,0.000121001,
0.000104447,7.37275e-05,5.52957e-05,2.98421e-05,5.88065e-05,7.19721e-05,7.72384e-05,7.10944e-05,0.000129901,0.00021065,0.00121914,0.000495028,0.00101375,0.0157031,0.963053,0.0162885,0.000640727,0.000336162,0.000229082,0.000138678,
0.000197833,0.000116188,0.000119328,7.22248e-05,8.16455e-05,9.10661e-05,0.000103627,0.000128749,0.00014759,0.000185272,0.000879259,0.000430209,0.000863558,0.00249019,0.0335155,0.93811,0.0198964,0.00166745,0.000612341,0.00029204,
0.000391799,0.000273272,0.000200838,0.000144867,0.000115235,9.2188e-05,7.90183e-05,8.88956e-05,0.000115235,0.000158037,0.00116223,0.000322658,0.000414846,0.000944928,0.00241335,0.023722,0.947163,0.0198731,0.00158695,0.000737504,
0.000891708,0.000403326,0.00031004,0.000252422,0.00019206,0.000186573,0.000244191,0.000389608,0.000419789,0.000546,0.00176695,0.000603618,0.000496613,0.000740804,0.00111121,0.00255166,0.0233792,0.943499,0.0200868,0.00192883,
0.00228945,0.000996525,0.000582584,0.000352617,0.000229967,0.000189084,0.000194195,0.000163532,0.000102208,0.000255519,0.000960752,0.000219747,0.000316844,0.000480376,0.000730785,0.00113451,0.00281582,0.025,0.940689,0.0222966,
0.0272821,0.0028587,0.00137355,0.000558005,0.000459281,0.00042065,0.000429234,0.000424942,0.000588051,0.000785499,0.00178561,0.000553712,0.000459281,0.000562297,0.000506496,0.000755452,0.00121473,0.00288016,0.028029,0.928073,


0.93096,0.025981,0.00311603,0.00143169,0.000769985,0.000445148,0.000312806,0.000264682,0.00024062,0.000228589,0.000601551,0.00024062,0.000192496,0.000180465,0.000282729,0.000348899,0.000601551,0.0012031,0.00279721,0.0298008,
0.0269033,0.940853,0.0193549,0.00215372,0.000980619,0.0007023,0.000434386,0.000356352,0.000478605,0.000603458,0.00171673,0.000483807,0.000306931,0.000299128,0.000254909,0.000265313,0.000356352,0.000548835,0.000814148,0.00213291,
0.00146655,0.0247082,0.950092,0.0165402,0.00183664,0.000928698,0.000501531,0.000300919,0.000212718,0.000171212,0.00110856,0.000129706,0.000121059,0.000124518,0.000126248,0.000155648,0.000185048,0.000288813,0.000392578,0.000608755,
0.000805168,0.00219288,0.0278915,0.935958,0.0252719,0.00281252,0.00122816,0.000667881,0.000456385,0.000296836,0.000812589,0.000118734,0.000126155,0.000100182,0.000100182,0.000129866,0.000126155,0.000178102,0.000319099,0.00040815,
0.000346469,0.000789379,0.00208596,0.0260709,0.935389,0.0287712,0.00284319,0.00109656,0.000692939,0.000314323,0.000485772,0.000196452,8.57244e-05,6.78651e-05,7.1437e-05,0.000103584,0.000110727,9.28681e-05,0.000125015,0.000260745,
0.000184624,0.000292852,0.000735313,0.00197675,0.0316757,0.933615,0.0250993,0.00305585,0.0012287,0.000534773,0.000646184,0.000213273,0.000117777,9.86783e-05,8.59457e-05,5.09308e-05,7.95793e-05,7.95793e-05,8.91288e-05,0.00014006,
0.000107411,0.000176632,0.000305525,0.000622985,0.00172574,0.0262322,0.934823,0.0302231,0.00304093,0.00105979,0.000658788,0.000298364,0.000155149,0.00010025,7.63812e-05,8.3542e-05,5.01252e-05,7.87682e-05,7.63812e-05,0.000105024,
8.90633e-05,0.000120201,0.000182248,0.000325573,0.000791038,0.00262222,0.0700266,0.901966,0.0179775,0.00324131,0.00136388,0.000458825,0.000239257,0.000146302,8.81475e-05,7.50971e-05,6.5481e-05,6.66257e-05,7.41812e-05,8.0363e-05,
3.82388e-05,4.91641e-05,4.64328e-05,9.92387e-05,0.000167522,0.000412432,0.00145307,0.0355848,0.9303,0.0284706,0.00221876,0.000561746,0.000233985,0.000123821,6.46417e-05,4.09701e-05,4.55223e-05,2.91343e-05,2.82238e-05,3.18656e-05,
3.07156e-05,2.77431e-05,4.06239e-05,5.35046e-05,0.000104037,0.000169431,0.000372551,0.00152488,0.0358174,0.922528,0.0366239,0.00182906,0.000465688,0.000149615,8.22386e-05,5.05321e-05,3.46789e-05,3.36881e-05,2.37798e-05,3.76514e-05,
5.26922e-05,4.94793e-05,5.52626e-05,7.00421e-05,9.38179e-05,0.000112453,0.000165788,0.000357922,0.00131538,0.0318274,0.951284,0.0130079,0.00084179,0.000258963,0.000139442,0.000105384,7.90383e-05,7.3255e-05,6.10459e-05,4.88367e-05,
4.8679e-05,4.67318e-05,7.3992e-05,6.23091e-05,5.06261e-05,0.00013046,0.000167456,0.000350488,0.000930742,0.00377749,0.0493741,0.922034,0.0201726,0.00163756,0.000547151,0.000231712,0.000138248,9.34636e-05,6.23091e-05,7.00977e-05,
9.97774e-05,8.31479e-05,5.26603e-05,6.09751e-05,5.82035e-05,0.000110864,0.00013858,0.000268845,0.000532146,0.0012195,0.00365296,0.0317071,0.931736,0.0269898,0.00193457,0.00059035,0.000357536,0.000194012,0.000127493,8.59195e-05,
0.000122125,9.49861e-05,8.14166e-05,6.10625e-05,8.4809e-05,9.15937e-05,9.15937e-05,0.000227288,0.000339236,0.000620802,0.00154692,0.00322274,0.0355485,0.925531,0.0287469,0.0021745,0.000736142,0.00035959,0.00017301,0.000145871,
0.000110161,7.22934e-05,9.63912e-05,9.29486e-05,6.88508e-05,7.22934e-05,8.60636e-05,0.000110161,0.00023065,0.000330484,0.000753917,0.0010603,0.00272649,0.0308727,0.929359,0.030735,0.00203454,0.000681623,0.000313271,0.000192782,
0.000223567,0.000111783,0.000121647,0.000105208,9.86323e-05,9.20568e-05,8.21936e-05,0.00013151,0.000157812,0.000240005,0.000716728,0.00053919,0.00091728,0.0027354,0.0341268,0.936007,0.0207654,0.00183785,0.000644398,0.000345213,
0.00046786,0.000251925,0.000143957,0.000111239,0.000127598,0.00013087,0.000121055,0.000143957,0.000127598,0.000153772,0.000938992,0.000425327,0.000526751,0.000968437,0.00231967,0.0236744,0.946975,0.0200983,0.0016097,0.000683795,
0.000994555,0.00058855,0.000383974,0.000226608,0.000166808,0.00017625,0.000245491,0.000355648,0.000396563,0.000657791,0.00179083,0.000594845,0.000597992,0.00071759,0.00102603,0.00254933,0.0240424,0.940484,0.021962,0.00204261,
0.00221077,0.00115111,0.000645481,0.000435699,0.000274329,0.000188265,0.000247434,0.000134475,0.000182886,0.000220539,0.000941326,0.000279708,0.000419562,0.000419562,0.000607828,0.00121566,0.00280246,0.0250877,0.938975,0.02356,
0.0274139,0.0027862,0.00118458,0.000816337,0.000399295,0.000399295,0.000452535,0.000488028,0.000607816,0.00103817,0.00208521,0.000696549,0.000572324,0.000527957,0.000572324,0.000763098,0.00125556,0.00314112,0.027822,0.926978,


0.931915,0.0258343,0.0032533,0.00118848,0.000738295,0.000438175,0.000258103,0.000222089,0.000180072,0.000240096,0.000630252,0.000168067,0.000192077,0.000222089,0.000288115,0.000372149,0.000720288,0.00114046,0.00282113,0.0291777,
0.026846,0.935825,0.0220722,0.00239333,0.00119022,0.000732192,0.000554789,0.000554789,0.000580593,0.000932174,0.00208691,0.000499955,0.000396738,0.000296747,0.000277394,0.000296747,0.000428994,0.000645103,0.000977331,0.00241269,
0.00187644,0.0250464,0.94216,0.0219734,0.00266898,0.00107225,0.000617711,0.000396267,0.000279718,0.000260293,0.00102563,0.000147629,0.000101009,0.000147629,0.000167054,0.000151514,0.000186479,0.000349648,0.000477852,0.000893544,
0.000853021,0.00206664,0.0252339,0.938617,0.0254588,0.00291578,0.00104689,0.000694049,0.000302435,0.000314067,0.00079486,0.000151217,9.69342e-05,0.00013183,0.000124076,0.000127953,0.000124076,0.000213255,0.000329576,0.000403246,
0.000364085,0.000731541,0.0018002,0.0254657,0.937094,0.0281761,0.0026295,0.00111922,0.00058321,0.000333745,0.000569726,0.000151702,9.43924e-05,9.43924e-05,7.41655e-05,9.10213e-05,0.000117991,0.000111248,0.000117991,0.000279806,
0.00020383,0.000358984,0.000644955,0.00205047,0.029957,0.935456,0.0249038,0.00297227,0.00114084,0.000571941,0.000717969,0.000270759,0.000130816,0.000115605,7.30138e-05,6.99716e-05,8.8225e-05,7.6056e-05,9.12672e-05,0.000106478,
0.000116048,0.000175362,0.000332672,0.000621504,0.00173041,0.0249968,0.935235,0.0313666,0.00281869,0.000985123,0.000655029,0.000237255,0.000193414,0.000139258,7.47868e-05,6.96291e-05,5.67348e-05,6.18925e-05,6.70502e-05,6.70502e-05,
6.86492e-05,8.09708e-05,0.000140819,0.000249953,0.000505187,0.00146628,0.0271305,0.927316,0.0382569,0.00291319,0.000915322,0.000339725,0.000193626,0.000107374,7.39299e-05,5.10468e-05,4.75263e-05,4.75263e-05,5.10468e-05,4.40059e-05,
3.97158e-05,5.367e-05,5.15232e-05,9.98262e-05,0.000156716,0.000367103,0.001243,0.0334289,0.930743,0.0304545,0.00225521,0.000563535,0.000203946,0.00010412,6.4404e-05,4.18626e-05,4.18626e-05,1.93212e-05,3.54222e-05,3.2202e-05,
2.08506e-05,1.61318e-05,2.56791e-05,3.22635e-05,5.93693e-05,0.000114788,0.000301236,0.0013081,0.0706198,0.916177,0.0100785,0.000816794,0.000199727,8.73529e-05,4.31278e-05,2.79837e-05,2.20577e-05,1.72292e-05,1.45954e-05,1.70097e-05,
5.27802e-05,5.85731e-05,5.98604e-05,6.75844e-05,9.07561e-05,0.000122296,0.000160915,0.000373967,0.00131371,0.0309466,0.951774,0.0133849,0.000820667,0.000282567,0.000146755,9.59054e-05,7.209e-05,5.98604e-05,6.30787e-05,5.34238e-05,
1.28376e-05,1.35437e-05,1.25167e-05,1.5341e-05,1.81653e-05,2.8628e-05,4.62797e-05,9.40358e-05,0.00029931,0.00128267,0.0712506,0.919359,0.00653911,0.000683862,0.00017748,7.51003e-05,3.56245e-05,2.29152e-05,1.91281e-05,1.34153e-05,
7.18266e-05,8.28768e-05,6.07763e-05,6.63015e-05,8.84019e-05,0.000132603,0.000168516,0.000240343,0.000546987,0.0011658,0.00360238,0.0315844,0.93153,0.0273107,0.00195589,0.000660252,0.000295594,0.000174041,0.000160229,0.000102215,
0.00012724,0.000103801,0.00012724,9.7104e-05,0.000100452,0.000157375,0.000177466,0.00021095,0.00035828,0.000790225,0.00155031,0.00365981,0.0343112,0.925726,0.0291613,0.00191529,0.000693121,0.000341538,0.000234389,0.000157375,
0.000144321,0.000116832,0.000120268,8.93419e-05,6.87245e-05,0.000106523,8.93419e-05,0.000116832,0.000216482,0.00033675,0.000859056,0.00110646,0.00272493,0.0306614,0.928908,0.0312009,0.00193116,0.000649447,0.000340186,0.000213046,
0.000135953,7.93682e-05,7.00308e-05,6.7603e-05,6.79765e-05,6.4615e-05,6.72295e-05,8.88924e-05,0.000109061,0.000171435,0.000709272,0.000343804,0.000588819,0.00169867,0.0340674,0.946753,0.0133858,0.000917683,0.000375738,0.000237358,
0.000374514,0.000195692,0.000121464,0.000124838,0.000138334,0.000148456,0.00011809,0.000107968,0.000145082,0.000242928,0.00100208,0.00038801,0.000475734,0.000867118,0.00259123,0.023618,0.945601,0.0212866,0.00172749,0.00072541,
0.000600173,0.000355548,0.00030801,0.000210952,0.000203029,0.000196096,0.000222837,0.000329798,0.000375356,0.00048925,0.00172723,0.000603145,0.00056452,0.000677424,0.000828953,0.0019778,0.0234949,0.947048,0.018235,0.00155193,
0.002148,0.00113135,0.000625632,0.000411874,0.00026068,0.000198117,0.00018769,0.000182476,0.000104272,0.000208544,0.000933235,0.000198117,0.00031803,0.000385806,0.000677768,0.00116263,0.002758,0.0251504,0.939924,0.0230337,
0.0275871,0.00311745,0.00123162,0.000749416,0.000488349,0.000417707,0.00049142,0.000552848,0.000675703,0.000988983,0.00201789,0.000890699,0.000675703,0.000644989,0.000611204,0.00075863,0.00115484,0.00333244,0.0353638,0.918249,


0.932067,0.0268158,0.00323118,0.00139515,0.000694553,0.000513366,0.000320099,0.000253663,0.000199307,0.000229505,0.000658316,0.000157029,0.000259703,0.000211386,0.000326138,0.000374455,0.000616039,0.00107505,0.00277821,0.0278244,
0.0276198,0.934898,0.0229955,0.00242687,0.00117304,0.000836963,0.000607526,0.000533201,0.000500885,0.000843426,0.00141864,0.000458876,0.000381319,0.000313457,0.0002973,0.000313457,0.000439487,0.000423329,0.00087251,0.00264661,
0.00194277,0.024355,0.943781,0.0213667,0.00257389,0.00112917,0.000585493,0.000403002,0.000250926,0.000228114,0.000813608,0.000174888,0.000125463,6.46324e-05,9.50476e-05,0.000144472,0.000205303,0.00033837,0.000528465,0.000893448,
0.000872808,0.00211968,0.025081,0.938854,0.0251527,0.00287535,0.00121664,0.000623434,0.000389174,0.000290936,0.000755678,0.000230482,0.00011713,9.06814e-05,0.000132244,0.0001398,0.000173806,0.000230482,0.000256931,0.000396731,
0.00036392,0.000738043,0.00202367,0.0247975,0.937467,0.0282939,0.00262226,0.00114618,0.000520371,0.000312903,0.000567987,9.18302e-05,0.000139446,8.16268e-05,9.86324e-05,8.16268e-05,8.16268e-05,0.000132644,0.000190463,0.000248282,
0.000207848,0.000299546,0.000690789,0.00199595,0.0297009,0.935968,0.0250671,0.00279067,0.00106675,0.000574639,0.000638827,0.000186452,0.000122264,0.000113094,6.7245e-05,0.000128377,7.64147e-05,9.16977e-05,8.86411e-05,0.00012532,
0.000113648,0.00016014,0.000299616,0.000565655,0.00196042,0.0238117,0.935386,0.03178,0.00307365,0.00104607,0.000725794,0.000325445,0.000167888,0.000123979,9.04014e-05,6.45725e-05,8.26527e-05,5.1658e-05,6.45725e-05,0.000105899,
4.65069e-05,0.000101957,0.000127,0.000203915,0.000500843,0.00151684,0.0265393,0.927065,0.0391695,0.00276537,0.00106071,0.000321971,0.000162774,0.000118056,6.61829e-05,6.08167e-05,4.11407e-05,4.29294e-05,4.65069e-05,4.29294e-05,
3.43062e-05,4.2311e-05,5.7177e-05,7.89043e-05,0.000154378,0.000375081,0.00127619,0.0314314,0.930323,0.032759,0.00231567,0.000594641,0.000245861,9.7201e-05,5.60335e-05,3.54498e-05,3.77368e-05,2.7445e-05,2.17273e-05,3.65933e-05,
3.56986e-05,2.67739e-05,3.86734e-05,5.8506e-05,7.23887e-05,0.00015866,0.000386734,0.00157074,0.0340743,0.922734,0.038133,0.00186822,0.000412517,0.00017651,7.13971e-05,5.8506e-05,4.26399e-05,3.66902e-05,1.68577e-05,2.67739e-05,
2.49304e-05,2.11031e-05,1.85235e-05,1.85522e-05,2.0928e-05,3.18542e-05,5.95309e-05,0.000171165,0.000961004,0.0594678,0.932085,0.00621791,0.000593036,0.000118575,4.89179e-05,2.93959e-05,2.67203e-05,2.82222e-05,2.88974e-05,2.76178e-05,
4.66642e-05,6.22189e-05,7.58293e-05,3.88868e-05,9.1384e-05,0.000110827,0.000196378,0.000357759,0.000956616,0.00373119,0.0464639,0.923558,0.0215783,0.00157492,0.00053275,0.000270263,0.000110827,9.1384e-05,7.9718e-05,7.19406e-05,
8.58552e-05,3.87733e-05,8.03162e-05,6.3699e-05,8.03162e-05,9.69333e-05,0.000163402,0.000224331,0.000517901,0.00111889,0.00355053,0.0306725,0.932227,0.0278116,0.00197744,0.00063699,0.00028803,0.000149554,0.00011632,9.97028e-05,
7.18926e-05,5.97261e-05,5.7514e-05,5.6408e-05,7.52107e-05,7.74228e-05,8.4059e-05,0.000152633,0.000233374,0.000391538,0.00140909,0.00141352,0.0179389,0.958428,0.017721,0.000916907,0.000400386,0.000206829,0.000186921,0.000118346,
