0.931118,0.0237368,0.00300086,0.00135639,0.000522149,0.000408117,0.000324093,0.000324093,0.000258074,0.000162046,0.000624179,0.00017405,0.000252072,0.000258074,0.000204058,0.000450129,0.000618177,0.00124236,0.00252072,0.0324453,
0.0271789,0.949754,0.0147181,0.00153107,0.000781782,0.000441544,0.000332592,0.000235108,0.000217905,0.000206436,0.0012195,0.000164384,0.000133801,0.00010513,0.000164384,0.000183499,0.000221728,0.000403315,0.000626954,0.00138006,
0.00176,0.0252557,0.947232,0.0180384,0.00231443,0.000880001,0.000551209,0.000412601,0.000203077,0.000154725,0.000770404,0.000180513,0.000135385,0.000132161,0.000132161,0.000203077,0.00017729,0.000251429,0.000438389,0.000776851,
0.0013516,0.00315303,0.0405687,0.927335,0.0181448,0.0026788,0.00134205,0.000865704,0.000613207,0.000392007,0.00104606,0.000224383,0.000163911,0.000164972,0.000165502,0.00018619,0.000226505,0.000305542,0.000404738,0.000667313,
0.000373713,0.000722512,0.00227075,0.0300857,0.934351,0.0254374,0.00290785,0.00109623,0.000622856,0.000352358,0.00051964,0.000156604,0.000138808,0.000110334,8.54202e-05,0.000110334,0.00012813,0.000121012,0.000188636,0.000220669,
0.000305887,0.000504681,0.00103848,0.00356289,0.0854557,0.887468,0.0153613,0.00271952,0.00117168,0.00059638,0.000593703,0.000220547,0.000150266,0.000118473,0.000102409,0.000103078,9.27033e-05,0.000112783,0.00014625,0.000175701,
0.000238512,0.000306783,0.000568489,0.00145645,0.00526607,0.0764769,0.886695,0.0200717,0.00429014,0.0019431,0.00107133,0.000437636,0.000234573,0.000171116,0.000126477,0.000108534,0.000108971,0.000111597,0.000136105,0.000180744,
6.84904e-05,6.84904e-05,0.000127969,0.000239717,0.000502864,0.0014401,0.0327546,0.927714,0.0322392,0.00296672,0.000946249,0.000364081,0.000187448,9.0119e-05,7.75023e-05,5.40714e-05,3.42452e-05,2.88381e-05,5.2269e-05,4.32571e-05,
4.55494e-05,4.3272e-05,6.49079e-05,8.76826e-05,0.000159423,0.000381476,0.00126286,0.0386669,0.928728,0.0271531,0.00227747,0.000536344,0.000226608,0.000124122,5.80755e-05,5.46593e-05,3.98557e-05,2.84684e-05,3.53008e-05,2.61909e-05,
8.77405e-05,0.000110021,0.000127569,0.000188691,0.0003553,0.000663279,0.00189283,0.00848756,0.0710471,0.893659,0.0195261,0.00205313,0.000767779,0.00035668,0.000213732,0.000130329,9.93735e-05,8.22198e-05,7.88679e-05,7.31499e-05,
0.000112484,0.000116869,0.000121353,0.000125417,0.000154019,0.000230634,0.000407859,0.00122005,0.00688623,0.0594285,0.92374,0.00553881,0.000811629,0.000322277,0.000189641,0.000134853,0.000120515,0.000112164,0.00010869,0.000118002,
5.51119e-05,4.56099e-05,4.1809e-05,8.17177e-05,6.4614e-05,0.000114025,0.000178639,0.000389584,0.000995815,0.00349105,0.0568565,0.916872,0.0180292,0.00174458,0.000471302,0.000224248,0.000129228,8.93193e-05,6.4614e-05,6.08131e-05,
0.000270844,0.00021013,0.000166897,0.000145723,0.000166169,0.000227351,0.000384936,0.00085743,0.00227491,0.00806445,0.0208482,0.0734353,0.87265,0.0159019,0.0019971,0.000862997,0.000485293,0.000383063,0.000346541,0.000320476,
0.000269547,0.00022618,0.000178174,0.000158676,0.000155516,0.00019384,0.000282389,0.000500097,0.00107893,0.0027744,0.0056861,0.00759317,0.044287,0.918197,0.015042,0.00137745,0.000750549,0.000505073,0.000402673,0.000341287,
0.000290887,0.000232663,0.000189288,0.000161387,0.00015701,0.000177643,0.000229146,0.000338404,0.000612801,0.00128406,0.00295584,0.00253084,0.00341905,0.0338078,0.935752,0.0150513,0.00125124,0.000722606,0.000469311,0.000366618,
0.000385834,0.000287418,0.000224967,0.000186116,0.000179726,0.000190444,0.000255471,0.00034822,0.000536087,0.000906773,0.00229326,0.00137031,0.00176377,0.00258418,0.0341048,0.935508,0.0161336,0.00147275,0.000751264,0.000516713,
0.000606731,0.000427318,0.000328071,0.000282078,0.000259723,0.000302725,0.000387163,0.000471601,0.000698289,0.00110695,0.00265304,0.00124208,0.00126401,0.00163978,0.00292159,0.0236078,0.938599,0.0202098,0.00204076,0.000951462,
0.000804574,0.000522223,0.000368837,0.000293035,0.00023046,0.000225372,0.000255642,0.000308551,0.00037367,0.000488646,0.00184902,0.000588105,0.000680441,0.000817547,0.00135478,0.00275636,0.0235837,0.945638,0.0172374,0.00162314,
0.00198943,0.00110053,0.000597298,0.000366845,0.000249266,0.000216344,0.00023986,0.000225751,0.000291595,0.000244563,0.00108642,0.000197532,0.00040447,0.000399767,0.000587892,0.00116168,0.0024033,0.0254816,0.942546,0.0202094,
0.0274108,0.0031287,0.00128712,0.000707917,0.000475245,0.000544552,0.000514849,0.000499998,0.000579205,0.0010297,0.00192573,0.000811877,0.000727719,0.000727719,0.000608908,0.000816828,0.00124257,0.00360394,0.0315345,0.921822,


0.930964,0.0240946,0.00300131,0.00132322,0.000799947,0.000384937,0.000360878,0.000282688,0.000216527,0.000228556,0.000727771,0.000228556,0.000210512,0.000240586,0.000252615,0.000523274,0.000619508,0.00120293,0.00268253,0.031655,
0.0270656,0.946134,0.0149984,0.00153954,0.000920544,0.000629599,0.000526025,0.000414499,0.000413072,0.000502782,0.00163007,0.000281158,0.000246905,0.000212857,0.000218361,0.000255265,0.000354965,0.000528675,0.000888737,0.00223846,
0.00218136,0.0264445,0.944158,0.0185203,0.00241356,0.00111521,0.000546157,0.000441504,0.000317229,0.000209306,0.00100728,0.000121005,0.000153709,0.000117734,0.000206035,0.000176602,0.000199494,0.000294336,0.000559238,0.0008176,
0.00104412,0.00218161,0.029074,0.934874,0.0246216,0.0031281,0.00118418,0.000662122,0.000386238,0.000314084,0.000789454,0.000182508,0.000114598,0.000110354,0.000118842,0.000106109,0.000157042,0.000195241,0.000267396,0.000488103,
0.000243721,0.000372873,0.000767618,0.0181697,0.961843,0.014291,0.0011634,0.000563475,0.000327045,0.000231223,0.00123735,0.000121861,7.91573e-05,5.41603e-05,6.14511e-05,7.60327e-05,8.74897e-05,7.70743e-05,9.47805e-05,0.000137484,
0.000218451,0.000345609,0.000720562,0.00209322,0.0357803,0.930477,0.0236873,0.00309092,0.00126832,0.000629269,0.000629269,0.00021193,0.000149981,8.15115e-05,8.4772e-05,0.000107595,8.4772e-05,7.82511e-05,0.000110856,0.000149981,
0.000133301,0.000199952,0.000299928,0.000587038,0.00176624,0.0281906,0.935508,0.0274806,0.00302235,0.00109717,0.00068445,0.000310182,0.000212769,0.000105103,6.40871e-05,6.15236e-05,6.15236e-05,5.38332e-05,6.92141e-05,9.22855e-05,
6.11926e-05,6.11926e-05,0.000131384,0.000262768,0.000507538,0.00151182,0.0323349,0.92807,0.0324105,0.00284725,0.00090889,0.000340159,0.000174579,9.17889e-05,7.55908e-05,6.11926e-05,3.59956e-05,2.69967e-05,4.1395e-05,4.49945e-05,
3.09755e-05,5.04785e-05,7.34233e-05,7.91595e-05,0.000165202,0.000387767,0.00132736,0.0374126,0.929239,0.0278492,0.00226694,0.000572472,0.000204209,0.000105546,7.45705e-05,4.58896e-05,3.55644e-05,2.4092e-05,2.52393e-05,2.98282e-05,
3.74875e-05,1.47977e-05,4.34065e-05,6.80694e-05,8.87861e-05,0.000170667,0.000411376,0.0015508,0.0417778,0.920932,0.0322165,0.00181124,0.000438012,0.000164748,8.77996e-05,5.52447e-05,4.73526e-05,2.95954e-05,2.95954e-05,2.46628e-05,
5.51057e-05,5.89503e-05,6.92025e-05,7.8814e-05,8.84254e-05,0.000119182,0.000170443,0.000358187,0.00132446,0.0366696,0.947732,0.0116946,0.000820819,0.000253102,0.000138405,0.000103163,7.75324e-05,7.0484e-05,5.12611e-05,6.66395e-05,
0.000206276,0.000165853,0.000133396,0.00012644,0.000149208,0.000245302,0.000533107,0.00134305,0.00502787,0.0320141,0.134727,0.801596,0.018566,0.00289627,0.000862405,0.00038271,0.000257755,0.000251722,0.000265691,0.000249106,
5.69507e-05,4.61029e-05,6.50865e-05,7.86462e-05,6.50865e-05,0.000130173,0.000165428,0.000271194,0.000553235,0.00114715,0.00351738,0.0364566,0.930423,0.0237213,0.00192276,0.000702392,0.000254922,0.0001817,0.000143733,9.76298e-05,
0.000136562,0.000106585,6.99461e-05,0.000106585,7.66077e-05,9.99231e-05,0.000113246,0.000233154,0.000296438,0.000496285,0.00157545,0.00330745,0.0436197,0.920758,0.0254904,0.00199513,0.000729438,0.000333077,0.000223161,0.000233154,
0.000146449,8.85507e-05,8.17391e-05,9.87681e-05,8.85507e-05,8.17391e-05,9.87681e-05,0.000156667,0.000177101,0.000326957,0.000882102,0.000977464,0.00269399,0.0340307,0.930205,0.0266299,0.00192768,0.000684565,0.000422319,0.000200942,
0.000266895,0.000193073,9.3697e-05,7.66612e-05,8.23398e-05,8.23398e-05,7.95005e-05,0.00012209,0.000136287,0.00020443,0.000752416,0.000471324,0.000908577,0.00230268,0.0337792,0.940267,0.0178308,0.00151619,0.000522432,0.000312323,
0.000379208,0.000203754,0.000181114,0.000141496,7.92375e-05,0.000101877,8.20674e-05,0.000107537,0.000172625,0.000155645,0.000933871,0.0003028,0.000444296,0.000783885,0.00227808,0.0237373,0.949976,0.0178256,0.00149419,0.000619751,
0.000723352,0.000412204,0.000311148,0.00021541,0.000188816,0.00025796,0.000249982,0.00025796,0.000382951,0.000470711,0.00145202,0.000507942,0.000537195,0.000601021,0.000941422,0.00212485,0.0233334,0.946725,0.0184269,0.00188018,
0.0019216,0.000880627,0.000546637,0.000404225,0.00035521,0.000380913,0.00046893,0.000566662,0.000775274,0.00121312,0.00293134,0.0010743,0.000803966,0.000773033,0.000816519,0.00112764,0.00240458,0.0251715,0.93734,0.020044,
0.0219258,0.00268431,0.00134098,0.000864409,0.000663439,0.000552376,0.000525932,0.000501839,0.000562366,0.000705161,0.00168475,0.000592923,0.000580582,0.000574118,0.000731604,0.00103365,0.00186397,0.0039348,0.0376797,0.920997,


0.930429,0.0245708,0.00312677,0.00116087,0.000723357,0.000525017,0.00031501,0.000175006,0.000250841,0.000256675,0.000670855,0.000175006,0.000169172,0.00019834,0.000268342,0.000390846,0.000635854,0.00124837,0.00289343,0.031816,
0.0272378,0.937671,0.0213138,0.00237589,0.00104024,0.000562545,0.000455693,0.000436836,0.000493405,0.000760535,0.00172535,0.000490262,0.000355126,0.00033627,0.000326842,0.000342555,0.000380268,0.000581401,0.000923956,0.00219047,
0.00186227,0.0251863,0.946813,0.0181024,0.00233392,0.000982865,0.000596414,0.000401666,0.00024952,0.000152146,0.001205,0.000112588,0.000100417,9.43307e-05,0.000115631,0.000164318,0.000191704,0.000258649,0.000365151,0.000712045,
0.000890965,0.00216986,0.0297983,0.93406,0.0248703,0.00317593,0.001313,0.000549926,0.000426299,0.000323987,0.000784391,0.000136416,0.000149205,0.00012789,7.67339e-05,0.000119364,0.000140679,0.00017052,0.000268569,0.000447614,
0.000544562,0.0010101,0.00277031,0.0564017,0.915391,0.0168482,0.00237906,0.00119493,0.000650365,0.000448691,0.000742781,0.000220675,0.000173172,0.000118327,0.000125236,0.000136464,0.000135169,0.000152443,0.000241404,0.00031525,
0.000189509,0.00032674,0.000751501,0.00196697,0.0355656,0.931149,0.0237017,0.00304195,0.00111745,0.000607736,0.00056526,0.000189509,0.0001503,0.000114359,6.20806e-05,8.49523e-05,7.18827e-05,0.000101289,8.16849e-05,0.000160102,
0.000108377,0.000154136,0.000286596,0.000592458,0.00179423,0.0289967,0.935494,0.0269954,0.00295025,0.00104523,0.000650259,0.000233612,0.000154136,0.00011801,6.02092e-05,7.2251e-05,6.02092e-05,7.46594e-05,7.70678e-05,8.18845e-05,
6.12836e-05,7.00384e-05,0.000150583,0.000220621,0.000516533,0.00155836,0.0316889,0.927321,0.0337042,0.00277702,0.00098404,0.000344939,0.000175096,0.000112061,6.12836e-05,6.65365e-05,5.95327e-05,3.67702e-05,3.67702e-05,5.42798e-05,
3.67311e-05,3.44354e-05,6.08358e-05,8.72363e-05,0.000167586,0.000396007,0.00130166,0.0365268,0.92945,0.0285022,0.00236801,0.000546375,0.000190542,0.000123967,5.05052e-05,4.24703e-05,3.90268e-05,2.06612e-05,1.83655e-05,3.67311e-05,
3.25773e-05,2.86285e-05,4.1462e-05,6.61418e-05,8.786e-05,0.000154002,0.000382043,0.00155581,0.0405815,0.921614,0.0328547,0.00174042,0.000441274,0.000149066,7.79881e-05,6.2193e-05,3.65261e-05,3.25773e-05,2.27054e-05,3.85005e-05,
4.49441e-05,5.5217e-05,5.65011e-05,6.99844e-05,8.92461e-05,0.000116213,0.000183629,0.000389729,0.00133612,0.0359668,0.948258,0.0118826,0.000793584,0.000281222,0.000139969,9.63087e-05,6.74161e-05,6.80582e-05,5.65011e-05,4.81544e-05,
5.2726e-05,4.51937e-05,3.57784e-05,6.02583e-05,8.66213e-05,0.000124283,0.000158178,0.000333304,0.000943419,0.00369459,0.0541026,0.918627,0.0189211,0.00171171,0.000500897,0.000224086,0.000144997,9.60367e-05,8.09721e-05,5.64922e-05,
6.76151e-05,5.67967e-05,6.76151e-05,8.11381e-05,7.57289e-05,0.000143344,0.000137935,0.00027046,0.00051117,0.00114675,0.00366744,0.0353897,0.930273,0.0248634,0.00191486,0.000635582,0.000313734,0.000173095,0.000119003,9.19565e-05,
0.000125709,0.000115784,0.000112476,8.60113e-05,9.92438e-05,9.26275e-05,0.000135633,0.000261342,0.000387051,0.000790642,0.00168384,0.00334121,0.0415467,0.922322,0.0253336,0.00205765,0.000701323,0.00037051,0.000271266,0.000165406,
0.000109857,9.95575e-05,9.61245e-05,7.89594e-05,8.23924e-05,9.61245e-05,0.000116723,0.000133888,0.000247177,0.000333003,0.000837656,0.00110543,0.00281507,0.0340143,0.929318,0.0275156,0.00180577,0.000621376,0.000357034,0.00021628,
0.000178027,0.000149769,0.000115859,8.4775e-05,0.000121511,8.76008e-05,7.62975e-05,9.60783e-05,0.00016955,0.000234544,0.00103708,0.000536908,0.000844924,0.00237087,0.0338789,0.939233,0.0183284,0.00152878,0.000630161,0.000296712,
0.000366225,0.000299374,0.00016858,0.000107542,0.000101729,0.000130795,0.000101729,9.30095e-05,0.000124981,0.000154047,0.00116552,0.000351692,0.000438888,0.000831272,0.00210725,0.0233919,0.950266,0.0176282,0.00156663,0.000604562,
0.000783794,0.000486902,0.000308767,0.00017101,0.000156759,0.000149633,0.000235138,0.000242264,0.000292141,0.000413273,0.00155334,0.000491653,0.000441775,0.000636536,0.000864549,0.00222787,0.0234877,0.946172,0.0189654,0.00191911,
0.00221767,0.00102998,0.000522384,0.00034497,0.000236551,0.000216838,0.000197126,0.000177413,0.000167557,0.000142916,0.00117783,0.000275976,0.000369611,0.000389324,0.000625875,0.00112855,0.00275976,0.0349504,0.931055,0.022014,
0.0275781,0.00342627,0.00117088,0.000676616,0.000475071,0.00040309,0.000494266,0.000470272,0.00084457,0.00107011,0.00208263,0.000796583,0.000743798,0.000710207,0.000580642,0.000830174,0.001478,0.00358942,0.0311387,0.921441,


0.931255,0.0242627,0.00347643,0.00133755,0.000560325,0.000463925,0.000283175,0.00022895,0.0002169,0.0002169,0.000704925,0.00015665,0.0001687,0.000138575,0.0002169,0.000283175,0.0006266,0.00134358,0.00278958,0.0312698,
0.0270739,0.95248,0.0133544,0.00111358,0.000643432,0.000480088,0.000316745,0.00018749,0.000136356,0.000163344,0.00126698,9.65858e-05,9.80062e-05,0.000126414,0.000136356,0.00014772,0.000217318,0.00037498,0.000481509,0.00110506,
0.00181989,0.0246595,0.951839,0.0140639,0.00146787,0.00084077,0.000554102,0.000399296,0.000273922,0.000248662,0.00139186,0.00016732,0.000125606,0.000130936,0.000152025,0.000153879,0.000210424,0.000292694,0.000451207,0.000756647,
0.00104575,0.00219607,0.0286753,0.934928,0.0248888,0.00313724,0.00126361,0.00064052,0.000392155,0.000326796,0.000766881,0.000152505,0.000126361,0.000104575,0.000117647,0.000169934,0.000169934,0.000174291,0.000278866,0.000444442,
0.000363732,0.000688239,0.00198983,0.0282427,0.934493,0.0273227,0.0030632,0.00115895,0.000670409,0.000331638,0.000556296,0.000149772,0.000117678,0.000117678,6.77541e-05,7.13201e-05,8.55841e-05,0.000114112,0.000203262,0.000192564,
0.000153234,0.000322769,0.000743347,0.00199856,0.0341483,0.931834,0.0243511,0.00289188,0.00132042,0.000583592,0.00055751,0.00022496,0.000140193,0.00010759,0.000117371,0.000101069,9.45485e-05,9.45485e-05,0.000117371,9.78088e-05,
0.000143576,0.000143576,0.000302536,0.000615328,0.00183573,0.0271257,0.935388,0.0287512,0.00301767,0.00108195,0.000630711,0.000253823,0.000130757,0.000138449,5.6405e-05,8.20437e-05,6.40966e-05,4.87135e-05,8.46076e-05,0.000105119,
6.30737e-05,6.64831e-05,0.000139785,0.000271047,0.000502885,0.00156321,0.0314943,0.927368,0.0337888,0.00278377,0.00105691,0.000310255,0.000155127,0.000117624,8.01207e-05,5.11409e-05,3.40939e-05,4.60268e-05,5.11409e-05,5.6255e-05,
4.23927e-05,4.01012e-05,4.58299e-05,9.05141e-05,0.000161551,0.000396429,0.00126949,0.0354414,0.930123,0.0289874,0.00228004,0.000567145,0.000222275,9.28056e-05,5.72874e-05,4.35384e-05,2.86437e-05,4.01012e-05,2.86437e-05,4.12469e-05,
3.75145e-05,4.63995e-05,2.96167e-05,6.6144e-05,8.98373e-05,0.000180662,0.000358362,0.00162398,0.0394119,0.922158,0.0334333,0.00174047,0.000365273,0.00017079,8.49012e-05,5.7259e-05,3.85017e-05,3.75145e-05,3.45528e-05,3.45528e-05,
7.4307e-05,5.95737e-05,7.23853e-05,7.04635e-05,8.32751e-05,0.000122991,0.000183846,0.000386909,0.00132279,0.0347878,0.948963,0.0122799,0.000811612,0.000265199,0.000130037,8.90403e-05,8.32751e-05,8.77591e-05,6.2136e-05,6.40578e-05,
5.17096e-05,4.02186e-05,5.74551e-05,4.97944e-05,7.08613e-05,0.000109165,0.000181941,0.000377288,0.000988227,0.00365797,0.0527055,0.919798,0.0190559,0.0017045,0.000501774,0.000231736,0.000180026,0.000103419,8.23523e-05,5.17096e-05,
7.03225e-05,8.38461e-05,5.95037e-05,7.03225e-05,8.65508e-05,0.000100074,0.000159578,0.00028129,0.000554466,0.00116573,0.00341335,0.034339,0.930876,0.0254189,0.00204747,0.000616675,0.0002867,0.000175806,9.73697e-05,9.73697e-05,
0.000109896,7.99241e-05,0.000116556,0.000116556,5.99431e-05,0.000123216,0.000179829,0.00020314,0.000289725,0.000486205,0.00138868,0.00327689,0.0415605,0.922237,0.0263483,0.00201142,0.000725977,0.000313036,0.000239772,0.000133207,
0.000172321,6.54818e-05,8.61603e-05,5.51426e-05,6.89282e-05,6.54818e-05,8.27138e-05,0.000175767,0.00022057,0.000299838,0.000703068,0.000971888,0.00258136,0.0326754,0.930262,0.0284742,0.00178524,0.000654818,0.000420462,0.000179213,
0.000139568,0.000163841,8.49545e-05,7.88864e-05,7.58523e-05,0.000121364,7.28182e-05,0.000115295,0.000179011,0.000257898,0.000716045,0.000409602,0.000922364,0.00244244,0.0334903,0.939,0.0191633,0.00164448,0.000576477,0.000345886,
0.000385305,0.000283751,0.000203106,9.25926e-05,9.85663e-05,8.96057e-05,7.46714e-05,0.00010454,0.000125448,0.000203106,0.0011589,0.000367384,0.000510753,0.000815412,0.00201016,0.0239008,0.948775,0.0187276,0.0013859,0.000686977,
0.000938137,0.000504712,0.000342178,0.000282297,0.00021101,0.000245227,0.000245227,0.000302257,0.00036499,0.000658692,0.00175651,0.000638732,0.000598811,0.000650138,0.0011463,0.00238954,0.0234192,0.944416,0.0190365,0.00185346,
0.00216817,0.00100801,0.000489739,0.000271021,0.00018068,0.000256756,0.000147397,0.000133133,0.00019019,0.000175926,0.00109359,0.000204454,0.000299549,0.000442192,0.000675175,0.00107933,0.0028576,0.0248436,0.942605,0.0208781,
0.0138775,0.000914509,0.00046922,0.000301702,0.000258968,0.000183756,0.000141877,0.000170936,0.000164953,0.000239311,0.00164868,0.000203414,0.000204269,0.000194867,0.000319651,0.000326488,0.000476057,0.00097861,0.0153714,0.963554,


0.915378,0.0194564,0.00255405,0.00127309,0.000839805,0.000648153,0.000508055,0.000488771,0.000523402,0.000623754,0.00129198,0.000401013,0.000361266,0.000350247,0.000421083,0.000567478,0.000834689,0.00135848,0.00364689,0.048473,
0.0285444,0.940502,0.0186934,0.00199039,0.000934915,0.000492061,0.000462537,0.000413331,0.000428093,0.000578171,0.00174928,0.000339522,0.000282935,0.000317379,0.000218967,0.000270633,0.000386268,0.000509283,0.000861106,0.00202483,
0.00135191,0.0249216,0.951208,0.016067,0.00170003,0.000683428,0.000433549,0.000266964,0.000243471,0.000130278,0.00110416,0.000102514,7.04785e-05,7.04785e-05,0.000108921,0.000115328,0.000185807,0.000277643,0.000326764,0.000632171,
0.000824762,0.00216398,0.0272498,0.93644,0.0248531,0.00307449,0.00140455,0.000620613,0.00042463,0.000236813,0.000841094,0.000163319,0.000171485,0.000171485,0.000138821,0.000102075,0.000187817,0.0001919,0.000261311,0.000477709,
0.000378334,0.000863743,0.00194878,0.0277112,0.935062,0.0273864,0.00294458,0.00111002,0.000606761,0.000360488,0.000538947,0.00017489,0.000124921,0.000110645,7.85221e-05,0.000114214,6.06761e-05,0.000103506,0.000142767,0.000178459,
0.000205937,0.000356303,0.000634155,0.00207898,0.0332245,0.932593,0.0242646,0.00316751,0.00122908,0.000529552,0.00064723,0.000205937,0.000166711,9.80652e-05,0.000111141,8.49898e-05,6.21079e-05,0.000111141,0.000120947,0.000107872,
9.75437e-05,0.000169418,0.000336269,0.000605798,0.0018482,0.0261982,0.935439,0.0296302,0.00298535,0.00103704,0.000682806,0.00025156,0.000151449,0.000123213,5.39057e-05,7.70082e-05,5.13388e-05,7.95751e-05,0.000100111,8.21421e-05,
7.96662e-05,8.67476e-05,0.000116844,0.000267324,0.000499241,0.00147648,0.0303723,0.927281,0.0351381,0.00281487,0.000943602,0.000348761,0.000200051,9.55994e-05,5.84219e-05,3.00961e-05,4.4259e-05,5.66515e-05,4.24886e-05,4.77997e-05,
3.67062e-05,3.55591e-05,5.50593e-05,9.75008e-05,0.00017206,0.000364768,0.00129963,0.034529,0.930103,0.0298077,0.00235608,0.000564357,0.000196149,0.000120442,6.07946e-05,5.0471e-05,5.27651e-05,2.29414e-05,3.78532e-05,3.67062e-05,
2.17248e-05,3.55497e-05,4.64121e-05,6.81368e-05,8.29492e-05,0.000179723,0.000400921,0.00155135,0.0383393,0.922189,0.0343913,0.00184759,0.000374259,0.000187623,8.29492e-05,5.92494e-05,4.14746e-05,3.55497e-05,2.46873e-05,4.04871e-05,
5.45212e-05,5.70869e-05,5.70869e-05,7.18397e-05,8.33854e-05,0.00013021,0.000184089,0.000350219,0.0013425,0.0337788,0.949982,0.0123507,0.000770353,0.000289925,0.000125078,0.00010776,7.69711e-05,7.8254e-05,5.45212e-05,5.51626e-05,
3.47002e-05,3.6628e-05,6.3617e-05,7.71116e-05,5.97615e-05,0.000111812,0.000177357,0.000379774,0.00096775,0.00357219,0.0522836,0.920072,0.0193897,0.00169838,0.000499297,0.000196634,0.000146512,9.44617e-05,8.28949e-05,5.59059e-05,
7.55768e-05,7.28776e-05,8.09752e-05,5.93818e-05,8.09752e-05,0.000105268,0.000164649,0.000251023,0.000480453,0.00123622,0.00365198,0.0340474,0.930634,0.0258365,0.00181654,0.000693687,0.000353592,0.00016195,0.000110666,8.63735e-05,
0.000126501,9.32115e-05,9.98695e-05,7.65666e-05,8.32246e-05,0.000126501,0.000139817,0.000206397,0.000336227,0.000575914,0.00142813,0.00315588,0.0392654,0.923453,0.0273642,0.00207729,0.000679113,0.000372846,0.000203068,0.000136488,
0.000151592,6.54604e-05,6.20151e-05,6.54604e-05,7.23509e-05,8.61321e-05,0.000113694,0.000175709,0.000234279,0.000265287,0.000813087,0.00104737,0.0026632,0.0327543,0.929186,0.0289576,0.00198104,0.000706283,0.000334192,0.000265287,
0.000232413,0.000130151,7.74709e-05,8.36685e-05,9.91627e-05,8.67674e-05,9.60639e-05,0.000108459,0.000167337,0.000254104,0.000613569,0.000508209,0.000988528,0.00246977,0.0338734,0.93794,0.0195227,0.00170126,0.000641459,0.000405947,
0.000339549,0.000264456,0.000176304,9.46818e-05,0.000120801,0.000127331,0.000104476,9.79467e-05,0.000150185,0.000137125,0.00103171,0.000385257,0.000476674,0.00102191,0.00228542,0.0235366,0.947419,0.0197656,0.00171407,0.000750925,
0.000909654,0.000485352,0.000286938,0.000293043,0.00020452,0.000219782,0.000207572,0.000247255,0.000430407,0.000674609,0.00172163,0.000543351,0.000564718,0.000692925,0.000949337,0.0024695,0.0235167,0.941159,0.0223109,0.00211235,
0.00236133,0.00107148,0.000548438,0.000421485,0.000233594,0.000192969,0.000137109,0.000111719,0.000182813,0.000167578,0.00101563,0.000284375,0.000375781,0.000467188,0.000634766,0.00116797,0.00272695,0.0253551,0.941013,0.0215313,
0.0266084,0.00325493,0.00133042,0.000740518,0.000510413,0.000468576,0.00055225,0.000560618,0.000573169,0.000895315,0.00205002,0.000870213,0.000656843,0.000556434,0.000648476,0.000778171,0.00133042,0.0034181,0.0374066,0.91679,


0.931872,0.0253078,0.00289972,0.00139862,0.000741509,0.000476254,0.000271284,0.000210998,0.000210998,0.000192913,0.000741509,0.000180856,0.000192913,0.000186884,0.000277312,0.000403911,0.00057271,0.00119968,0.00268269,0.0299799,
0.027125,0.943317,0.0181705,0.00179496,0.000892968,0.000570507,0.000417169,0.000414914,0.000428444,0.000595312,0.00168446,0.00036756,0.000236772,0.000243537,0.000257067,0.000207457,0.000302166,0.000484818,0.000665216,0.00182427,
0.00215112,0.0251618,0.942399,0.0214759,0.00266535,0.00120902,0.000643766,0.000365062,0.000306181,0.000239449,0.000898917,0.000192345,0.000137389,0.000129538,0.000121687,0.000200195,0.00019627,0.000259077,0.000400391,0.000847887,
0.00105095,0.00254538,0.0375323,0.925647,0.0252712,0.00291806,0.00113294,0.00072672,0.000447212,0.000264601,0.000551562,0.000152797,0.000130437,0.000134164,0.00012671,0.000152797,0.000149071,0.000238513,0.000331682,0.00049566,
0.000374385,0.000705983,0.00204664,0.0275048,0.934404,0.0281787,0.00305926,0.00123725,0.000570491,0.000295942,0.00059545,0.000139057,0.000117664,9.27048e-05,6.77458e-05,8.55737e-05,7.13114e-05,0.000135492,0.000106967,0.000210369,
0.00021121,0.000402924,0.000685621,0.00201137,0.0324842,0.932702,0.0250658,0.00301543,0.00120552,0.000617384,0.000597888,0.000188465,0.000146223,0.000152721,9.42323e-05,8.44842e-05,7.79854e-05,6.17384e-05,8.77335e-05,0.00010723,
9.50631e-05,0.000184988,0.000280051,0.00060121,0.00162635,0.0263453,0.934812,0.0303894,0.00297008,0.0010791,0.000716827,0.000236373,0.000172141,8.99246e-05,7.19397e-05,5.39548e-05,4.36777e-05,6.93704e-05,7.70782e-05,8.4786e-05,
3.95517e-05,7.73056e-05,0.00014742,0.000251693,0.000562713,0.00153173,0.0290543,0.927387,0.0360442,0.00291244,0.00105891,0.000328998,0.000177983,0.000125846,6.4721e-05,5.93276e-05,2.33715e-05,3.41583e-05,5.75297e-05,6.11254e-05,
3.10066e-05,3.7897e-05,4.59358e-05,0.000104504,0.000206711,0.000408828,0.00135166,0.0337031,0.929953,0.0306725,0.00236914,0.000581088,0.000219343,0.000107949,6.43101e-05,4.01938e-05,4.01938e-05,2.75615e-05,1.83743e-05,1.72259e-05,
3.64875e-05,3.05706e-05,4.33906e-05,6.50859e-05,9.17119e-05,0.000155812,0.000404321,0.00156699,0.0371266,0.922637,0.0351562,0.00184213,0.000399391,0.000177507,8.18504e-05,5.12798e-05,4.83213e-05,3.15568e-05,3.25429e-05,2.16953e-05,
6.09584e-05,5.45417e-05,6.60917e-05,7.44334e-05,7.95667e-05,0.000112292,0.000188009,0.000333667,0.00132119,0.0326519,0.950791,0.0126177,0.000868818,0.000274634,0.000141808,8.85501e-05,8.14918e-05,7.37917e-05,6.03167e-05,5.90334e-05,
5.21029e-05,6.36814e-05,5.59624e-05,5.59624e-05,7.52598e-05,0.000111925,0.000194904,0.000424542,0.000951361,0.00364528,0.0505051,0.921149,0.0199516,0.00161133,0.000538397,0.00022192,0.000154379,0.000106136,6.36814e-05,6.75408e-05,
7.03568e-05,7.03568e-05,6.76508e-05,7.84749e-05,7.84749e-05,0.000129889,0.000173186,0.000294957,0.000492498,0.00122854,0.00360984,0.0327781,0.930845,0.0268817,0.00185363,0.000638623,0.000305781,0.000165068,0.000121771,0.000116359,
0.000129157,7.28576e-05,0.000129157,8.27927e-05,5.96107e-05,0.000122533,0.000129157,0.000188767,0.000374223,0.000632536,0.00167241,0.00363294,0.0389755,0.922576,0.0276759,0.00209631,0.000731887,0.0003676,0.000228508,0.000122533,
0.000103327,7.26793e-05,5.60419e-05,2.97723e-05,5.77932e-05,7.26793e-05,7.79332e-05,7.3555e-05,0.000127846,0.000212784,0.00121453,0.000490366,0.00101488,0.0162513,0.96252,0.0162802,0.000640979,0.000335376,0.000226794,0.00014098,
0.00019811,0.00011635,0.000119495,7.23259e-05,8.17597e-05,8.80489e-05,0.000103772,0.000125784,0.000147796,0.000182387,0.000877345,0.000427666,0.0008742,0.00249682,0.0334932,0.938133,0.0198928,0.0016635,0.000616343,0.000289304,
0.000395451,0.00027352,0.000201021,0.000148294,0.00011534,9.22719e-05,7.90902e-05,8.89765e-05,0.000112044,0.00015818,0.00114681,0.000322952,0.000418519,0.000945787,0.00241555,0.0236809,0.94722,0.0198615,0.00157851,0.000744766,
0.000891398,0.000405929,0.000315418,0.000252334,0.000191993,0.000186508,0.000244106,0.000392215,0.000419643,0.000548552,0.00176085,0.000603408,0.000493697,0.00073506,0.00111082,0.00254803,0.0233382,0.94354,0.0200935,0.00192816,
0.00229961,0.00100161,0.000582569,0.000342387,0.000229961,0.00019419,0.0001993,0.000163528,0.000107315,0.000255513,0.000965838,0.000214631,0.000316836,0.000485474,0.000730766,0.00112426,0.00281064,0.0250965,0.940517,0.0223625,
0.0272921,0.00286902,0.00137661,0.000557507,0.000458871,0.000424563,0.000428851,0.000424563,0.000583238,0.000789087,0.00177973,0.000553218,0.000458871,0.000566084,0.000514622,0.00075049,0.00120936,0.00288188,0.0283171,0.927764,


0.930944,0.0259871,0.00311676,0.00143203,0.000752115,0.000451269,0.000306863,0.000276778,0.000240677,0.000240677,0.00062576,0.000240677,0.000192541,0.000180508,0.000282795,0.000348981,0.000607709,0.00120338,0.00282194,0.0297477,
0.0269664,0.940843,0.0193493,0.00214588,0.000976816,0.000701437,0.000433852,0.00036111,0.000478016,0.000602716,0.00168345,0.000483212,0.000303956,0.000301358,0.000254596,0.000262389,0.000353316,0.00054816,0.000815745,0.00213549,
0.00146733,0.0247321,0.950059,0.016533,0.00184238,0.000929831,0.000502938,0.000295541,0.00021431,0.000169374,0.00111649,0.000129623,0.00012271,0.000124438,0.000127895,0.000157276,0.000184929,0.000288628,0.000392326,0.000610093,
0.000804915,0.00217475,0.0279542,0.93591,0.0252478,0.00280613,0.00122214,0.00068307,0.000465226,0.000299074,0.000830761,0.00011446,0.000129229,9.96913e-05,9.96913e-05,0.000129229,0.000125537,0.000177229,0.000317535,0.000409842,
0.000342186,0.000787741,0.00208163,0.0264909,0.935035,0.0286759,0.00283729,0.00110854,0.00069863,0.000327928,0.000495457,0.000203173,8.9111e-05,6.77244e-05,7.12888e-05,0.000103369,0.000110498,8.9111e-05,0.000124755,0.000260204,
0.000181033,0.000292193,0.000736835,0.00197548,0.0316331,0.933694,0.0250651,0.00306168,0.00122277,0.000536746,0.000647907,0.000212793,0.000120689,9.84565e-05,8.57524e-05,5.08162e-05,7.94004e-05,7.94004e-05,8.57524e-05,0.000139745,
0.000106875,0.000173376,0.000306376,0.000622252,0.00172426,0.0264647,0.934656,0.0302006,0.00302101,0.00105925,0.000655503,0.000287376,0.000154376,9.97504e-05,8.31253e-05,8.55003e-05,4.98752e-05,7.12503e-05,7.36253e-05,0.0001045,
8.90242e-05,0.000120606,0.000182168,0.000326575,0.000791606,0.00262358,0.070236,0.901789,0.0179353,0.00324172,0.0013674,0.000460225,0.000240526,0.000146695,8.83376e-05,7.5293e-05,6.52234e-05,6.61388e-05,7.43776e-05,8.05566e-05,
3.83374e-05,4.83781e-05,4.65525e-05,9.94946e-05,0.000168867,0.000413496,0.00145499,0.0346953,0.931015,0.0286261,0.00222631,0.000564107,0.000235501,0.000125966,6.48084e-05,4.0163e-05,4.56397e-05,2.92094e-05,3.01222e-05,3.19478e-05,
3.15767e-05,2.86164e-05,4.04577e-05,5.42725e-05,0.000105585,0.000165778,0.000373,0.00152259,0.0360567,0.922425,0.0364879,0.00182553,0.00046773,0.000149003,8.48624e-05,5.03254e-05,3.65106e-05,3.35503e-05,2.36825e-05,3.74973e-05,
5.44635e-05,5.06191e-05,5.5745e-05,7.3686e-05,9.54714e-05,0.000119179,0.000166594,0.000358819,0.00131225,0.0317721,0.951353,0.012979,0.00084002,0.000265269,0.000135838,0.000105083,7.68897e-05,7.43267e-05,6.21525e-05,4.93376e-05,
4.82913e-05,4.63596e-05,6.76078e-05,6.18128e-05,5.21546e-05,0.000129421,0.000168054,0.000345765,0.000911739,0.0037532,0.049062,0.922336,0.0202611,0.00162645,0.000542794,0.000227935,0.000135216,9.27192e-05,6.18128e-05,6.95394e-05,
0.000100355,8.1369e-05,4.88214e-05,5.96706e-05,6.50952e-05,0.000108492,0.000138327,0.000268518,0.000526186,0.00119884,0.00359922,0.0320431,0.931067,0.027481,0.00188505,0.00057772,0.000352599,0.000187149,0.000127478,8.40812e-05,
0.000123663,9.02403e-05,8.02136e-05,6.35025e-05,8.35559e-05,9.02403e-05,9.35826e-05,0.00022393,0.000347592,0.000621656,0.00157753,0.00319183,0.0376302,0.923867,0.0283722,0.00214571,0.000725265,0.000354277,0.000173796,0.000143716,
0.000113602,7.57349e-05,9.63899e-05,8.95049e-05,7.22924e-05,7.22924e-05,9.29474e-05,0.00011016,0.000230647,0.000330479,0.000771119,0.00104996,0.0027299,0.0308929,0.929343,0.0307071,0.00203796,0.000678171,0.000313267,0.00019278,
0.000227232,0.000111969,0.000121849,0.000105383,0.00010209,9.22099e-05,8.23303e-05,0.000131728,0.000161367,0.000237111,0.00070804,0.000540087,0.000918806,0.00273337,0.034088,0.936033,0.0207769,0.00183761,0.000645469,0.000345787,
0.000471636,0.000252194,0.000144111,0.000114634,0.000127735,0.00013101,0.00012446,0.000144111,0.00012446,0.000153937,0.000939997,0.000412682,0.000527316,0.000969475,0.00232215,0.0236047,0.947056,0.0200838,0.00161142,0.000684528,
0.000997558,0.000598535,0.000389523,0.000228013,0.00017101,0.00017101,0.000243848,0.000351521,0.000395856,0.000665039,0.0017861,0.000595368,0.000601702,0.000718875,0.00102606,0.00254298,0.0239541,0.940558,0.021959,0.00204579,
0.0022209,0.00115078,0.000656052,0.000440953,0.000268874,0.000198966,0.000247364,0.000134437,0.000177457,0.000220476,0.000962567,0.000279629,0.000419443,0.000414065,0.000607654,0.00121531,0.00280166,0.025258,0.938686,0.0236394,
0.0273939,0.00279304,0.00118815,0.00081131,0.000399005,0.000399005,0.000452206,0.00048324,0.000607374,0.00103741,0.00207926,0.000696042,0.000571907,0.000527573,0.000571907,0.000762543,0.00125908,0.00314771,0.0280102,0.926809,


0.931721,0.0258598,0.00327225,0.00118882,0.000744512,0.000444306,0.000258178,0.000222153,0.000180124,0.000240165,0.000642442,0.000168116,0.000192132,0.000222153,0.000282194,0.00037826,0.000732504,0.00114679,0.00281594,0.0292882,
0.0268674,0.935713,0.0221377,0.00238743,0.00118566,0.000728149,0.000554167,0.000554167,0.000583164,0.000934351,0.00210712,0.000499394,0.000396294,0.000302858,0.000273861,0.000302858,0.000431734,0.000641158,0.000979457,0.00241965,
0.00186528,0.0250708,0.942138,0.0219723,0.00267189,0.00106643,0.00061659,0.000395548,0.000283088,0.000259821,0.00102765,0.000147361,9.69481e-05,0.000162873,0.000162873,0.000147361,0.00018614,0.000349013,0.00048474,0.0008958,
0.000848841,0.00206037,0.0251797,0.938675,0.0254421,0.00290535,0.0010379,0.000690648,0.000312528,0.000320244,0.000817974,0.000158193,9.64592e-05,0.000135043,0.000123468,0.000127326,0.000127326,0.00021221,0.000324103,0.000405129,
0.000363399,0.000733528,0.00180017,0.0257441,0.936836,0.0281466,0.00263128,0.00111039,0.000592206,0.000339845,0.000585476,0.000151416,9.42146e-05,9.08497e-05,7.40257e-05,8.74849e-05,0.000111039,0.000111039,0.000121133,0.000275914,
0.00020041,0.000364382,0.000646778,0.00204661,0.0299582,0.935456,0.0249237,0.00296971,0.00113566,0.000567828,0.000710544,0.000267213,0.000136643,0.000118424,7.28763e-05,6.98398e-05,8.50224e-05,7.59129e-05,9.10954e-05,0.000103241,
0.00011542,0.000171848,0.000336001,0.000620704,0.00171591,0.0250436,0.935242,0.0313455,0.00279573,0.000984918,0.000654047,0.00024623,0.000192367,0.000135939,7.95116e-05,6.92521e-05,5.64276e-05,6.15574e-05,6.66872e-05,6.66872e-05,
7.09409e-05,8.33555e-05,0.000138335,0.000250067,0.00050368,0.00147912,0.02758,0.926881,0.038191,0.00293518,0.000920458,0.000340516,0.000195087,0.000111732,7.27144e-05,5.32056e-05,4.61116e-05,4.78851e-05,5.49792e-05,4.4338e-05,
3.76826e-05,5.27556e-05,4.95257e-05,9.90514e-05,0.00015719,0.000369289,0.00125106,0.0325513,0.931412,0.0306402,0.00226311,0.000567392,0.000208869,0.000103358,6.45987e-05,4.41425e-05,3.98359e-05,1.93796e-05,3.55293e-05,3.3376e-05,
2.07319e-05,1.61248e-05,2.57778e-05,3.22496e-05,5.95631e-05,0.000114848,0.000301435,0.00130732,0.07063,0.91617,0.0100764,0.000816881,0.00019997,8.73153e-05,4.29995e-05,2.79716e-05,2.21579e-05,1.72217e-05,1.45891e-05,1.70024e-05,
5.13406e-05,5.96835e-05,6.03252e-05,7.50857e-05,8.98461e-05,0.000120009,0.000163648,0.000374145,0.00130854,0.0308981,0.951839,0.0133653,0.000819525,0.00028494,0.000146321,9.56219e-05,7.31604e-05,6.03252e-05,6.41758e-05,5.06989e-05,
1.28343e-05,1.35402e-05,1.25776e-05,1.52728e-05,1.82247e-05,2.86846e-05,4.61393e-05,9.37545e-05,0.000298975,0.0012824,0.0712337,0.919366,0.00655075,0.000683683,0.00017737,7.50806e-05,3.5551e-05,2.29092e-05,1.91231e-05,1.34118e-05,
7.03119e-05,7.84248e-05,6.2199e-05,6.49033e-05,9.19463e-05,0.000135215,0.000167667,0.000237979,0.000535452,0.00115474,0.00353993,0.0317675,0.930897,0.0279111,0.00191735,0.000643624,0.000292065,0.000173075,0.000159554,0.000100059,
0.000132031,0.000108926,0.00012543,9.90233e-05,0.000102324,0.000155136,0.000178242,0.000201347,0.000353183,0.000782284,0.00156127,0.00362095,0.0360577,0.924346,0.0288719,0.00189465,0.00067996,0.000336679,0.000234355,0.000158437,
0.000144363,0.000116865,0.000116865,8.93677e-05,7.21816e-05,0.000106554,8.93677e-05,0.000116865,0.000216545,0.000329973,0.000855867,0.00111022,0.00272915,0.0307115,0.92886,0.0311962,0.00193859,0.000646197,0.000340285,0.000213107,
0.000136397,7.95961e-05,7.0067e-05,6.7638e-05,6.80117e-05,6.44616e-05,6.68906e-05,8.87515e-05,0.000109118,0.000171337,0.00070777,0.000343235,0.000588749,0.00169954,0.0340643,0.946762,0.0133811,0.000917971,0.000375933,0.000237293,
0.000374948,0.000195919,0.000124983,0.000124983,0.000138494,0.00014525,0.000121605,0.000108093,0.000148628,0.00024321,0.00098635,0.000385082,0.000472907,0.000868123,0.00259086,0.0235339,0.945649,0.0213349,0.00172273,0.000729629,
0.000603016,0.000357453,0.000307944,0.000211897,0.000201995,0.000195064,0.000222789,0.000329728,0.000375276,0.000489146,0.00172587,0.000602025,0.000565389,0.000678269,0.000827785,0.00197837,0.0234889,0.94704,0.0182459,0.00155358,
0.00217214,0.00114076,0.000619866,0.000411508,0.000260448,0.00019794,0.000177105,0.000182314,0.000104179,0.000208358,0.000979284,0.000192731,0.000317746,0.000395881,0.000677164,0.00116681,0.00274512,0.0253416,0.939519,0.0231903,
0.0276047,0.00312141,0.00123383,0.000745824,0.000488008,0.000417416,0.000494147,0.000552462,0.000675232,0.000988294,0.00201649,0.000887009,0.000675232,0.00064147,0.000607709,0.000755032,0.00115403,0.00333012,0.0354558,0.918156,


0.931986,0.0268275,0.00324395,0.00141356,0.0006947,0.000507433,0.000320166,0.000259758,0.000199349,0.000229553,0.000676578,0.000157063,0.000265798,0.000217471,0.000326207,0.000374534,0.000610128,0.00108736,0.00279088,0.0278122,
0.0271655,0.935093,0.0231866,0.00244878,0.00118026,0.000833698,0.000608109,0.000529644,0.000503488,0.000853315,0.00140257,0.000464256,0.000392329,0.000310594,0.000300785,0.000310594,0.000434831,0.000428292,0.000886009,0.00266783,
0.00194299,0.0242721,0.943896,0.0213197,0.00256535,0.00113088,0.000584414,0.000406054,0.000242873,0.000227694,0.000846261,0.000174565,0.000125231,6.45132e-05,9.86672e-05,0.000144206,0.000212514,0.000337746,0.000523695,0.00088421,
0.000872584,0.00211376,0.0251357,0.938795,0.0251695,0.00286223,0.0011998,0.000616827,0.000391158,0.00029713,0.000771033,0.000229429,0.000116595,9.40284e-05,0.000135401,0.000139162,0.000180535,0.000229429,0.000259519,0.000391158,
0.00036654,0.000729687,0.00202276,0.0250571,0.937267,0.0282134,0.00261669,0.00114714,0.000526053,0.00032242,0.000570174,9.5029e-05,0.00013915,8.14534e-05,0.000101817,8.48473e-05,8.14534e-05,0.000132362,0.000196846,0.000247754,
0.000210459,0.000301963,0.000695429,0.00199173,0.0296534,0.93599,0.0250568,0.00278477,0.00106449,0.000576474,0.000661878,0.000186058,0.000125055,0.000112855,7.0153e-05,0.000128105,7.93034e-05,9.15039e-05,9.15039e-05,0.000128105,
0.000113026,0.000161832,0.000300546,0.000559991,0.00194456,0.0238613,0.935424,0.0317088,0.00306711,0.00104806,0.000734667,0.00033394,0.000164401,0.000123301,8.7338e-05,6.42191e-05,8.22005e-05,5.13753e-05,6.42191e-05,0.000105319,
4.68524e-05,0.000102715,0.000127943,0.000207232,0.000502763,0.00153171,0.0269942,0.92669,0.0390479,0.00277871,0.00106679,0.000313551,0.000165785,0.000117131,6.84766e-05,6.12685e-05,4.14464e-05,4.50504e-05,4.68524e-05,4.32484e-05,
3.32684e-05,4.24458e-05,5.62121e-05,7.91558e-05,0.000156017,0.000378571,0.0012837,0.0307044,0.930794,0.0329988,0.0023219,0.000591947,0.00024435,9.75107e-05,5.62121e-05,3.55627e-05,3.78571e-05,2.98268e-05,2.17965e-05,3.67099e-05,
3.55567e-05,2.76552e-05,3.85197e-05,5.82734e-05,7.2101e-05,0.000160993,0.00038816,0.00156153,0.0342865,0.922655,0.0380131,0.00186179,0.000410877,0.000177783,7.11134e-05,5.82734e-05,4.24705e-05,3.65444e-05,1.67907e-05,2.66675e-05,
2.49274e-05,2.11189e-05,1.85024e-05,1.85731e-05,2.09522e-05,3.1893e-05,5.95834e-05,0.000171123,0.000960931,0.0594662,0.932087,0.00621766,0.000593089,0.00011862,4.89204e-05,2.93893e-05,2.67088e-05,2.8241e-05,2.88943e-05,2.76096e-05,
4.62997e-05,6.17329e-05,7.5237e-05,3.85831e-05,9.06702e-05,0.000108033,0.000194845,0.000353035,0.000947214,0.00370012,0.0462129,0.923611,0.02184,0.00157226,0.000530517,0.000268152,0.000109962,9.06702e-05,7.71662e-05,7.13787e-05,
8.67063e-05,4.06436e-05,7.85776e-05,6.50297e-05,8.39967e-05,9.21254e-05,0.000165284,0.000224894,0.00050669,0.0011028,0.00348722,0.030797,0.931432,0.0286429,0.00193463,0.000617782,0.000284505,0.000146317,0.000113802,9.75446e-05,
7.07652e-05,6.0967e-05,5.66122e-05,5.66122e-05,7.40313e-05,7.62087e-05,8.16522e-05,0.000152417,0.000232981,0.000393019,0.0014349,0.00139789,0.019136,0.957343,0.0176293,0.000900352,0.000396285,0.000204675,0.000186167,0.00011649,
