0.931106,0.023775,0.00300271,0.00136596,0.000529537,0.000409187,0.00033096,0.000324943,0.000258751,0.000174506,0.000613781,0.000174506,0.000252733,0.000258751,0.000204594,0.00045131,0.000625816,0.00124561,0.00252733,0.0323679,
0.0269221,0.949995,0.0147351,0.00153463,0.000779768,0.000436823,0.000331449,0.000239487,0.000216496,0.000206916,0.00121851,0.000164767,0.000132197,0.000105374,0.000164767,0.00018201,0.000222244,0.000406169,0.000626497,0.00137944,
0.00176139,0.024737,0.94775,0.0180534,0.00231728,0.000879078,0.000539728,0.000410452,0.000206842,0.000158363,0.00076273,0.000180987,0.00013574,0.000132508,0.000132508,0.000206842,0.000171291,0.000248857,0.000442771,0.000772425,
0.00134959,0.00314514,0.0404834,0.927439,0.0181446,0.00267741,0.00134269,0.000864861,0.000613207,0.000390754,0.00104166,0.000225639,0.000163522,0.000165646,0.000165646,0.00018582,0.000225639,0.000305807,0.000404027,0.000665768,
0.000381624,0.000720448,0.00227191,0.0294492,0.934964,0.0254796,0.00291033,0.00109137,0.000617018,0.000356658,0.00051002,0.000153363,0.000139096,0.000110564,8.20312e-05,0.000110564,0.000128397,0.000121264,0.000185462,0.000217561,
0.000305731,0.00050397,0.00103808,0.00356295,0.0854639,0.887458,0.0153656,0.00272077,0.00117202,0.000596392,0.000592374,0.000220005,0.000148345,0.000118542,0.000103138,0.000103473,9.24224e-05,0.000112179,0.000146001,0.000176138,
0.000238763,0.000306668,0.00056865,0.00145624,0.00527031,0.0765422,0.886608,0.0200881,0.00429335,0.00194384,0.00107159,0.000437659,0.000232192,0.000170858,0.000126172,0.000108648,0.000109524,0.000111277,0.00013581,0.000180496,
6.89678e-05,6.71528e-05,0.000128861,0.000239572,0.000506369,0.00145014,0.0321226,0.928127,0.0324403,0.00297832,0.000938325,0.000366618,0.000183309,8.89321e-05,7.80425e-05,5.62632e-05,3.26689e-05,2.90391e-05,5.26333e-05,4.53735e-05,
4.47002e-05,4.3554e-05,6.5331e-05,8.7108e-05,0.000159316,0.000382817,0.00126994,0.0378771,0.929359,0.0273095,0.00227742,0.000540987,0.000223501,0.000122639,5.61617e-05,5.38694e-05,3.66771e-05,2.8654e-05,3.55309e-05,2.63616e-05,
8.72956e-05,0.000109811,0.000127586,0.000188811,0.000355503,0.000663407,0.00189463,0.00849928,0.0707817,0.893881,0.0195528,0.002055,0.000766898,0.000357083,0.000213499,0.000130548,9.95407e-05,8.23581e-05,7.91981e-05,7.34705e-05,
0.000112373,0.00011671,0.000121342,0.000125456,0.000153913,0.000230537,0.000407782,0.00122002,0.00688685,0.0594406,0.923727,0.00553914,0.000811596,0.000322461,0.000189638,0.000134966,0.000120602,0.000112201,0.000108752,0.000117991,
5.56953e-05,4.60927e-05,4.22516e-05,8.25827e-05,6.5298e-05,0.000113311,0.000178609,0.000393708,0.00100636,0.00352225,0.0574219,0.916136,0.0181375,0.00175728,0.00047245,0.000224702,0.000130596,9.02648e-05,6.14569e-05,6.14569e-05,
0.000271281,0.000210458,0.000167199,0.00014609,0.000166573,0.000227813,0.000385526,0.000859082,0.00227871,0.00807854,0.0208848,0.0728832,0.873113,0.0159242,0.0020007,0.000864294,0.000486221,0.000383911,0.000347062,0.000321315,
0.000270699,0.000227001,0.00017871,0.000159461,0.000156219,0.000194379,0.000283126,0.000501684,0.00108232,0.0027852,0.00570649,0.00762482,0.0428824,0.919454,0.0151011,0.00138321,0.000754418,0.000507358,0.000404765,0.000342966,
0.000290836,0.000233076,0.000189149,0.000161558,0.000157025,0.00017766,0.000229089,0.000338358,0.000612781,0.00128465,0.00295565,0.00253147,0.00341907,0.033813,0.935744,0.0150506,0.00125206,0.000723379,0.000469434,0.000366965,
0.000386486,0.000287752,0.000224883,0.000186029,0.000179639,0.000190666,0.000255802,0.000348147,0.000535927,0.000906954,0.00229356,0.00137063,0.00176433,0.00258503,0.0340984,0.935508,0.0161349,0.00147349,0.000751947,0.000517582,
0.000608875,0.000427793,0.000328852,0.0002823,0.000259523,0.000302658,0.00038722,0.00047164,0.000698135,0.00110699,0.00265274,0.00124224,0.0012643,0.00163985,0.00292337,0.0236338,0.938558,0.020212,0.00204458,0.000954811,
0.0008047,0.000522305,0.000368386,0.000293081,0.000230496,0.000225662,0.000255937,0.0003086,0.000373983,0.000488468,0.00184855,0.000588197,0.000679785,0.000817421,0.00135423,0.00275781,0.0235627,0.945661,0.0172353,0.00162288,
0.00199097,0.00109198,0.000602469,0.00036713,0.00024946,0.000216512,0.000240046,0.000225926,0.000296528,0.000244753,0.00109198,0.000197685,0.000409491,0.000404784,0.000588349,0.00116258,0.00239105,0.025026,0.943043,0.0201592,
0.0274144,0.00312585,0.00129294,0.00070344,0.000475565,0.000539965,0.000515196,0.000505288,0.000579595,0.00103535,0.00190226,0.000817378,0.000728209,0.000733163,0.000609318,0.000812424,0.00124341,0.00360637,0.0312337,0.922126,


0.930931,0.0240739,0.00301452,0.00132036,0.000801862,0.000391887,0.000355713,0.000283365,0.000217045,0.000223074,0.000705397,0.000229103,0.000211016,0.000241161,0.000241161,0.000518497,0.00062702,0.00119978,0.00268895,0.0317248,
0.0270434,0.946157,0.0149979,0.00154013,0.00092118,0.000629551,0.00052534,0.000414602,0.000413379,0.000502907,0.00162884,0.000281228,0.000246967,0.000212909,0.00021862,0.00025492,0.000355257,0.000528603,0.000888754,0.00223902,
0.00219909,0.0250064,0.945523,0.01861,0.00241307,0.00111601,0.000536604,0.000444427,0.000319329,0.000210691,0.000974447,0.000121806,0.000158018,0.000115222,0.000204107,0.000171187,0.000200815,0.000296285,0.000553065,0.000826305,
0.00104954,0.00219294,0.028952,0.934864,0.0247282,0.00314009,0.00119033,0.000669829,0.000392512,0.000315716,0.000738092,0.000183456,0.000115194,0.000110927,0.00011946,0.000102394,0.000157858,0.000200522,0.000281584,0.000494906,
0.000244346,0.000366519,0.000756011,0.016863,0.96317,0.0143162,0.00116534,0.000559699,0.000324751,0.000230771,0.00122591,0.000121129,7.72718e-05,5.32549e-05,6.16086e-05,7.41392e-05,8.66698e-05,7.72718e-05,9.29351e-05,0.000133659,
0.000215856,0.000346677,0.00072606,0.00209642,0.0357993,0.930436,0.0237572,0.00309393,0.00126243,0.000621402,0.000601779,0.000199503,0.000143904,8.5034e-05,8.5034e-05,0.000107928,8.5034e-05,7.84929e-05,0.000111198,0.000147174,
0.00013448,0.000199134,0.000299994,0.000589644,0.00177928,0.0277133,0.935757,0.0276874,0.00304132,0.0011017,0.000667229,0.000305167,0.000214651,0.000103446,6.46539e-05,6.20678e-05,6.20678e-05,5.68955e-05,6.98263e-05,9.05155e-05,
5.98276e-05,6.16405e-05,0.000130533,0.000266505,0.000505815,0.00151745,0.0316615,0.928521,0.0326078,0.0028681,0.000908292,0.000339023,0.000172231,9.06479e-05,7.61442e-05,6.16405e-05,3.44462e-05,3.08203e-05,4.1698e-05,4.53239e-05,
3.11772e-05,5.1962e-05,7.50562e-05,7.39015e-05,0.000168588,0.000391447,0.00133485,0.0366563,0.929824,0.0280029,0.00227247,0.000573891,0.000204384,0.000103924,7.39015e-05,4.61884e-05,3.5796e-05,2.54036e-05,2.54036e-05,2.88678e-05,
3.66055e-05,1.38507e-05,4.25415e-05,6.82643e-05,8.70617e-05,0.000170166,0.000410575,0.0015493,0.041102,0.921519,0.0323098,0.00181544,0.000436298,0.00016423,8.70617e-05,5.63923e-05,4.74882e-05,2.96801e-05,2.96801e-05,2.47334e-05,
5.65431e-05,5.71856e-05,6.74661e-05,7.71042e-05,8.35295e-05,0.000117584,0.000167702,0.000352109,0.00132555,0.0368847,0.947505,0.0117327,0.000814734,0.000251874,0.000138788,9.95929e-05,7.96743e-05,6.93938e-05,5.14028e-05,6.74661e-05,
0.000206498,0.000165954,0.000133524,0.000126449,0.000149248,0.000245408,0.000533084,0.00134297,0.00502771,0.0320165,0.134772,0.801548,0.0185655,0.00289668,0.000862495,0.000382736,0.000257744,0.000251888,0.00026574,0.000249183,
5.2765e-05,4.72108e-05,6.66506e-05,8.05361e-05,6.66506e-05,0.000136078,0.000169404,0.000272156,0.00056653,0.00116638,0.00356025,0.0349193,0.931555,0.0239664,0.00196064,0.000716494,0.000263825,0.000188843,0.00014441,9.99758e-05,
0.000138179,0.000101107,6.74045e-05,0.000104477,7.75152e-05,0.000101107,0.000114588,0.000229175,0.00029995,0.000488683,0.00157727,0.00332641,0.0396271,0.924423,0.0257822,0.0020154,0.000738079,0.000330282,0.000225805,0.000232546,
0.000146448,9.19559e-05,8.17386e-05,9.53617e-05,8.85501e-05,8.17386e-05,9.87675e-05,0.00015326,0.0001771,0.00033036,0.000895719,0.000980863,0.00269397,0.0339419,0.930294,0.0266195,0.00192426,0.000687966,0.000412099,0.000204346,
0.000266441,0.000192745,9.35379e-05,7.6531e-05,8.50345e-05,8.22e-05,8.22e-05,0.000121883,0.00013889,0.000204083,0.000751138,0.000476193,0.000912704,0.00229593,0.0338976,0.940187,0.0177892,0.00151645,0.00051871,0.000311793,
0.000381725,0.000203587,0.000180966,0.00014138,7.91725e-05,0.000101793,8.48277e-05,0.000107448,0.000172483,0.00015269,0.000918967,0.000302552,0.000449587,0.000788898,0.00227621,0.0239045,0.94987,0.0177771,0.00149014,0.000616415,
0.000723335,0.000414854,0.000308481,0.000215405,0.000186152,0.000257954,0.000249976,0.000257954,0.000382942,0.0004707,0.00146529,0.00050793,0.000539842,0.000593028,0.000944059,0.0021248,0.0233701,0.946702,0.0184105,0.00187482,
0.00193442,0.000885666,0.000548426,0.000405644,0.00035576,0.000381598,0.00046882,0.000566497,0.000775592,0.0012126,0.00293106,0.00107355,0.000803073,0.000773501,0.000818606,0.00112896,0.00240802,0.0252519,0.937221,0.0200556,
0.0219265,0.00267839,0.00134125,0.000863619,0.000663283,0.000551071,0.000525809,0.000499959,0.000562233,0.000705582,0.00168376,0.000592783,0.000579858,0.000575158,0.000730257,0.00103282,0.00186295,0.00393211,0.0376861,0.921007,


0.930416,0.024594,0.00313419,0.00116363,0.000736769,0.000514569,0.000315758,0.000175421,0.000251437,0.000257284,0.000637364,0.000169574,0.000169574,0.000198811,0.000268979,0.000391774,0.000637364,0.00125134,0.00289445,0.0318214,
0.0269542,0.937955,0.0213218,0.00238731,0.0010344,0.000564503,0.000460433,0.000438357,0.000491969,0.000760029,0.00169666,0.000488816,0.000356362,0.000331133,0.000324826,0.000343748,0.000378438,0.000583425,0.000927173,0.00220125,
0.00186103,0.02477,0.947199,0.0181374,0.00233697,0.000985432,0.000588819,0.000402715,0.000250172,0.000152544,0.00119899,0.000112882,9.76279e-05,9.45771e-05,0.000115933,0.000164747,0.000189154,0.000259324,0.000366105,0.000716955,
0.000891201,0.00216802,0.0296367,0.934145,0.0249665,0.00319633,0.00131538,0.000552716,0.000428462,0.000321346,0.000745524,0.000137108,0.000149962,0.000128539,7.71231e-05,0.000119969,0.000137108,0.0001671,0.000269931,0.0004456,
0.000545651,0.00101082,0.00277369,0.0560087,0.915764,0.0168724,0.00238252,0.00119515,0.000649503,0.000448291,0.000733449,0.000220251,0.000170922,0.000118996,0.000125487,0.000136305,0.000135439,0.000152315,0.000241454,0.000315015,
0.000190124,0.0003278,0.00075394,0.0019668,0.0355139,0.93111,0.023795,0.00305837,0.0011178,0.000609708,0.000553982,0.000183568,0.000154066,0.000111452,6.2282e-05,8.195e-05,6.556e-05,0.000101618,7.8672e-05,0.0001639,
0.000106828,0.000152959,0.000293778,0.000594839,0.00180637,0.0286737,0.935617,0.0271684,0.00296448,0.00104643,0.000643398,0.000235508,0.000155387,0.00011654,5.827e-05,7.28375e-05,6.06979e-05,7.52654e-05,7.76933e-05,8.01212e-05,
6.17029e-05,7.05176e-05,0.000153376,0.000218605,0.000520068,0.00156725,0.0311265,0.927682,0.0338908,0.00278721,0.000974906,0.000347299,0.000174531,0.000107539,6.17029e-05,6.52288e-05,5.994e-05,3.70218e-05,3.70218e-05,5.64141e-05,
3.69692e-05,3.46586e-05,6.12303e-05,8.66466e-05,0.000166361,0.000397419,0.00130894,0.0359098,0.929908,0.0286419,0.00237296,0.000552228,0.000190623,0.000124771,5.08327e-05,4.27457e-05,3.81245e-05,2.07952e-05,1.84846e-05,3.69692e-05,
3.16803e-05,2.87103e-05,4.05904e-05,6.63307e-05,8.81109e-05,0.000154442,0.000382144,0.00155729,0.0400904,0.921998,0.0329574,0.0017444,0.000439564,0.000149491,7.82108e-05,6.03906e-05,3.76204e-05,3.26703e-05,2.27702e-05,3.96004e-05,
4.50702e-05,5.5372e-05,5.92351e-05,6.95369e-05,9.01404e-05,0.000115251,0.000178349,0.00038696,0.0013315,0.0361856,0.948013,0.0119236,0.000790017,0.000280079,0.000139718,9.6579e-05,6.63176e-05,6.88931e-05,5.5372e-05,4.89334e-05,
5.32717e-05,4.56615e-05,3.61487e-05,6.46871e-05,8.94204e-05,0.000125569,0.000157913,0.000336753,0.000953184,0.00373092,0.054653,0.917933,0.01898,0.00172182,0.000507984,0.000226405,0.000146497,9.70307e-05,8.37127e-05,5.70769e-05,
6.92457e-05,5.81664e-05,6.64759e-05,8.30949e-05,7.75552e-05,0.000144031,0.000138491,0.000271443,0.000520728,0.00116887,0.00372542,0.0341714,0.931087,0.0251002,0.0019555,0.00064814,0.00032407,0.000177269,0.000121873,9.14044e-05,
0.000123939,0.00011724,0.00011389,8.70926e-05,9.71417e-05,9.3792e-05,0.000137338,0.000254578,0.000381867,0.000797232,0.00167486,0.00337986,0.037959,0.925553,0.0256387,0.00207012,0.000710139,0.000371818,0.000274677,0.000164136,
0.000109838,9.95411e-05,9.61086e-05,7.89464e-05,8.23788e-05,9.61086e-05,0.000116703,0.000133866,0.000247136,0.00033638,0.000827221,0.00110868,0.00280431,0.0340122,0.929322,0.0275351,0.0018089,0.000621274,0.000346678,0.000216244,
0.000177689,0.000146664,0.000115639,8.46136e-05,0.000121279,8.7434e-05,7.89727e-05,0.000101536,0.000169227,0.000239738,0.00104357,0.000538706,0.000843315,0.0023579,0.033978,0.939177,0.0182906,0.00152304,0.000626141,0.000298968,
0.000368944,0.000299222,0.000168494,0.000107488,0.000101677,0.000127823,0.000101677,9.29622e-05,0.000124918,0.000156874,0.00117365,0.000348608,0.00044157,0.000839565,0.00210617,0.0233974,0.950257,0.017625,0.00156293,0.000598444,
0.000786313,0.000489367,0.000308824,0.000175792,0.000156787,0.000147285,0.000237557,0.000235181,0.000289819,0.000413349,0.001556,0.000491743,0.000441856,0.000641403,0.000862331,0.00223066,0.0235134,0.946158,0.0189499,0.00191471,
0.00223986,0.00106636,0.000535731,0.000352052,0.000239803,0.000219394,0.000198986,0.000173475,0.000168372,0.000142862,0.00109187,0.000280621,0.000362256,0.000382665,0.000642877,0.0011531,0.00280621,0.0253834,0.940049,0.0225109,
0.0275217,0.00343841,0.00116695,0.000677116,0.000480224,0.000408191,0.000494631,0.00047062,0.000845195,0.0010709,0.00210818,0.000797172,0.00074915,0.00070593,0.000581071,0.00083559,0.00147429,0.00357767,0.0308208,0.921776,


0.931323,0.0243012,0.00347763,0.00134034,0.000561492,0.000464892,0.000283765,0.000229427,0.000205277,0.000217352,0.000700356,0.000156976,0.000156976,0.000138864,0.000217352,0.000283765,0.000639981,0.00134637,0.00278331,0.0311719,
0.0269928,0.952536,0.0133698,0.00111533,0.000644447,0.000479423,0.000317244,0.000186363,0.000136572,0.000160756,0.00127467,9.81608e-05,9.95835e-05,0.000126613,0.000136572,0.000147953,0.000217661,0.000375572,0.000482268,0.00110253,
0.001851,0.0246596,0.951752,0.0140848,0.00147482,0.000844377,0.000556042,0.000401444,0.000275124,0.000249396,0.00139045,0.000167809,0.000126089,0.00013142,0.000152048,0.000154829,0.000211384,0.000293898,0.000456376,0.000767194,
0.00105541,0.00218526,0.0285485,0.934963,0.0249838,0.00315308,0.00125685,0.000639375,0.000394135,0.000328446,0.000757616,0.000153275,0.000126999,0.000100723,0.000113861,0.000170792,0.000166413,0.000175171,0.000275895,0.000451066,
0.000364523,0.00068616,0.00199058,0.0277931,0.934926,0.0273606,0.00306271,0.00115075,0.000675439,0.000332359,0.00054321,0.000153671,0.00011436,0.000121508,6.79013e-05,7.1475e-05,8.577e-05,0.000107213,0.00020013,0.000192983,
0.000150494,0.000327161,0.000745927,0.00201204,0.0343094,0.931587,0.0244356,0.00290519,0.00130864,0.000582346,0.000546359,0.000222469,0.000140679,0.000111235,0.000114506,9.81483e-05,9.48767e-05,9.48767e-05,0.000114506,9.81483e-05,
0.000144796,0.00014221,0.000299935,0.000615383,0.00185391,0.0267717,0.935496,0.0289618,0.00303813,0.00108338,0.00062314,0.000258564,0.000131868,0.000134453,5.68841e-05,8.27406e-05,6.46411e-05,4.91272e-05,8.53262e-05,0.000106011,
6.35005e-05,6.69329e-05,0.000139015,0.00027288,0.000504571,0.00157207,0.0309367,0.92774,0.0339487,0.0027923,0.00105376,0.000312354,0.000152744,0.00011842,8.2379e-05,5.32031e-05,3.43246e-05,4.80544e-05,5.14869e-05,5.66355e-05,
4.38105e-05,4.03518e-05,4.49634e-05,8.99268e-05,0.000161407,0.0003966,0.00126935,0.0349308,0.930503,0.0291213,0.0022816,0.000568384,0.000219052,9.10797e-05,5.87983e-05,4.15047e-05,2.76698e-05,4.03518e-05,2.88227e-05,4.15047e-05,
3.76109e-05,4.65188e-05,3.06826e-05,6.43345e-05,9.00682e-05,0.000181126,0.000361263,0.00162222,0.0389619,0.922522,0.0335192,0.00174396,0.000363242,0.000168259,8.41297e-05,5.64164e-05,3.76109e-05,3.86007e-05,3.56314e-05,3.46416e-05,
7.51548e-05,5.90961e-05,6.93737e-05,7.1943e-05,8.2863e-05,0.000124616,0.000181785,0.000380913,0.00132388,0.0349605,0.948759,0.0123177,0.000809359,0.000264648,0.000134893,9.05712e-05,8.35053e-05,8.60747e-05,6.03808e-05,6.42349e-05,
5.22525e-05,4.06408e-05,5.80583e-05,5.22525e-05,6.967e-05,0.000110311,0.000183851,0.000381249,0.000996667,0.00369251,0.0533033,0.919111,0.0190683,0.00171659,0.000505107,0.000236104,0.000181916,0.000104505,8.32169e-05,5.22525e-05,
7.20549e-05,8.59116e-05,6.09695e-05,7.20549e-05,8.86829e-05,0.00010254,0.000160738,0.000285448,0.000565354,0.00119168,0.00346972,0.0333282,0.931625,0.0255185,0.00208682,0.000626323,0.000293762,0.000180137,9.14543e-05,9.42256e-05,
0.000111263,8.09187e-05,0.000118006,0.000121378,6.0689e-05,0.000121378,0.000182067,0.000205668,0.000279844,0.000492255,0.00139248,0.00330418,0.0384532,0.924951,0.0266627,0.00203308,0.00073164,0.000316932,0.000242756,0.000138236,
0.000172327,6.54843e-05,8.2717e-05,5.16981e-05,6.89308e-05,6.54843e-05,8.2717e-05,0.00017922,0.000220579,0.000292956,0.000713434,0.000965031,0.00258146,0.0325629,0.930373,0.0284788,0.00178531,0.000654843,0.000423925,0.00017922,
0.000139308,0.000160507,8.17679e-05,7.87394e-05,7.26826e-05,0.000121138,7.5711e-05,0.000121138,0.000178678,0.000257417,0.000729854,0.000408839,0.000920646,0.00243487,0.0335218,0.938992,0.0191397,0.00164141,0.000578432,0.000345242,
0.000383401,0.000287551,0.000200687,9.2855e-05,9.88456e-05,8.3869e-05,7.18877e-05,0.000101841,0.000125803,0.000194696,0.00116518,0.000365429,0.0005122,0.000814727,0.00201585,0.0238158,0.948924,0.0186788,0.00137785,0.000688924,
0.00094083,0.000496074,0.000344971,0.000287951,0.000205272,0.000245186,0.000245186,0.000302206,0.000364928,0.00065573,0.00176762,0.000638624,0.000601561,0.000661432,0.0011518,0.00238629,0.0234381,0.944377,0.0190361,0.00185315,
0.0021733,0.000998673,0.00048507,0.000275824,0.000185468,0.000256802,0.000142668,0.000133156,0.000190223,0.000175957,0.00109854,0.000209246,0.000304358,0.000447025,0.000675293,0.0010605,0.0028486,0.0247909,0.942728,0.02082,
0.013802,0.000898977,0.000463214,0.0002968,0.000259056,0.000185285,0.000142395,0.000170703,0.000166414,0.000240185,0.00164183,0.000203299,0.000201584,0.000198152,0.000320818,0.000325107,0.000467503,0.000949588,0.0143167,0.96475,


0.915478,0.0194268,0.00254716,0.00127161,0.000839082,0.00064899,0.0005077,0.000488415,0.000523442,0.000624195,0.00129404,0.000401831,0.000360506,0.00034988,0.000420328,0.000567522,0.000833179,0.00135701,0.00363182,0.0484287,
0.0270616,0.941877,0.0187912,0.00199748,0.000942912,0.000496269,0.000464012,0.000416866,0.000429273,0.000580635,0.00172702,0.000342426,0.000282873,0.000315131,0.000215877,0.000270467,0.00038709,0.000511157,0.000863509,0.00202726,
0.00135191,0.0246915,0.951423,0.0160603,0.00170272,0.00068451,0.000436375,0.000267387,0.000239578,0.000130485,0.00111233,0.000104816,6.63119e-05,7.059e-05,0.000109094,0.000115511,0.000183962,0.00028236,0.000327281,0.000639589,
0.000832991,0.00217891,0.027144,0.936483,0.0248872,0.00308576,0.00140747,0.000623718,0.000414444,0.000242101,0.000824785,0.000160033,0.00016824,0.000172343,0.000139516,0.000102585,0.000188757,0.00019286,0.000266721,0.000484202,
0.000375524,0.000858341,0.00195273,0.027281,0.935442,0.027449,0.0029434,0.00110869,0.000622298,0.000357642,0.000522158,0.000178821,0.000121598,0.000110869,7.86813e-05,0.000110869,6.07992e-05,0.00010014,0.000146633,0.000178821,
0.000206645,0.000357529,0.000633057,0.00208614,0.0332863,0.93247,0.024312,0.00317512,0.00122675,0.000531374,0.000639617,0.000206645,0.000167284,9.84026e-05,0.000111523,9.18424e-05,5.90416e-05,0.000111523,0.000121363,0.000108243,
9.8388e-05,0.000170884,0.00033918,0.000608452,0.00185902,0.0258838,0.935569,0.0297908,0.00299824,0.00104602,0.000660235,0.000251148,0.00015276,0.000119101,5.43723e-05,8.02639e-05,5.43723e-05,8.02639e-05,0.000100977,8.2853e-05,
8.20317e-05,9.09482e-05,0.000114131,0.000269278,0.000501107,0.00148014,0.0299202,0.927532,0.0353129,0.00282653,0.000946931,0.000344176,0.000203296,9.45148e-05,6.06321e-05,3.03161e-05,4.45824e-05,5.70655e-05,4.10158e-05,4.8149e-05,
3.69579e-05,3.4648e-05,5.42819e-05,9.70145e-05,0.000169775,0.000366114,0.00130739,0.0340348,0.930453,0.0299475,0.00235722,0.000564763,0.000195184,0.000116648,6.12115e-05,5.3127e-05,5.1972e-05,2.30987e-05,3.81128e-05,3.69579e-05,
2.17805e-05,3.56407e-05,4.55409e-05,6.83114e-05,8.31617e-05,0.000181174,0.000401948,0.00155136,0.0379623,0.922463,0.0344903,0.00185233,0.000373238,0.000188104,8.41518e-05,5.74212e-05,3.96008e-05,3.56407e-05,2.47505e-05,4.05908e-05,
5.27487e-05,5.72517e-05,5.59651e-05,6.88307e-05,8.61991e-05,0.000128012,0.000180118,0.000349299,0.0013393,0.0339927,0.94973,0.0124062,0.0007655,0.000288831,0.000124796,0.000107427,7.91231e-05,7.71933e-05,5.3392e-05,5.72517e-05,
3.50675e-05,3.70157e-05,6.42904e-05,7.59796e-05,6.0394e-05,0.000111047,0.000175337,0.000383794,0.0009702,0.00360221,0.0528759,0.919442,0.0193709,0.00171246,0.000504582,0.000196768,0.000148063,9.54615e-05,8.18241e-05,5.64976e-05,
7.74343e-05,7.74343e-05,8.29653e-05,5.80757e-05,8.01998e-05,0.000105089,0.000165931,0.000257192,0.000489495,0.00125831,0.00370302,0.0330949,0.931421,0.0258409,0.00185566,0.000699674,0.000362282,0.000165931,0.000113386,9.12618e-05,
0.000128002,9.43171e-05,9.76855e-05,7.74747e-05,8.42117e-05,0.000128002,0.000144844,0.000185266,0.000326741,0.000586113,0.00144507,0.0031731,0.0367668,0.92558,0.0276753,0.00210192,0.000690536,0.0003739,0.000202108,0.000138107,
0.00015157,6.54509e-05,6.20061e-05,6.20061e-05,7.23405e-05,8.26748e-05,0.000110233,0.000175684,0.000230801,0.000265248,0.000806079,0.00104721,0.00265937,0.0328426,0.929148,0.028919,0.0019842,0.000709625,0.000341034,0.000265248,
0.00022579,0.000123721,7.73254e-05,8.35114e-05,9.89765e-05,8.66045e-05,9.27905e-05,0.000105163,0.000167023,0.000253627,0.000621696,0.000513441,0.000983579,0.00246513,0.0339056,0.937957,0.0194984,0.00169807,0.000637161,0.000405185,
0.000342482,0.000264201,0.000176134,9.45904e-05,0.000120684,0.000127208,9.78521e-05,9.78521e-05,0.000146778,0.000140255,0.00103397,0.000384885,0.000476214,0.0010144,0.00227343,0.0236443,0.947365,0.01974,0.00171241,0.000746938,
0.000912852,0.000485429,0.00028393,0.00029309,0.000204552,0.000216764,0.000207605,0.000247294,0.000430475,0.000674716,0.00173717,0.000543437,0.000564808,0.000693035,0.000955594,0.00247294,0.0235845,0.941101,0.0222809,0.00210963,
0.00236623,0.0010714,0.000548396,0.000416375,0.000228498,0.000187876,0.000137099,0.00011171,0.000192954,0.000162488,0.00100539,0.000289431,0.000370675,0.000462074,0.000634718,0.00117296,0.00272167,0.0252008,0.941251,0.0214687,
0.0266398,0.00325723,0.00133555,0.000745228,0.000502401,0.000468908,0.000556828,0.000561015,0.000573575,0.000900135,0.0020431,0.000870829,0.000657308,0.000565201,0.000653121,0.000774535,0.00133555,0.00341214,0.0370772,0.91707,


0.931723,0.0253164,0.00291159,0.00138935,0.000743,0.000477212,0.000265789,0.000211423,0.000211423,0.000193301,0.00073696,0.00018122,0.000199342,0.000193301,0.000271829,0.000410764,0.000579903,0.00119605,0.00268809,0.0301006,
0.0270256,0.943389,0.0181731,0.0017999,0.000888644,0.000576601,0.000411535,0.000416057,0.000427363,0.000596951,0.00169815,0.000368572,0.000237424,0.000239685,0.000255513,0.000208029,0.000300737,0.000483892,0.000669309,0.00183382,
0.00215856,0.0248116,0.942723,0.0215147,0.00266669,0.00122108,0.000634175,0.000370264,0.00030724,0.000240278,0.000874453,0.00019301,0.000137864,0.000126047,0.000122108,0.000196949,0.000196949,0.000256034,0.000401776,0.00084688,
0.00105552,0.00255272,0.037385,0.925732,0.0253064,0.00292702,0.00113787,0.000718654,0.000449159,0.000265752,0.000546477,0.000153463,0.000131005,0.000134748,0.000127262,0.000157206,0.00014972,0.000239551,0.000333126,0.000497818,
0.000375118,0.000707365,0.00205064,0.0270442,0.934797,0.0282517,0.00306882,0.00124325,0.000568036,0.000292949,0.000575181,0.000135757,0.000121467,9.28863e-05,6.78785e-05,8.57412e-05,7.1451e-05,0.000135757,0.000103604,0.000210781,
0.000211969,0.000407634,0.000694608,0.0020186,0.0325618,0.932545,0.0251004,0.00302627,0.00120986,0.000619603,0.000593514,0.000189142,0.000146748,0.00015327,9.4571e-05,8.80488e-05,7.82656e-05,6.52214e-05,8.80488e-05,0.000107615,
9.58502e-05,0.000181338,0.000279779,0.000601007,0.00163723,0.0260972,0.934941,0.0304959,0.00298431,0.00109062,0.000702038,0.000233149,0.000176157,8.80786e-05,6.99447e-05,5.44015e-05,3.88582e-05,6.99447e-05,7.77164e-05,8.5488e-05,
3.98434e-05,7.96868e-05,0.000148507,0.000251738,0.000566863,0.00153578,0.0285967,0.927628,0.0362285,0.00293392,0.00105223,0.000327802,0.000182917,0.000124963,6.51983e-05,5.97651e-05,2.53549e-05,3.25991e-05,5.7954e-05,6.15761e-05,
3.00563e-05,3.69923e-05,4.50844e-05,0.000106353,0.00020577,0.000409228,0.00136178,0.0332943,0.930216,0.0308042,0.00237445,0.000581473,0.000218486,0.000106353,6.58926e-05,3.93044e-05,3.93044e-05,2.89003e-05,1.84962e-05,1.73402e-05,
3.55922e-05,3.06488e-05,4.35016e-05,6.3275e-05,9.29352e-05,0.000155221,0.000403378,0.00157001,0.0367806,0.92288,0.035256,0.00184585,0.000397446,0.000177961,8.30484e-05,5.14109e-05,4.84449e-05,3.26262e-05,3.16375e-05,2.07621e-05,
5.72482e-05,5.27455e-05,6.62535e-05,6.88264e-05,7.78318e-05,0.000113853,0.000183966,0.000337057,0.00132829,0.0328116,0.950618,0.0126441,0.000863868,0.000270803,0.000142156,9.1983e-05,7.97615e-05,7.39723e-05,5.85346e-05,5.91779e-05,
5.26634e-05,6.63169e-05,5.65644e-05,5.65644e-05,7.60694e-05,0.000111178,0.000197,0.00043106,0.000955743,0.00367864,0.0510016,0.920669,0.0198619,0.00161891,0.000542238,0.000228208,0.00015604,0.000107277,6.43664e-05,6.82674e-05,
7.20633e-05,7.20633e-05,6.92916e-05,8.03783e-05,8.03783e-05,0.000124725,0.000171843,0.000288253,0.000504443,0.00124448,0.00366137,0.0320072,0.931515,0.026838,0.00189859,0.000645798,0.000313198,0.000169072,0.000124725,0.000119182,
0.000130724,7.70935e-05,0.000127372,8.37973e-05,6.0334e-05,0.000120668,0.000130724,0.000187706,0.00037206,0.000643563,0.00168935,0.00367032,0.0367267,0.924425,0.0279749,0.00212175,0.000740768,0.000368708,0.000227929,0.000120668,
0.000102911,7.30053e-05,5.45341e-05,3.07854e-05,5.8932e-05,7.21257e-05,7.65236e-05,7.12461e-05,0.000127539,0.0002111,0.00121998,0.000491686,0.00101416,0.0155783,0.963177,0.0162943,0.000642095,0.000336,0.000227812,0.000139853,
0.000197732,0.000119267,0.000119267,7.21879e-05,8.16037e-05,9.10195e-05,0.000103574,0.000128683,0.000147514,0.000185178,0.000872532,0.000429989,0.000866255,0.00248577,0.0335046,0.938173,0.0198611,0.00165718,0.000615166,0.000288752,
0.000395189,0.000273339,0.000197595,0.000144903,0.000118557,9.22108e-05,8.23311e-05,8.89176e-05,0.000115264,0.000158076,0.00114605,0.000322738,0.000421535,0.000948454,0.00241724,0.0236883,0.947209,0.0198648,0.00158076,0.000734393,
0.000894135,0.000408669,0.000315416,0.000255075,0.000191992,0.000186507,0.000244104,0.00038947,0.00041964,0.000545807,0.00174987,0.000603404,0.000493694,0.000737799,0.00111081,0.00254527,0.0233655,0.943552,0.0200632,0.00192815,
0.00229358,0.00100631,0.000572117,0.000347357,0.000219652,0.000189003,0.000199219,0.00016857,0.000102164,0.00025541,0.000950124,0.000214544,0.000316708,0.00048017,0.000730471,0.00113402,0.00280951,0.0250914,0.940597,0.0223228,
0.0272716,0.00287137,0.00137345,0.000553672,0.000463539,0.000420619,0.000429203,0.000424911,0.000583716,0.000785441,0.00180265,0.000557964,0.000459247,0.000562256,0.00050646,0.000751105,0.00121035,0.00287137,0.0280699,0.928031,


0.930873,0.0259784,0.00313116,0.00143587,0.000754134,0.000446447,0.000307687,0.000265455,0.000241323,0.000229257,0.000597274,0.000241323,0.000193058,0.000180992,0.000283554,0.000343885,0.00060934,0.00121868,0.00281141,0.0298577,
0.026824,0.940956,0.0193373,0.00215322,0.000972339,0.000709052,0.000437944,0.000359739,0.000479653,0.000604779,0.00169182,0.000484866,0.000304996,0.000304996,0.000255467,0.000263288,0.000359739,0.000552643,0.000815931,0.00213237,
0.00146604,0.0246302,0.950158,0.0165471,0.00183818,0.000927745,0.000501952,0.000295978,0.000216358,0.000171356,0.00110776,0.000129815,0.000121161,0.000124622,0.000126353,0.000155778,0.000185203,0.000289055,0.000394638,0.000612727,
0.000805022,0.00219248,0.0278938,0.935884,0.0253229,0.00281201,0.00122794,0.00066776,0.000456303,0.000300492,0.00083099,0.000118713,0.000126132,0.000100164,0.000100164,0.000129842,0.000126132,0.000178069,0.000319041,0.000408075,
0.000342915,0.000785846,0.00209321,0.0261151,0.93535,0.0287513,0.00283619,0.00110733,0.000692973,0.000317911,0.000489368,0.000189317,8.93007e-05,6.78685e-05,7.14406e-05,0.000107161,0.000110733,8.93007e-05,0.000125021,0.000267902,
0.000181659,0.000293204,0.000733009,0.00197913,0.0317042,0.933558,0.0251263,0.00306908,0.00122699,0.000535415,0.000631025,0.000213529,0.000121106,0.000101984,8.60489e-05,5.0992e-05,7.96749e-05,8.28619e-05,8.60489e-05,0.000140228,
0.000107715,0.000174737,0.000308782,0.000624744,0.00173779,0.0262369,0.934744,0.0302941,0.00303994,0.00106518,0.000660649,0.000292026,0.000153194,0.000100534,7.6597e-05,8.13843e-05,5.02668e-05,7.18097e-05,7.42033e-05,0.000105321,
8.92693e-05,0.000120479,0.000182669,0.000326326,0.000792867,0.00262828,0.0701124,0.90188,0.0179594,0.00324789,0.00136543,0.000459427,0.000238893,0.00014664,8.81218e-05,7.52707e-05,6.54029e-05,6.65503e-05,7.41233e-05,8.05489e-05,
3.85337e-05,4.86259e-05,4.77084e-05,0.000100004,0.000168814,0.000416531,0.00146153,0.0344813,0.931143,0.028692,0.0022322,0.000567914,0.000234872,0.000124776,6.51404e-05,4.12861e-05,4.58735e-05,2.9359e-05,2.84416e-05,3.21114e-05,
3.06708e-05,2.77026e-05,4.05646e-05,5.34265e-05,0.000104874,0.000166216,0.000372996,0.00152167,0.0357987,0.922573,0.0366041,0.00182541,0.000467977,0.000149396,8.31079e-05,5.04584e-05,3.46283e-05,3.36389e-05,2.37451e-05,3.75964e-05,
5.39535e-05,4.94574e-05,5.45958e-05,7.38649e-05,9.50609e-05,0.000114972,0.00016443,0.000353267,0.00131158,0.0319225,0.95116,0.0130323,0.000844629,0.000260775,0.000136811,0.000104695,8.02879e-05,7.51495e-05,6.16611e-05,5.00997e-05,
4.87955e-05,4.68437e-05,6.83137e-05,6.24583e-05,5.07474e-05,0.000132724,0.000167857,0.00035328,0.000927115,0.00378263,0.049668,0.921771,0.0201311,0.00164343,0.000548462,0.000230315,0.000136627,9.36874e-05,6.44101e-05,7.22174e-05,
0.000100018,8.61262e-05,5.00088e-05,6.11218e-05,5.83435e-05,0.000105574,0.000138913,0.000269492,0.00052787,0.00122521,0.00365897,0.0314694,0.931905,0.0270575,0.00193089,0.00059177,0.000361174,0.0001917,0.000125022,8.61262e-05,
0.000121761,9.13208e-05,8.1174e-05,6.08805e-05,8.45563e-05,9.13208e-05,9.13208e-05,0.000226611,0.000338225,0.000618952,0.00154569,0.00321652,0.0357301,0.925357,0.0287627,0.00216802,0.000733949,0.000361901,0.000172495,0.000145437,
0.00011018,7.23053e-05,9.64071e-05,9.2964e-05,6.88622e-05,7.23053e-05,8.95209e-05,0.00011018,0.000230688,0.000330539,0.000778143,0.00105359,0.00273039,0.030864,0.92934,0.0307332,0.00203488,0.000681736,0.000316766,0.000192814,
0.000226769,0.000111741,0.000121601,0.000105168,9.8595e-05,9.2022e-05,8.21625e-05,0.000134747,0.000157752,0.000236628,0.00072303,0.0005357,0.00092022,0.00273108,0.0340613,0.936107,0.0207378,0.00182729,0.000644154,0.000345083,
0.000467984,0.000251991,0.000143995,0.000111269,0.000130905,0.000130905,0.000121087,0.000140722,0.000124359,0.000153813,0.00092615,0.000415622,0.000530164,0.000968694,0.00232356,0.0236446,0.947046,0.0200742,0.00160685,0.000687249,
0.000995358,0.000594055,0.000379184,0.00023067,0.000167473,0.000170633,0.00024331,0.000353905,0.000391824,0.000663572,0.00176953,0.000594055,0.000600375,0.00072045,0.00102064,0.00254053,0.0237938,0.940828,0.0218979,0.00204443,
0.00219947,0.0011562,0.000656076,0.000440969,0.000274261,0.000188219,0.000247373,0.000134442,0.000177463,0.000220485,0.000941093,0.000290394,0.000424836,0.000419459,0.0006023,0.00121535,0.00279639,0.0252213,0.938802,0.0235919,
0.0274234,0.00278934,0.00118403,0.000811526,0.000399111,0.00040798,0.000452326,0.000483368,0.000607536,0.00103769,0.00206208,0.000696228,0.00057206,0.000523279,0.000580929,0.000753877,0.00126385,0.00314854,0.0278225,0.92698,


0.931758,0.0258301,0.00328747,0.0012042,0.000740585,0.000439534,0.000252883,0.000222777,0.00018063,0.000240841,0.000620164,0.000168588,0.000198693,0.000222777,0.000282988,0.000379324,0.000740585,0.00113797,0.00282386,0.0292681,
0.0267432,0.935898,0.0220774,0.00239593,0.00118018,0.000737208,0.000559373,0.000559373,0.000582006,0.000934443,0.00208229,0.000501172,0.000397704,0.000300703,0.000274836,0.00029747,0.000430038,0.000646674,0.000982944,0.00241856,
0.00187519,0.0248016,0.942398,0.0220044,0.00266885,0.00106987,0.0006108,0.000400716,0.000280112,0.00026066,0.00100373,0.000151727,9.72611e-05,0.000147837,0.000163399,0.000147837,0.000186741,0.00035014,0.000486306,0.000894802,
0.000849025,0.00206247,0.0251994,0.938672,0.0254475,0.00290762,0.00104287,0.000690075,0.000302392,0.000314023,0.00080638,0.000151196,9.69206e-05,0.000131812,0.000124058,0.000127935,0.000124058,0.000213225,0.000325653,0.000410943,
0.000367481,0.000734962,0.00181043,0.0254068,0.937147,0.028178,0.00263642,0.00110919,0.00058325,0.000333767,0.000566393,0.000151712,9.77702e-05,9.10274e-05,7.75419e-05,8.7656e-05,0.000114627,0.000111256,0.000117998,0.000276454,
0.000201066,0.000359482,0.000642803,0.00204722,0.029965,0.935439,0.02492,0.00297944,0.00113633,0.000575781,0.000718964,0.000265042,0.000127951,0.000115765,7.3115e-05,7.00685e-05,8.53008e-05,7.92079e-05,9.13938e-05,0.000106626,
0.000116399,0.000175892,0.000336264,0.000620795,0.00173564,0.0249896,0.935166,0.0314303,0.00281944,0.000993272,0.000646662,0.000240558,0.000193998,0.000137092,7.50127e-05,6.98394e-05,5.69062e-05,6.20795e-05,6.72528e-05,6.72528e-05,
6.96453e-05,8.39316e-05,0.000141076,0.000251795,0.000505375,0.00148577,0.0273349,0.927021,0.0382853,0.00294653,0.000916104,0.000339298,0.00019465,0.000110718,7.50027e-05,5.35733e-05,4.46445e-05,4.8216e-05,5.00018e-05,4.28587e-05,
3.79198e-05,5.41712e-05,4.98375e-05,0.000100758,0.000160347,0.000371614,0.00125352,0.0323055,0.931585,0.030701,0.00226977,0.000566631,0.000204767,0.000105092,6.50054e-05,4.22535e-05,4.00867e-05,1.95016e-05,3.46696e-05,3.25027e-05,
2.07379e-05,1.62392e-05,2.56755e-05,3.2259e-05,5.93609e-05,0.000115101,0.000301084,0.00130759,0.0706118,0.916183,0.0100814,0.000816789,0.000199808,8.74504e-05,4.3012e-05,2.79797e-05,2.20546e-05,1.72267e-05,1.45934e-05,1.7117e-05,
5.14828e-05,5.85617e-05,6.11359e-05,7.01454e-05,8.75208e-05,0.000119698,0.000164102,0.000369389,0.0013038,0.0310525,0.951653,0.0134184,0.000818577,0.000281225,0.00014737,9.58868e-05,7.07889e-05,6.11359e-05,6.371e-05,5.14828e-05,
1.28387e-05,1.34806e-05,1.25177e-05,1.52781e-05,1.81668e-05,2.86945e-05,4.62194e-05,9.37226e-05,0.000299206,0.00128272,0.0712601,0.919354,0.00653593,0.00068379,0.000177431,7.51707e-05,3.55632e-05,2.29813e-05,1.91297e-05,1.34806e-05,
7.19976e-05,8.30742e-05,6.09211e-05,6.64594e-05,8.86125e-05,0.000132919,0.000168918,0.000235377,0.000539982,0.00117135,0.00359711,0.031391,0.931663,0.0273757,0.00195778,0.000659055,0.000296298,0.000177225,0.00016061,0.000102458,
0.000130233,0.000103519,0.000126894,0.000100179,0.000100179,0.000156948,0.000176983,0.000203698,0.000357306,0.000788077,0.00154944,0.00366322,0.0343348,0.92573,0.0291355,0.00191009,0.000697916,0.00034061,0.000237091,0.000156948,
0.000144336,0.000113407,0.000116843,8.93508e-05,6.87314e-05,0.000106534,8.93508e-05,0.000116843,0.000213067,0.000333347,0.000862579,0.00110657,0.00272176,0.0307435,0.928818,0.0312143,0.00193479,0.000649511,0.00034022,0.000216504,
0.000136335,7.93734e-05,7.02221e-05,6.76074e-05,6.7981e-05,6.44325e-05,6.70471e-05,8.90849e-05,0.000109255,0.00017126,0.000709318,0.00034308,0.000588857,0.00169915,0.0340699,0.946749,0.0133874,0.000917183,0.00037595,0.000237186,
0.000381415,0.000192395,0.000118137,0.000124888,0.00013839,0.000148516,0.000118137,0.000108011,0.00014514,0.00023965,0.00100586,0.000391541,0.000475925,0.000867467,0.00259227,0.0236174,0.945657,0.0212276,0.00172481,0.000725702,
0.000601016,0.000355461,0.000307934,0.00021189,0.000201989,0.000194068,0.000223772,0.000329717,0.000375264,0.00048913,0.00172879,0.000602997,0.000566361,0.000677257,0.000831719,0.00198028,0.0234911,0.947048,0.0182335,0.00154957,
0.00215731,0.00114118,0.000614884,0.000416871,0.000260544,0.000198014,0.00017717,0.000182381,0.000104218,0.000208435,0.000932748,0.000187592,0.000317864,0.000385605,0.000672204,0.00117245,0.00275656,0.0252155,0.939908,0.0229904,
0.0276053,0.00312218,0.00123721,0.000749077,0.000491198,0.000420589,0.000491198,0.000555668,0.000675398,0.000991607,0.00202005,0.000887227,0.000675398,0.000650838,0.000613998,0.000755217,0.00115739,0.00333401,0.0353786,0.918188,


0.931998,0.0267658,0.00324048,0.00140522,0.000690495,0.0005209,0.000321019,0.000254393,0.000205937,0.000230165,0.000702609,0.000163538,0.00026045,0.000211994,0.000327076,0.000375532,0.000611754,0.0010842,0.00278621,0.0278439,
0.0270378,0.935261,0.0231584,0.00244844,0.00117827,0.000833651,0.000603904,0.000525134,0.000505442,0.000856625,0.00138832,0.000466057,0.000387287,0.000311798,0.000301952,0.000315081,0.0004398,0.000423389,0.000882882,0.0026749,
0.00195687,0.0240611,0.944039,0.0213923,0.0025622,0.00113072,0.000582491,0.000407363,0.000243656,0.000224621,0.000814726,0.000178935,0.000125635,6.85284e-05,9.89854e-05,0.000144671,0.000205585,0.000342642,0.000525384,0.000894676,
0.000872765,0.00212335,0.0251251,0.938767,0.025178,0.00288655,0.00120525,0.00063096,0.000385377,0.000290922,0.000763197,0.000234249,0.000120903,9.06769e-05,0.000132237,0.000139794,0.000177576,0.000226692,0.000256918,0.000392933,
0.00036404,0.000731482,0.00203114,0.0248738,0.937409,0.028293,0.00261972,0.00114655,0.00051714,0.000313006,0.000554565,9.52627e-05,0.000139492,8.16538e-05,9.8665e-05,8.16538e-05,8.16538e-05,0.000132687,0.000190525,0.000244961,
0.000208104,0.000306035,0.000691639,0.00200147,0.0297405,0.935901,0.0250765,0.00279104,0.00106806,0.000578406,0.000636553,0.000183621,0.000119354,0.000113233,6.73277e-05,0.000131595,7.65088e-05,9.18105e-05,9.18105e-05,0.000125474,
0.000113977,0.000160604,0.000300485,0.000564705,0.00195834,0.0237383,0.935398,0.031823,0.00308516,0.00104911,0.00073049,0.000326389,0.000165785,0.000121748,8.80733e-05,6.73502e-05,8.54829e-05,5.18078e-05,6.47598e-05,0.000106206,
4.53695e-05,0.000103442,0.000128849,0.0002087,0.000504509,0.00154075,0.0267626,0.926834,0.0391049,0.00279476,0.00106709,0.000313957,0.000168775,0.000114331,6.71469e-05,6.53321e-05,4.17399e-05,4.35547e-05,4.71843e-05,4.35547e-05,
3.23275e-05,4.3873e-05,5.6573e-05,8.08186e-05,0.000157019,0.000378693,0.00128733,0.0304571,0.930944,0.0330802,0.00232758,0.000595749,0.00024592,9.69823e-05,5.54185e-05,3.57911e-05,3.81002e-05,2.77092e-05,2.19365e-05,3.69457e-05,
3.56575e-05,2.67431e-05,3.8629e-05,5.84387e-05,7.42865e-05,0.000157487,0.00038629,0.00156398,0.0340658,0.922727,0.0381506,0.00186707,0.000416004,0.000177297,7.3296e-05,5.74482e-05,4.25909e-05,3.76385e-05,1.68383e-05,2.67431e-05,
2.49271e-05,2.11147e-05,1.85046e-05,1.85315e-05,2.09328e-05,3.18362e-05,5.94862e-05,0.000171083,0.000960943,0.0594715,0.932082,0.00621808,0.000593051,0.000118541,4.88977e-05,2.9376e-05,2.66952e-05,2.82208e-05,2.88843e-05,2.76129e-05,
4.67897e-05,6.23863e-05,7.79829e-05,3.89914e-05,9.35795e-05,0.000109176,0.000196907,0.000358721,0.00095724,0.00373733,0.0466533,0.923432,0.021496,0.00157915,0.000536132,0.000270991,0.000111126,9.16299e-05,7.79829e-05,7.21342e-05,
8.60654e-05,3.88683e-05,8.05128e-05,6.3855e-05,8.05128e-05,9.43944e-05,0.000163802,0.000224881,0.000516393,0.00111885,0.003562,0.0305477,0.932289,0.0278658,0.00197951,0.000632997,0.000288736,0.00014992,0.000116605,9.9947e-05,
7.09502e-05,5.89432e-05,5.34855e-05,5.67601e-05,7.42248e-05,7.74994e-05,7.8591e-05,0.000146266,0.000227041,0.000390772,0.00141355,0.00140263,0.0182691,0.957991,0.0178794,0.000901613,0.000397321,0.00020521,0.00018447,0.000121161,
