0.931263,0.0237332,0.00300505,0.001361,0.000523926,0.000409505,0.000325195,0.000325195,0.000258952,0.000162598,0.000614258,0.000174642,0.00025293,0.000258952,0.000204753,0.00045166,0.00062028,0.00124056,0.00251123,0.0323027,
0.0269653,0.949954,0.0147331,0.0015331,0.00078188,0.000440766,0.000333449,0.000235714,0.000218467,0.000206968,0.00122265,0.000164808,0.00013223,0.000105401,0.000164808,0.000183972,0.000222299,0.000404355,0.000622821,0.00137404,
0.00176422,0.0246602,0.947795,0.0180824,0.00231776,0.000877253,0.000550306,0.000414348,0.000203937,0.000155381,0.000744532,0.000181277,0.000135958,0.000132721,0.000132721,0.000203937,0.00017804,0.000252493,0.000440245,0.000776903,
0.00135006,0.00314731,0.0404758,0.927432,0.018153,0.00267834,0.00134316,0.000865164,0.00061236,0.000391422,0.00104361,0.000224656,0.000163579,0.000165173,0.000165704,0.000186417,0.000226249,0.000305383,0.000404699,0.000666001,
0.000375389,0.000722177,0.00227378,0.0291266,0.935237,0.0255372,0.00291731,0.00109399,0.000618498,0.000350363,0.000496943,0.000153731,0.00013943,0.000110829,8.2228e-05,0.000110829,0.000128705,0.000117979,0.000189482,0.000218083,
0.00030578,0.000504386,0.00103791,0.00356353,0.0854596,0.887462,0.015368,0.00272121,0.00117221,0.000595819,0.00059046,0.000220711,0.000148704,0.000118561,0.000102485,0.00010282,9.24373e-05,0.000112197,0.000146024,0.000175162,
0.000238505,0.0003069,0.00056908,0.00145733,0.00527341,0.0764272,0.886704,0.0200997,0.00429616,0.00194531,0.00107064,0.000436674,0.000232367,0.000170987,0.000126267,0.00010873,0.000109169,0.000111361,0.000135913,0.000180632,
6.90536e-05,6.90536e-05,0.000127204,0.000238053,0.000506999,0.00144831,0.0318719,0.92835,0.0324752,0.00298021,0.000932224,0.000365257,0.000185354,9.086e-05,7.81396e-05,5.4516e-05,3.27096e-05,2.90752e-05,5.26988e-05,4.36128e-05,
4.4705e-05,4.35587e-05,6.5338e-05,8.71174e-05,0.000159333,0.000382858,0.00126893,0.0378514,0.929379,0.0273102,0.00228225,0.000539899,0.000223525,0.000123798,5.61678e-05,5.38752e-05,3.78273e-05,2.8657e-05,3.55347e-05,2.63645e-05,
8.75114e-05,0.000109834,0.000127415,0.000188653,0.000355577,0.000663743,0.00189582,0.00850105,0.0707859,0.893873,0.0195534,0.00205583,0.000767058,0.000357157,0.000213544,0.000130576,9.9364e-05,8.23753e-05,7.90171e-05,7.32883e-05,
0.000112521,0.000116809,0.000121319,0.000125385,0.000153946,0.000230513,0.000407821,0.00122021,0.0068882,0.0594434,0.923722,0.00554002,0.000811625,0.000322284,0.000189556,0.000134872,0.000120481,0.000112151,0.000108701,0.000118041,
5.58225e-05,4.61979e-05,4.23481e-05,8.27713e-05,6.5447e-05,0.000115495,0.000179017,0.000394607,0.00100673,0.00353222,0.0569043,0.916599,0.0181712,0.00175937,0.000475454,0.000225215,0.000130894,9.04709e-05,6.15972e-05,6.15972e-05,
0.000271126,0.000210459,0.0001672,0.000145883,0.00016647,0.00022771,0.000385476,0.000858983,0.00227888,0.00807848,0.0208844,0.0728782,0.873121,0.0159235,0.0020004,0.000864194,0.000486119,0.000383756,0.000347012,0.000321004,
0.00027063,0.000226865,0.000178574,0.000159325,0.000156083,0.000194311,0.000283058,0.000501953,0.00108245,0.00278526,0.00570654,0.00762486,0.0428857,0.919453,0.0151009,0.001383,0.000753739,0.000507153,0.000404358,0.000342695,
0.000290953,0.000232778,0.000189147,0.000161389,0.00015701,0.000177653,0.000228947,0.000338416,0.000612948,0.00128446,0.00295574,0.00253194,0.00341981,0.0337363,0.935818,0.0150544,0.00125154,0.000722964,0.000469231,0.000366799,
0.000385812,0.000287375,0.000224602,0.000185948,0.000179558,0.000190381,0.000255525,0.00034819,0.000535993,0.00090686,0.00229292,0.00137039,0.00176393,0.00258442,0.0340877,0.935529,0.0161329,0.00147151,0.000750597,0.000516409,
0.000606809,0.000427373,0.00032797,0.000281972,0.000259756,0.000302764,0.000387213,0.000471662,0.000698094,0.0011071,0.00265253,0.00124224,0.00126403,0.00163985,0.00292197,0.0235939,0.938611,0.0202118,0.00204074,0.000951584,
0.000804909,0.00052244,0.000368482,0.000292903,0.000230556,0.000225466,0.000255749,0.00030868,0.000373826,0.000488595,0.00184826,0.00058835,0.000680216,0.000817633,0.00135432,0.00275751,0.023547,0.945674,0.0172385,0.0016228,
0.00198925,0.00110094,0.000600081,0.000363829,0.000250428,0.000217352,0.000240978,0.000226802,0.000292953,0.000245703,0.00108204,0.000198452,0.000406354,0.000401629,0.000585906,0.00115764,0.00240505,0.0246837,0.943347,0.0202043,
0.027443,0.00312868,0.00128623,0.000705194,0.000476751,0.000536345,0.00051648,0.000501582,0.00058104,0.00103296,0.00191197,0.00081445,0.000730025,0.000730025,0.000610837,0.000819416,0.00124154,0.0036104,0.0309094,0.922414,


0.931136,0.024079,0.0030046,0.0013213,0.000802433,0.000386133,0.000355966,0.000283566,0.0002172,0.000229266,0.000711933,0.000229266,0.000211166,0.000241333,0.000247366,0.0005249,0.000621433,0.00120063,0.0026788,0.0315181,
0.0270442,0.946156,0.0149984,0.00153998,0.000920806,0.000629371,0.000525971,0.000414618,0.000412986,0.000502925,0.00162951,0.000281239,0.000246976,0.000212917,0.000218424,0.000255134,0.000355066,0.000528622,0.000888583,0.00223828,
0.00218929,0.0249031,0.945594,0.0186518,0.00242338,0.00111443,0.000540728,0.000441814,0.000319821,0.000211016,0.000975948,0.000121993,0.000154965,0.000115399,0.000204421,0.00017145,0.000201124,0.000286849,0.000553916,0.00082428,
0.00105261,0.00219081,0.0287286,0.935042,0.0247963,0.00314928,0.00118526,0.000667511,0.000389381,0.00031664,0.000735974,0.000183993,0.000115531,0.000106973,0.00011981,0.000102694,0.00015832,0.00019683,0.000269572,0.000492075,
0.000244679,0.000365972,0.00075704,0.0167218,0.963299,0.0143315,0.00116275,0.000560461,0.000324147,0.000232131,0.00122235,0.000121294,7.63314e-05,5.33274e-05,6.16925e-05,7.42401e-05,8.67878e-05,7.7377e-05,9.30616e-05,0.000133841,
0.000219633,0.000347478,0.00072446,0.00210454,0.0356788,0.930488,0.0237892,0.00310108,0.00126862,0.000629395,0.00060317,0.000203242,0.000144236,8.19524e-05,8.52305e-05,0.000108177,8.52305e-05,7.86743e-05,0.000111455,0.000147514,
0.00013465,0.000199385,0.000302962,0.000590388,0.00178411,0.0276239,0.935798,0.0277146,0.00304775,0.00110309,0.00067066,0.000305551,0.000214922,0.000103577,6.47355e-05,6.21461e-05,6.21461e-05,5.43778e-05,6.99143e-05,9.32191e-05,
6.17092e-05,6.17092e-05,0.000130678,0.000264987,0.000508194,0.00151914,0.031508,0.928648,0.0326351,0.00286585,0.000905674,0.000341216,0.000174238,9.25639e-05,7.62291e-05,6.17092e-05,3.26696e-05,2.72247e-05,4.17445e-05,4.35595e-05,
3.11824e-05,5.08158e-05,7.39139e-05,7.62237e-05,0.000166306,0.000389203,0.00133507,0.0366486,0.929827,0.0280099,0.00227285,0.000575143,0.000204418,0.000105096,7.39139e-05,4.61962e-05,3.58021e-05,2.4253e-05,2.54079e-05,2.88726e-05,
3.66424e-05,1.38647e-05,4.35748e-05,6.83331e-05,8.81398e-05,0.000170338,0.000409999,0.00155186,0.0411603,0.921434,0.0323325,0.00181627,0.000435748,0.000165386,8.61592e-05,5.54588e-05,4.75361e-05,2.97101e-05,2.97101e-05,2.47584e-05,
5.49329e-05,5.7518e-05,6.78583e-05,7.56136e-05,8.53076e-05,0.000116975,0.000168676,0.000350925,0.00133067,0.0368594,0.947477,0.0117802,0.000818824,0.000252692,0.000137656,0.000101464,7.75524e-05,6.91509e-05,5.10553e-05,6.65658e-05,
0.000206356,0.000165918,0.000133418,0.00012643,0.000149207,0.000245368,0.000533077,0.0013434,0.00502947,0.0320264,0.134735,0.801569,0.01857,0.00289722,0.000862712,0.00038283,0.000257826,0.00025182,0.000265765,0.000249203,
5.55648e-05,4.72301e-05,6.66778e-05,8.0569e-05,6.66778e-05,0.000133356,0.000169473,0.000272268,0.000563983,0.00116408,0.00356726,0.0349447,0.931516,0.0239762,0.00196144,0.000719564,0.000261155,0.000186142,0.000147247,0.000100017,
0.000138944,0.000101666,6.77775e-05,0.000105055,7.79442e-05,0.000101666,0.000115222,0.000230444,0.00030161,0.000491387,0.00157244,0.00334143,0.039416,0.924506,0.0258876,0.00202316,0.000738775,0.000328721,0.000220277,0.000233833,
0.000146834,8.87833e-05,8.19538e-05,9.56127e-05,8.53685e-05,8.19538e-05,9.90275e-05,0.000153663,0.000174152,0.000327815,0.000877588,0.000980031,0.00270106,0.0336147,0.930592,0.0266691,0.00192591,0.000686363,0.000416598,0.00020147,
0.000267204,0.000193297,9.38057e-05,7.67501e-05,8.24353e-05,8.24353e-05,7.95927e-05,0.000122232,0.000136445,0.000204667,0.00074476,0.000471871,0.000909631,0.00230535,0.033753,0.940305,0.0178231,0.0015151,0.000520195,0.000312686,
0.000380152,0.000204261,0.000181565,0.000141848,7.94346e-05,0.00010213,8.22716e-05,0.000107804,0.000173054,0.000156032,0.000913499,0.000303554,0.000445401,0.000785836,0.00228375,0.0235013,0.950217,0.0178302,0.00149224,0.000618456,
0.000725256,0.000413289,0.000311967,0.000215977,0.000189313,0.000258639,0.00025064,0.000258639,0.000383959,0.00047195,0.00144518,0.000509279,0.000538609,0.00059727,0.000941233,0.00212511,0.0232215,0.946846,0.0184194,0.00187713,
0.00192141,0.000879851,0.000546563,0.00040428,0.00035496,0.000380965,0.000468995,0.00056659,0.000775381,0.00121329,0.00293084,0.00107429,0.000803628,0.000773139,0.000816631,0.00112765,0.00240491,0.0251539,0.937359,0.0200442,
0.0219268,0.00268037,0.00134166,0.000864257,0.000663185,0.000551478,0.000526197,0.000502092,0.000562649,0.000705516,0.0016856,0.000593221,0.000579699,0.000574408,0.000731385,0.00103358,0.00186433,0.00393443,0.0376116,0.921067,


0.930548,0.0245633,0.00312527,0.00116466,0.000725719,0.000526732,0.000316039,0.000175577,0.000251661,0.000257513,0.000643783,0.000169725,0.000169725,0.000198988,0.000269218,0.000392122,0.000637931,0.00125245,0.00287947,0.0317327,
0.0269372,0.937958,0.021332,0.002386,0.00103835,0.00056494,0.000457633,0.000438696,0.00049235,0.000760617,0.00170113,0.00049235,0.000356638,0.000334545,0.000328233,0.000344014,0.000381887,0.00058072,0.000921578,0.00219348,
0.00186081,0.0246825,0.947271,0.018165,0.00234052,0.000983876,0.00059277,0.000400273,0.000250552,0.000152776,0.00119165,0.000113054,9.77765e-05,9.4721e-05,0.000113054,0.000164998,0.000189442,0.000259719,0.000363606,0.000711935,
0.000898299,0.00217483,0.0295321,0.934162,0.025032,0.00319347,0.00131951,0.000545856,0.000429808,0.000322356,0.000752164,0.000137539,0.000150433,0.000128942,7.73654e-05,0.000120346,0.000137539,0.000167625,0.000270779,0.000447,
0.000544023,0.00101058,0.00277378,0.0559864,0.915785,0.0168743,0.00238297,0.00119538,0.000650491,0.000449241,0.000733155,0.000220293,0.000170954,0.00011772,0.000125078,0.00013633,0.000135465,0.000152344,0.000241932,0.000315075,
0.000190539,0.00032523,0.0007523,0.00197438,0.0354599,0.931147,0.0238141,0.00305848,0.00112024,0.000607753,0.000545335,0.000187254,0.000151117,0.000111695,6.24179e-05,8.54139e-05,6.5703e-05,0.00010184,7.88436e-05,0.000160972,
0.000109386,0.000155571,0.000289265,0.000595545,0.00181094,0.0286129,0.935637,0.0271933,0.00297286,0.00104524,0.000644161,0.000235787,0.000155571,0.000119109,5.83391e-05,7.29239e-05,5.83391e-05,7.53547e-05,7.77855e-05,8.02162e-05,
6.17689e-05,7.05931e-05,0.000151775,0.000220603,0.000520624,0.0015707,0.0309445,0.927819,0.0339235,0.00279372,0.000983008,0.000344141,0.000172953,0.000109419,6.17689e-05,6.52986e-05,5.82393e-05,3.70614e-05,3.70614e-05,5.47096e-05,
3.69787e-05,3.46675e-05,6.1246e-05,8.66688e-05,0.00016756,0.000397521,0.00130928,0.0358751,0.929935,0.0286516,0.00237357,0.000550058,0.000190671,0.000123648,4.96901e-05,4.27566e-05,3.81343e-05,2.08005e-05,1.84894e-05,3.69787e-05,
3.17096e-05,2.87369e-05,4.16189e-05,6.63921e-05,8.81924e-05,0.000154584,0.000381507,0.00155674,0.040074,0.922006,0.0329651,0.00174601,0.000439971,0.000148639,7.82832e-05,6.14374e-05,3.66643e-05,3.27006e-05,2.27913e-05,3.86461e-05,
4.5328e-05,5.50412e-05,5.50412e-05,6.92871e-05,8.80658e-05,0.000115263,0.00018196,0.000389173,0.00133653,0.0361679,0.947981,0.0119685,0.000793888,0.000281681,0.000137927,9.51888e-05,6.54018e-05,6.86396e-05,5.56887e-05,4.85657e-05,
5.3399e-05,4.57706e-05,3.62351e-05,6.10275e-05,8.7727e-05,0.000125869,0.00015829,0.000335651,0.000953554,0.00373603,0.0542382,0.918307,0.0190177,0.00172593,0.000507291,0.000226946,0.000146847,9.72625e-05,8.20057e-05,5.72133e-05,
6.92864e-05,5.82006e-05,6.6515e-05,8.31437e-05,7.76008e-05,0.000144116,0.000135801,0.000271603,0.000521034,0.00116678,0.00373038,0.0341776,0.931079,0.0251066,0.00195665,0.00064575,0.000318718,0.000177373,0.000121944,9.14581e-05,
0.000124611,0.000117875,0.000114507,8.75642e-05,9.76678e-05,9.09321e-05,0.000138082,0.000259325,0.000380567,0.000798181,0.00167719,0.0033948,0.0378042,0.925584,0.0257203,0.0020847,0.000710617,0.000373832,0.000276164,0.000165025,
0.00011013,9.98056e-05,9.6364e-05,7.91561e-05,8.25977e-05,9.6364e-05,0.000117013,0.000134221,0.000247793,0.000330391,0.000822535,0.00110819,0.00281865,0.0337102,0.929589,0.0275567,0.00181027,0.000622924,0.00035104,0.000216819,
0.000178221,0.000149932,0.000115985,8.48671e-05,0.000121643,8.7696e-05,7.63804e-05,9.61827e-05,0.000169734,0.000234799,0.00103538,0.000537491,0.000843013,0.00236779,0.0338591,0.93928,0.0183115,0.00152761,0.000625187,0.000297035,
0.00036427,0.000300159,0.000166107,0.000107824,0.000101996,0.000128223,0.000101996,9.32531e-05,0.000125309,0.000154451,0.00116275,0.000352613,0.000440038,0.00083345,0.00210985,0.0231355,0.950506,0.0176482,0.0015649,0.000603231,
0.000781055,0.000488159,0.000307183,0.000171451,0.000157163,0.000147638,0.000235745,0.000238126,0.000290514,0.00041434,0.00154306,0.000492922,0.000442915,0.000638179,0.000862018,0.00222648,0.0234007,0.946288,0.0189572,0.00191692,
0.00223968,0.00105065,0.000533014,0.000353634,0.000230631,0.000220381,0.00019988,0.000174254,0.000164004,0.000143504,0.0010609,0.000281882,0.000363884,0.000374134,0.000635516,0.00115315,0.0028137,0.0251746,0.940241,0.0225916,
0.0275887,0.00343234,0.00116979,0.000678766,0.00047658,0.000404371,0.000495836,0.000471766,0.000847254,0.00107351,0.00208444,0.000799114,0.000746161,0.000707649,0.000582487,0.000832812,0.00148269,0.00358157,0.030583,0.921961,


0.931369,0.024279,0.00347447,0.00134145,0.000561957,0.000459234,0.000284,0.000229617,0.000205447,0.000217532,0.000688851,0.000157106,0.000163149,0.000138979,0.000217532,0.000284,0.000628425,0.0013354,0.00276749,0.0311977,
0.0269795,0.952574,0.0133581,0.00111567,0.000644639,0.000479566,0.000317339,0.000186419,0.000136612,0.000162227,0.00126509,9.6767e-05,9.819e-05,0.000125228,0.000136612,0.000147997,0.000217726,0.000374261,0.000480989,0.00110286,
0.0018195,0.024626,0.951871,0.0140664,0.00146807,0.000841019,0.000554266,0.000399183,0.000274003,0.000248736,0.00139111,0.000167369,0.000125643,0.000130743,0.00015207,0.000153924,0.000210255,0.000292548,0.000451109,0.00075687,
0.00105451,0.0021925,0.0283927,0.93506,0.0250358,0.00316353,0.00126102,0.000645887,0.000395441,0.000329534,0.000738157,0.000153783,0.00012742,0.000101057,0.000114239,0.000171358,0.000166964,0.000175752,0.000276809,0.000443773,
0.00036531,0.000687642,0.0019913,0.0275737,0.935064,0.0274233,0.00306932,0.0011604,0.000673316,0.000333077,0.000540802,0.000150422,0.000118188,0.000118188,6.80479e-05,7.16294e-05,8.59553e-05,0.000107444,0.000204144,0.000193399,
0.000150806,0.000324561,0.000747475,0.00200966,0.0341117,0.931763,0.024447,0.00290466,0.00131792,0.000583555,0.000547493,0.000222931,0.000140971,0.000108187,0.000114744,9.83519e-05,9.50735e-05,9.50735e-05,0.000118022,9.83519e-05,
0.000145013,0.000142423,0.000297794,0.000613715,0.00185409,0.0266616,0.935583,0.0289792,0.00304268,0.00108501,0.000624073,0.000256362,0.000132065,0.000137244,5.69693e-05,8.28644e-05,6.47378e-05,4.92007e-05,8.54539e-05,0.00010617,
6.35736e-05,6.701e-05,0.000139175,0.000273194,0.000505152,0.00157216,0.0308108,0.927832,0.0339792,0.00279724,0.00105326,0.000312713,0.000154638,0.000118556,8.07556e-05,5.15461e-05,3.43641e-05,4.63915e-05,5.15461e-05,5.67007e-05,
4.26666e-05,4.03603e-05,4.49729e-05,8.99459e-05,0.000162595,0.000397838,0.00127193,0.0349071,0.930508,0.0291298,0.0022844,0.00057081,0.000219099,9.34054e-05,5.76576e-05,4.15135e-05,2.76757e-05,4.03603e-05,2.88288e-05,4.15135e-05,
3.76537e-05,4.65717e-05,2.97266e-05,6.44076e-05,8.91798e-05,0.000181332,0.000359692,0.00162406,0.0389785,0.922483,0.0335405,0.00174495,0.000364646,0.000169442,8.42254e-05,5.64805e-05,3.86446e-05,3.76537e-05,3.4681e-05,3.4681e-05,
7.36521e-05,5.87924e-05,7.04217e-05,7.10678e-05,8.26971e-05,0.000122107,0.000183484,0.000384412,0.00132897,0.034988,0.948683,0.0123684,0.000809527,0.000264243,0.000129214,8.91578e-05,8.26971e-05,8.59274e-05,6.13767e-05,6.26689e-05,
5.23749e-05,4.0736e-05,5.81943e-05,5.04351e-05,6.98332e-05,0.000110569,0.000182342,0.000380203,0.000997063,0.00369922,0.0528482,0.919529,0.0191013,0.00171479,0.000508231,0.000234717,0.000182342,0.00010475,8.34119e-05,5.23749e-05,
7.20993e-05,8.59645e-05,6.10071e-05,7.20993e-05,8.87375e-05,0.000102603,0.000160837,0.000282851,0.000565702,0.00118964,0.00346631,0.0332516,0.931678,0.0255453,0.00208811,0.000629482,0.00029117,0.000180248,9.42836e-05,9.42836e-05,
0.000111841,8.13386e-05,0.000118619,0.000118619,6.10039e-05,0.000122008,0.000183012,0.000206736,0.000284685,0.000488031,0.00138614,0.00331794,0.0382833,0.925036,0.0267299,0.00204363,0.000735436,0.000311798,0.000244016,0.000135564,
0.000172758,6.56481e-05,8.63791e-05,5.52826e-05,6.91032e-05,6.56481e-05,8.29239e-05,0.000176213,0.00022113,0.000300599,0.000697943,0.000974356,0.00258792,0.0323956,0.930489,0.0285155,0.00178632,0.000656481,0.00042153,0.000179668,
0.00013974,0.000161005,8.20212e-05,7.89834e-05,7.29078e-05,0.000121513,7.29078e-05,0.000115437,0.000179232,0.000258215,0.000716926,0.000410106,0.000923498,0.00244241,0.0334647,0.939043,0.0191504,0.00164346,0.000577187,0.000346312,
0.000384677,0.000285502,0.000198349,9.31639e-05,9.91744e-05,8.4148e-05,7.21269e-05,0.00010218,0.000126222,0.000198349,0.00114201,0.000366645,0.000510899,0.000814433,0.00201955,0.0235885,0.949133,0.0187079,0.00138243,0.000691216,
0.000938057,0.000500488,0.000343191,0.000283133,0.000205915,0.000245954,0.000245954,0.000300293,0.000366071,0.000660644,0.0017417,0.000640624,0.000600585,0.000652064,0.00114683,0.00239376,0.0233456,0.944506,0.0190271,0.00185609,
0.00217292,0.00100766,0.000487115,0.000272212,0.000181474,0.000257885,0.000143269,0.000133718,0.000191026,0.000176699,0.00108407,0.000205353,0.000300865,0.000439359,0.000678141,0.00106497,0.00286061,0.0244799,0.942988,0.0208743,
0.0138143,0.000896786,0.000462996,0.000297211,0.000257697,0.000182965,0.000141733,0.000169221,0.000164926,0.000239658,0.0016381,0.000203581,0.000201863,0.00019585,0.000320404,0.000324698,0.000466432,0.000949185,0.0141665,0.964906,


0.915481,0.0194307,0.00254806,0.00127186,0.000839114,0.000648532,0.000508351,0.000488663,0.000523708,0.000624118,0.00129155,0.000401247,0.000361083,0.000350057,0.000420935,0.00056781,0.000833601,0.00135692,0.00363288,0.0484198,
0.0270348,0.941911,0.0187829,0.00200092,0.000943363,0.000494025,0.000466717,0.000417066,0.000429479,0.000583396,0.00172536,0.00034259,0.000280526,0.000315282,0.000215981,0.000270596,0.00038231,0.000511402,0.00086144,0.00203071,
0.00134719,0.0246671,0.951452,0.0160806,0.00170059,0.000685376,0.000434785,0.000267725,0.000242023,0.00013065,0.00110303,0.000102806,6.63958e-05,7.06794e-05,0.00010709,0.000115657,0.000186337,0.000278434,0.000327695,0.000633973,
0.000827276,0.00218138,0.0270408,0.93653,0.0249418,0.00309508,0.00141172,0.000625602,0.000415696,0.000238717,0.000819045,0.000160516,0.000168748,0.000172864,0.000139937,0.000102895,0.000189327,0.000193443,0.000263411,0.000481549,
0.000380017,0.000860416,0.00195028,0.027121,0.935533,0.0275046,0.00295051,0.00111496,0.000609461,0.000362092,0.000527004,0.000175668,0.000125477,0.000111137,7.88714e-05,0.000111137,6.09461e-05,0.000100382,0.000143403,0.000179253,
0.000207041,0.000354928,0.00063427,0.00208356,0.0331726,0.932564,0.0243356,0.00317792,0.00123239,0.000532392,0.000637556,0.000207041,0.000167605,9.85911e-05,0.000111737,8.54456e-05,5.91547e-05,0.00010845,0.000121596,0.00010845,
9.85298e-05,0.000171131,0.000339669,0.000606736,0.00186429,0.0258096,0.935587,0.0298156,0.00301035,0.00104753,0.000674151,0.000254103,0.000152981,0.000119273,5.44507e-05,7.77867e-05,5.18578e-05,8.03796e-05,0.000101123,8.29725e-05,
8.03184e-05,8.74578e-05,0.000116015,0.000269513,0.000501544,0.00148321,0.029816,0.927624,0.0353312,0.00282899,0.000938833,0.000346262,0.000201688,9.45972e-05,5.89002e-05,3.03425e-05,4.46213e-05,5.71153e-05,4.10516e-05,4.81911e-05,
3.69613e-05,3.46512e-05,5.54419e-05,9.70233e-05,0.000172101,0.000367303,0.00130751,0.0340217,0.93047,0.0299398,0.00235744,0.00056597,0.000195202,0.000117814,6.12171e-05,5.08218e-05,5.19768e-05,2.19458e-05,3.81163e-05,3.69613e-05,
2.18031e-05,3.56778e-05,4.55882e-05,6.83824e-05,8.32481e-05,0.000180371,0.000400384,0.00155396,0.037977,0.922441,0.0344964,0.00185227,0.000374616,0.000188299,8.32481e-05,5.74808e-05,3.9642e-05,3.56778e-05,2.47762e-05,4.0633e-05,
5.43436e-05,5.56375e-05,5.56375e-05,6.92234e-05,8.34563e-05,0.000127449,0.000183086,0.000347411,0.00134759,0.0339861,0.949704,0.0124389,0.000767927,0.000285951,0.000124214,0.000106099,7.69868e-05,7.76338e-05,5.30497e-05,5.56375e-05,
3.51502e-05,3.7103e-05,6.44421e-05,7.61588e-05,6.05365e-05,0.000111309,0.000175751,0.000384699,0.000974442,0.00360875,0.0525418,0.919715,0.0194127,0.0017165,0.000505772,0.000197232,0.000148412,9.56867e-05,8.20172e-05,5.66309e-05,
7.74598e-05,7.46933e-05,8.29926e-05,6.08612e-05,8.02262e-05,0.000105124,0.000165985,0.000257277,0.000489656,0.00125319,0.003707,0.033114,0.931418,0.0258301,0.0018535,0.000699904,0.000362401,0.000165985,0.000113423,8.85254e-05,
0.000128716,9.48432e-05,0.000101618,7.45197e-05,8.46815e-05,0.000128716,0.00013549,0.000193074,0.000328564,0.000579221,0.00143281,0.00318741,0.0366434,0.925619,0.027745,0.00211026,0.000691001,0.000379373,0.000203236,0.000138878,
0.000151996,6.56345e-05,6.218e-05,6.218e-05,7.25434e-05,8.29067e-05,0.000110542,0.000176177,0.000231448,0.000262538,0.000804886,0.0010467,0.00266683,0.0325823,0.929343,0.0289863,0.00198285,0.000708161,0.000335081,0.000265992,
0.000226487,0.000124103,7.75641e-05,8.37692e-05,9.92821e-05,8.68718e-05,9.30769e-05,0.000105487,0.000164436,0.00025441,0.000611205,0.000508821,0.000986616,0.00247274,0.0338583,0.937995,0.0195027,0.00170021,0.000642231,0.000406436,
0.000340518,0.000265211,0.000176807,9.49521e-05,0.000121146,0.000127694,9.82264e-05,9.82264e-05,0.00014734,0.000137517,0.00101501,0.000386357,0.000478035,0.00102155,0.0022854,0.0233484,0.947639,0.01975,0.00171896,0.000749795,
0.000909464,0.000486885,0.000284782,0.000293968,0.000205165,0.000217414,0.000208227,0.000248036,0.000431766,0.000676739,0.00171788,0.000545066,0.000566501,0.000695112,0.000952334,0.00247729,0.0234317,0.941231,0.0223048,0.00211596,
0.00236641,0.001071,0.000550801,0.000418201,0.000234601,0.0001887,0.0001377,0.0001122,0.0001836,0.0001632,0.000989402,0.000285601,0.000377401,0.000469201,0.000637501,0.001173,0.00272341,0.0250054,0.941406,0.0215067,
0.0266362,0.00325507,0.00132971,0.000742459,0.000507557,0.000469805,0.000553698,0.000562088,0.000574672,0.000897662,0.0020512,0.000872494,0.000658565,0.000557893,0.000645981,0.000780211,0.00132971,0.00341867,0.0370139,0.917142,


0.931987,0.0252872,0.00290241,0.00139678,0.000743742,0.000477688,0.000266054,0.000211634,0.000211634,0.000193494,0.000713508,0.0001814,0.000193494,0.000187447,0.000272101,0.000405128,0.000574435,0.00119724,0.00267868,0.029919,
0.0270329,0.943428,0.0181509,0.00179812,0.000888883,0.000572232,0.000411646,0.000416169,0.00042974,0.000597112,0.00168277,0.000368672,0.000237488,0.00023975,0.000257844,0.000208085,0.00030308,0.000484023,0.000664966,0.00182753,
0.00216294,0.0246922,0.942808,0.0215347,0.00267604,0.00121567,0.000643356,0.000367068,0.000307864,0.000236818,0.00087228,0.000193401,0.000138144,0.000126303,0.000122356,0.000197348,0.000197348,0.000256553,0.000402591,0.000848598,
0.00105458,0.00255951,0.0374432,0.92562,0.0253549,0.00293481,0.00113714,0.000724319,0.000446601,0.00026646,0.000532919,0.000153871,0.000131353,0.000135106,0.0001276,0.000153871,0.000150118,0.000240189,0.000334013,0.000499142,
0.000376011,0.000705469,0.00205195,0.0269188,0.934868,0.0282975,0.00307255,0.00124263,0.000569388,0.000297228,0.00057655,0.000139661,0.000114594,9.31075e-05,6.80401e-05,8.59454e-05,7.16212e-05,0.00013608,0.000103851,0.000211282,
0.000212343,0.000405086,0.000689299,0.0020189,0.0324461,0.932651,0.0251219,0.00302834,0.00121199,0.000617429,0.000591295,0.000189476,0.000147007,0.000153541,9.47378e-05,8.49373e-05,7.84037e-05,6.20696e-05,8.82042e-05,0.000107805,
9.59887e-05,0.0001816,0.000280183,0.000601875,0.00164219,0.026057,0.934948,0.0305192,0.00298343,0.0010896,0.000705647,0.000233486,0.000173817,8.82058e-05,7.00458e-05,5.44801e-05,4.15086e-05,7.00458e-05,7.78287e-05,8.56116e-05,
3.98846e-05,7.79562e-05,0.000146848,0.000251998,0.000567448,0.00153918,0.0285193,0.927691,0.0362424,0.00293695,0.00105331,0.000326328,0.00017948,0.000125092,6.52656e-05,5.98268e-05,2.35681e-05,3.44458e-05,5.80139e-05,6.16398e-05,
3.00586e-05,3.81513e-05,4.50879e-05,0.000105205,0.000206942,0.000409259,0.00135842,0.0332714,0.930261,0.0307858,0.00237347,0.00058383,0.000218503,0.000106361,6.47415e-05,3.93074e-05,3.93074e-05,2.77464e-05,1.84976e-05,1.73415e-05,
3.56331e-05,3.06841e-05,4.35516e-05,6.43376e-05,9.20522e-05,0.00015639,0.000404832,0.00157083,0.036807,0.922846,0.0352639,0.001845,0.000395924,0.000178166,8.11643e-05,5.14701e-05,4.75108e-05,3.16739e-05,3.26637e-05,2.0786e-05,
6.08308e-05,5.43594e-05,6.53607e-05,7.18321e-05,7.76563e-05,0.000112602,0.000184434,0.000335863,0.00132533,0.0328583,0.950515,0.0126968,0.00086975,0.000273091,0.000139781,8.80104e-05,7.89506e-05,7.31263e-05,5.88893e-05,5.95365e-05,
5.27989e-05,6.4532e-05,5.671e-05,5.671e-05,7.62651e-05,0.000111464,0.000197507,0.000430213,0.000962114,0.00369201,0.0507789,0.920841,0.0198954,0.00162112,0.000541678,0.000224884,0.000156441,0.000107553,6.4532e-05,6.84431e-05,
7.20955e-05,6.93226e-05,6.93226e-05,8.04142e-05,7.76413e-05,0.000124781,0.00017192,0.000293928,0.000501895,0.00124226,0.00366023,0.0320076,0.931565,0.026789,0.00189944,0.000648859,0.000313338,0.000169147,0.000124781,0.000119235,
0.000131439,7.41452e-05,0.000131439,8.42559e-05,6.06643e-05,0.000121329,0.000131439,0.000192104,0.000374096,0.000643715,0.00166827,0.00369041,0.0365772,0.924486,0.0280336,0.00213336,0.000744822,0.000370726,0.000229176,0.000121329,
0.000102898,7.29958e-05,5.4527e-05,2.90224e-05,5.80448e-05,7.21163e-05,7.73931e-05,7.29958e-05,0.000127523,0.000211952,0.00121542,0.000491622,0.00101491,0.015549,0.963202,0.0163053,0.000641132,0.000334198,0.000227782,0.000138956,
0.000198355,0.000116494,0.000119642,7.24152e-05,8.18606e-05,8.81576e-05,0.0001039,0.000125939,0.000147979,0.000182612,0.000865834,0.000428194,0.000872131,0.0024936,0.0334841,0.938195,0.0198544,0.0016624,0.000617103,0.000289661,
0.00039334,0.000274347,0.000201628,0.000145437,0.000115688,9.25507e-05,7.93291e-05,8.92453e-05,0.000112383,0.000158658,0.00113705,0.000323927,0.000416478,0.000948644,0.00242284,0.0235046,0.947385,0.0198786,0.00158328,0.0007371,
0.000893842,0.000407042,0.000310782,0.000253026,0.00019252,0.000187019,0.000244775,0.00039054,0.000420793,0.000550057,0.00174918,0.000605062,0.000495051,0.000737076,0.00111386,0.00255226,0.0233306,0.943578,0.0200551,0.00193345,
0.00229983,0.00100104,0.000580091,0.000343948,0.00023101,0.000195075,0.000195075,0.000164274,0.000102671,0.000256677,0.000949707,0.000215609,0.00031828,0.000482554,0.000734098,0.00112938,0.00281319,0.024795,0.940831,0.0223617,
0.0273039,0.00286843,0.00137616,0.000554765,0.000460154,0.000421449,0.00043005,0.00042575,0.000584868,0.000786992,0.00177611,0.000554765,0.000460154,0.000563366,0.00051606,0.000752588,0.00121274,0.00287704,0.0279619,0.928113,


0.931047,0.0259743,0.00312077,0.00143664,0.000754539,0.000446687,0.000307852,0.000265598,0.000241453,0.00022938,0.000609668,0.000241453,0.000193162,0.000181089,0.000283707,0.000350106,0.000609668,0.00120726,0.00280689,0.0296926,
0.0268236,0.940976,0.0193426,0.00215121,0.000975215,0.000704033,0.000435457,0.000357231,0.000479785,0.000604946,0.00168446,0.000485,0.000305081,0.000299866,0.000255538,0.00026336,0.000354624,0.000547581,0.000816156,0.00213817,
0.00146911,0.0245798,0.950211,0.0165465,0.00183812,0.000928587,0.000502407,0.000296247,0.00021309,0.000169779,0.00110703,0.000129933,0.000121271,0.000124736,0.0001282,0.000155919,0.000185371,0.000289317,0.000393264,0.000609818,
0.000803264,0.00219038,0.0278539,0.93591,0.0253214,0.00281886,0.00123093,0.000673105,0.00046857,0.000301224,0.000821858,0.000115283,0.00012644,0.000100408,0.000100408,0.000130158,0.00012644,0.000178503,0.000319818,0.000409069,
0.000343667,0.000787571,0.00208348,0.0259469,0.935519,0.0287678,0.00284599,0.0011026,0.000698074,0.000318608,0.000468963,0.000196893,8.94967e-05,6.80175e-05,7.15973e-05,0.000103816,0.000110976,8.94967e-05,0.000125295,0.00026133,
0.000182014,0.000293777,0.000740828,0.00198299,0.0316065,0.933645,0.0251339,0.0030655,0.0012262,0.000533269,0.000632259,0.000213946,0.000121343,9.899e-05,8.62171e-05,5.10916e-05,7.98306e-05,7.98306e-05,8.62171e-05,0.000140502,
0.000107843,0.000174946,0.000309151,0.000625491,0.00173748,0.0262371,0.934745,0.0302968,0.00304358,0.00106405,0.000651853,0.000289979,0.000153377,0.000100654,7.90851e-05,8.14816e-05,5.03269e-05,7.18955e-05,7.42921e-05,0.000105447,
8.928e-05,0.000120494,0.000182462,0.000326136,0.000793192,0.0026286,0.070105,0.901886,0.0179604,0.00324828,0.00136514,0.000459712,0.000238922,0.000146658,8.81325e-05,7.52798e-05,6.54108e-05,6.63289e-05,7.41323e-05,8.05586e-05,
3.8537e-05,4.863e-05,4.67949e-05,0.000100013,0.000168829,0.000414731,0.00146073,0.0344594,0.931159,0.0287018,0.00223147,0.000566126,0.000234892,0.000126621,6.51458e-05,4.0372e-05,4.58773e-05,2.93615e-05,2.93615e-05,3.21141e-05,
3.07041e-05,2.77327e-05,4.06086e-05,5.34845e-05,0.000103998,0.000166396,0.000373401,0.00152233,0.0358019,0.922572,0.0365963,0.00182937,0.000466504,0.000149559,8.41886e-05,5.05132e-05,3.56563e-05,3.36754e-05,2.37709e-05,3.76373e-05,
5.4281e-05,5.04038e-05,5.36348e-05,7.23747e-05,9.30532e-05,0.000114378,0.000164135,0.000355411,0.00131955,0.0319877,0.951081,0.0130572,0.000840064,0.000259127,0.000135703,0.000102746,7.75443e-05,7.23747e-05,6.07431e-05,4.91114e-05,
4.89151e-05,4.69585e-05,6.84811e-05,6.26113e-05,5.28283e-05,0.000131092,0.000168268,0.000350232,0.000923516,0.00379777,0.049369,0.922039,0.020153,0.00164355,0.000549805,0.000230879,0.000136962,9.39169e-05,6.26113e-05,7.04377e-05,
0.000100077,8.33975e-05,5.00385e-05,6.11582e-05,5.83783e-05,0.000105637,0.000138996,0.000269652,0.000530964,0.00122316,0.00366115,0.0314381,0.93192,0.0270764,0.00192926,0.000592122,0.000358609,0.000191814,0.000125096,8.61774e-05,
0.000122436,9.18271e-05,8.1624e-05,6.1218e-05,8.1624e-05,9.18271e-05,9.18271e-05,0.000224466,0.000343501,0.000618982,0.00154746,0.00323775,0.0356289,0.925433,0.0287487,0.00218004,0.000734616,0.000360506,0.000173451,0.000146243,
0.000110426,7.2467e-05,9.66227e-05,8.97211e-05,6.90162e-05,7.2467e-05,8.62703e-05,0.000110426,0.000231204,0.000331278,0.000755727,0.0010525,0.00273304,0.0307191,0.929493,0.0307467,0.00204288,0.00067981,0.000314024,0.000193245,
0.000227519,0.000112111,0.000122003,0.000105516,9.89211e-05,8.9029e-05,8.24342e-05,0.000131895,0.000158274,0.000237411,0.000708935,0.000537471,0.000919966,0.00273682,0.0340915,0.936077,0.0207339,0.00183664,0.000646285,0.000346224,
0.000473003,0.000252925,0.000144529,0.000111681,0.000128105,0.00013139,0.000121535,0.000141244,0.00012482,0.000154383,0.000929582,0.000413877,0.000528843,0.000968999,0.00232231,0.0234958,0.947185,0.0200731,0.00161281,0.000686511,
0.00100488,0.000601648,0.000384031,0.000230418,0.000169614,0.000172814,0.00024642,0.000355228,0.000396832,0.000668854,0.00174094,0.000598448,0.000604848,0.000723258,0.00103048,0.0025602,0.0235379,0.940981,0.0219314,0.00206096,
0.00221545,0.00115095,0.000653828,0.000437686,0.000270177,0.000189124,0.000248563,0.000135088,0.000178317,0.000221545,0.000945619,0.000280984,0.000421476,0.000416072,0.000605196,0.0012212,0.00280444,0.0249049,0.939086,0.0236135,
0.0274312,0.00279203,0.0011915,0.000813601,0.000400132,0.000400132,0.000453482,0.000484604,0.000609089,0.00104034,0.00208068,0.000698007,0.000573522,0.000524617,0.000573522,0.000755804,0.00125819,0.00314326,0.0276802,0.927096,


0.931882,0.0258049,0.00326553,0.00119294,0.000747096,0.000445848,0.000259074,0.000222924,0.000180749,0.000240999,0.000614547,0.000168699,0.000192799,0.000222924,0.000283173,0.000379573,0.000722996,0.00113872,0.00282571,0.029209,
0.026741,0.935872,0.022104,0.00239452,0.00118432,0.000731299,0.000553328,0.000556564,0.000585687,0.000938393,0.00209682,0.000501555,0.000398008,0.000297697,0.000275046,0.000300933,0.000430366,0.000643932,0.000977223,0.00241717,
0.0018711,0.0247608,0.942452,0.0219815,0.00267021,0.00107198,0.000615903,0.000397608,0.000280665,0.000261174,0.00100961,0.000148129,9.7453e-05,0.000155925,0.000163721,0.000148129,0.000183212,0.000350831,0.000483367,0.000896567,
0.000855229,0.00206421,0.0251126,0.938711,0.0254819,0.00291944,0.00104182,0.000691958,0.000307105,0.000318767,0.000793031,0.000151609,9.71851e-05,0.000132172,0.000124397,0.000128284,0.000124397,0.000213807,0.000326542,0.00040429,
0.000364888,0.000733155,0.00180417,0.0252922,0.937229,0.0282113,0.00263193,0.00111494,0.000591254,0.00033786,0.000570983,0.000152037,9.46007e-05,9.12221e-05,7.43291e-05,8.78435e-05,0.000111494,0.000111494,0.000118251,0.000277045,
0.00020141,0.000363149,0.000646955,0.00205072,0.0299278,0.935445,0.0249444,0.00298454,0.00113217,0.000570663,0.000714092,0.000268547,0.000134274,0.000115964,7.32402e-05,7.01885e-05,8.54469e-05,7.62918e-05,9.15502e-05,0.000103757,
0.00011656,0.000173545,0.00033673,0.000621655,0.00173027,0.0248843,0.935283,0.0314221,0.00281817,0.000992058,0.000647558,0.000240891,0.000194267,0.000137282,7.77069e-05,6.99362e-05,5.69851e-05,6.21655e-05,6.7346e-05,6.7346e-05,
7.15015e-05,8.22267e-05,0.000139428,0.000252043,0.000507661,0.00148723,0.0272367,0.927076,0.0383159,0.00295122,0.000917006,0.000339632,0.000194842,0.000112615,7.3289e-05,5.18386e-05,4.46884e-05,4.82635e-05,5.36261e-05,4.46884e-05,
3.79173e-05,5.30842e-05,4.98342e-05,9.96684e-05,0.000158169,0.000370506,0.00125452,0.0323012,0.931567,0.0307228,0.00227179,0.00056876,0.000204754,0.000104002,6.50011e-05,4.22507e-05,4.0084e-05,1.95003e-05,3.57506e-05,3.35839e-05,
2.07403e-05,1.61314e-05,2.56785e-05,3.22627e-05,5.94775e-05,0.000114895,0.000301119,0.00130763,0.0706189,0.91618,0.0100772,0.000816883,0.000199831,8.73508e-05,4.3017e-05,2.7983e-05,2.21669e-05,1.72287e-05,1.4595e-05,1.70093e-05,
5.17759e-05,6.01895e-05,6.01895e-05,6.92503e-05,8.73719e-05,0.000120379,0.000162447,0.000371492,0.00131446,0.0311057,0.951576,0.0134359,0.00081806,0.000281532,0.00014562,9.51383e-05,6.98975e-05,5.95423e-05,6.40727e-05,5.11287e-05,
1.28397e-05,1.34817e-05,1.25829e-05,1.52792e-05,1.82324e-05,2.86967e-05,4.61587e-05,9.3794e-05,0.000299101,0.00128281,0.0712543,0.919359,0.00653643,0.000683778,0.000177445,7.51122e-05,3.5566e-05,2.29189e-05,1.91311e-05,1.34175e-05,
7.20315e-05,8.03429e-05,6.09498e-05,6.64907e-05,8.86542e-05,0.000132981,0.000168997,0.000235488,0.000540237,0.0011719,0.00359604,0.0313725,0.931703,0.0273581,0.0019587,0.000659366,0.000296437,0.000174538,0.000160686,0.000102506,
0.000127578,0.000104076,0.000127578,9.73618e-05,0.000100719,0.000157793,0.000177937,0.000204796,0.000359232,0.000792324,0.00154772,0.00366953,0.0343754,0.925636,0.0291716,0.00192038,0.000691605,0.000342445,0.000238369,0.000157793,
0.000144712,0.000113702,0.000117148,8.95835e-05,6.89104e-05,0.000106811,8.95835e-05,0.000117148,0.000213622,0.00033077,0.000851043,0.00110946,0.0027323,0.0305824,0.928943,0.031244,0.00194327,0.000647758,0.000341106,0.000213622,
0.000136034,7.96021e-05,7.00722e-05,6.76431e-05,6.80168e-05,6.44665e-05,6.68956e-05,8.87582e-05,0.000109126,0.00017135,0.000707823,0.000343261,0.000588794,0.00169967,0.0340646,0.946765,0.0133776,0.000917853,0.000375961,0.000237311,
0.000376111,0.000193138,0.00012537,0.00012537,0.000138924,0.0001457,0.000118593,0.000108428,0.0001457,0.000240575,0.000982631,0.000386276,0.000474374,0.000870814,0.00259889,0.0234408,0.945776,0.021296,0.00172808,0.000728502,
0.000600648,0.00035583,0.000308253,0.000211119,0.000202198,0.000194269,0.000223013,0.000330059,0.000375653,0.000489637,0.00172166,0.000602631,0.000564966,0.000677959,0.000828617,0.00197837,0.0234758,0.94708,0.0182266,0.00155217,
0.00215692,0.00114128,0.000617759,0.000413584,0.000261762,0.000198939,0.000177998,0.000183234,0.000104705,0.00020941,0.00094758,0.000193704,0.00031935,0.000397879,0.000680582,0.00116746,0.0027485,0.0250507,0.940004,0.0230246,
0.0276193,0.00312143,0.00123627,0.000747299,0.000488974,0.000418241,0.000492049,0.000553555,0.000676567,0.000990248,0.0020174,0.000888763,0.000676567,0.000642739,0.00060891,0.000756525,0.00115631,0.00333671,0.0353076,0.918265,


0.93209,0.0267433,0.00324823,0.00141201,0.000696915,0.000509051,0.000321187,0.000260586,0.000199984,0.000230285,0.000672674,0.000157563,0.000260586,0.000212104,0.000327247,0.000375728,0.000612073,0.0010787,0.0027816,0.0278099,
0.0270863,0.935198,0.0231624,0.00245612,0.00117881,0.000837315,0.000607464,0.000525374,0.000505672,0.000857016,0.00138567,0.000466269,0.00039403,0.000311941,0.00030209,0.000311941,0.000436717,0.000426866,0.000880001,0.00266956,
0.0019491,0.0240033,0.94414,0.02136,0.00256702,0.00113666,0.000579772,0.000408129,0.000244115,0.000228857,0.000812444,0.000175457,0.000125872,6.48429e-05,9.91715e-05,0.000144943,0.000205972,0.000339472,0.000526372,0.00088873,
0.000875076,0.00212519,0.025059,0.938877,0.0251499,0.00288283,0.00120844,0.000621266,0.000386397,0.00029548,0.000746277,0.000231081,0.000117434,9.0917e-05,0.000132587,0.000140164,0.000178046,0.000231081,0.000257598,0.000393974,
0.000364701,0.000729402,0.00202801,0.0246974,0.937561,0.0282933,0.00262448,0.00115205,0.000521488,0.000320392,0.000562389,9.20274e-05,0.000139745,8.18021e-05,9.88442e-05,8.18021e-05,8.18021e-05,0.000132928,0.000190872,0.000245406,
0.00020846,0.000300427,0.000692822,0.00200183,0.0296657,0.935978,0.0250734,0.00279581,0.00106989,0.00057633,0.000640707,0.000183935,0.000119558,0.000113427,6.74429e-05,0.000128755,7.66396e-05,9.19676e-05,8.8902e-05,0.000125689,
0.000114157,0.000163453,0.000303555,0.000563003,0.00196143,0.0237395,0.93539,0.0318239,0.00309003,0.00104817,0.000731645,0.000324311,0.000166047,0.000121941,8.82125e-05,6.48621e-05,8.30235e-05,5.18897e-05,6.48621e-05,0.000106374,
4.54206e-05,0.000103559,0.000127178,0.000207118,0.000506894,0.00154067,0.0267328,0.926846,0.0391253,0.00279791,0.00106648,0.000314311,0.000167148,0.00011446,6.72225e-05,6.1772e-05,4.1787e-05,4.36038e-05,4.72374e-05,4.36038e-05,
3.23292e-05,4.27207e-05,5.6576e-05,7.96683e-05,0.000155873,0.000379868,0.00128624,0.0304702,0.930956,0.0330554,0.0023277,0.00059578,0.000245933,9.81421e-05,5.54214e-05,3.5793e-05,3.81022e-05,2.88653e-05,2.19376e-05,3.69476e-05,
3.56885e-05,2.67664e-05,3.86626e-05,5.84895e-05,7.23684e-05,0.000159607,0.000386626,0.00156633,0.0340845,0.922739,0.0381213,0.00186869,0.000412401,0.000177451,7.1377e-05,5.74982e-05,4.26279e-05,3.66799e-05,1.68529e-05,2.67664e-05,
2.49242e-05,2.1105e-05,1.84865e-05,1.85185e-05,2.09131e-05,3.18352e-05,5.95312e-05,0.000171051,0.000960968,0.0594739,0.932079,0.00621806,0.000593042,0.000118535,4.88886e-05,2.93682e-05,2.6684e-05,2.82214e-05,2.88799e-05,2.76085e-05,
4.68975e-05,6.253e-05,7.62085e-05,3.90813e-05,9.1841e-05,0.000109428,0.00019736,0.000357594,0.000957491,0.00374203,0.0465321,0.9235,0.0215396,0.00158475,0.000537368,0.000271615,0.000111382,9.1841e-05,7.81626e-05,7.23004e-05,
8.60784e-05,3.88741e-05,8.05249e-05,6.66413e-05,8.05249e-05,9.44085e-05,0.000163827,0.000224914,0.00051647,0.00111624,0.0035542,0.0305328,0.932348,0.0278283,0.0019798,0.000633092,0.000288779,0.000149943,0.000116622,9.9962e-05,
7.21614e-05,5.99495e-05,5.55088e-05,5.6619e-05,7.43818e-05,7.77123e-05,7.99327e-05,0.000147653,0.000228696,0.000390782,0.00140548,0.00141325,0.017946,0.958515,0.0176507,0.000913675,0.000400774,0.000205383,0.00018762,0.000118789,
