0.931309,0.0237467,0.00300072,0.00136177,0.000524223,0.000409737,0.00032538,0.00032538,0.000265124,0.00016269,0.000614606,0.000174741,0.000253073,0.000259099,0.000204869,0.000451916,0.000620632,0.00124126,0.00251265,0.0322367,
0.0269075,0.950019,0.0147335,0.00153566,0.000782207,0.000437116,0.000331671,0.000239647,0.000216641,0.000207055,0.00121165,0.000164877,0.000132285,0.000105445,0.000166794,0.000182132,0.000222392,0.000402607,0.000624999,0.00137653,
0.00176421,0.0245564,0.947909,0.0180726,0.00232422,0.000877247,0.000543828,0.000411108,0.000203936,0.00015538,0.000751001,0.000181276,0.000135957,0.00013272,0.000135957,0.000203936,0.000171565,0.000249255,0.000440242,0.000780135,
0.00135052,0.00314784,0.0404018,0.927505,0.0181565,0.00267978,0.00134414,0.000864926,0.000612567,0.000391023,0.00103865,0.000224732,0.000163635,0.000165228,0.00016576,0.000185948,0.000225794,0.000305487,0.000403242,0.000667289,
0.000378822,0.000725479,0.00227293,0.0292586,0.935125,0.025524,0.00291621,0.00109715,0.000618266,0.000346658,0.000489609,0.000153673,0.000139378,0.000110787,8.21972e-05,0.000110787,0.000128656,0.000117935,0.000185837,0.000218001,
0.000305806,0.000504094,0.00103766,0.00356383,0.0854596,0.887463,0.0153697,0.0027211,0.00117164,0.00059587,0.000589841,0.00022006,0.000148381,0.000118571,0.000102494,0.000102829,9.24452e-05,0.000112207,0.000146037,0.000174842,
0.000238528,0.000306929,0.000569134,0.00145748,0.00527436,0.0764214,0.886706,0.0201025,0.00429613,0.00194593,0.00106899,0.000436278,0.000232389,0.000171003,0.000126279,0.000108741,0.000109618,0.000111371,0.000135926,0.00018065,
6.90853e-05,6.72672e-05,0.00012908,0.000238162,0.000509049,0.00144897,0.0318774,0.928331,0.0324955,0.00298157,0.000923561,0.000365425,0.000183621,8.90836e-05,7.81754e-05,5.4541e-05,3.27246e-05,2.90885e-05,5.2723e-05,4.36328e-05,
4.47355e-05,4.35885e-05,6.53827e-05,8.48828e-05,0.000159442,0.000381973,0.00126865,0.0378015,0.929413,0.0273311,0.00228151,0.000539121,0.000224825,0.000122736,5.50591e-05,5.39121e-05,3.67061e-05,2.98237e-05,3.5559e-05,2.63825e-05,
8.75334e-05,0.000109861,0.000127447,0.000188701,0.000355666,0.000663515,0.0018957,0.00850299,0.070773,0.893877,0.0195599,0.00205575,0.000767251,0.000357247,0.000213597,0.000130609,9.93889e-05,8.25936e-05,7.90369e-05,7.33068e-05,
0.000112373,0.000116661,0.000121318,0.000125384,0.000153995,0.000230487,0.000407844,0.00122016,0.00688821,0.0594426,0.923723,0.00554005,0.000811696,0.000322382,0.00018958,0.000134921,0.000120604,0.000112225,0.000108701,0.000118065,
5.58639e-05,4.62322e-05,4.23795e-05,8.28326e-05,6.54956e-05,0.000113654,0.00017915,0.0003949,0.00100748,0.00353291,0.0568232,0.916653,0.0181962,0.00176068,0.00047388,0.000227308,0.000130991,9.0538e-05,6.16429e-05,6.16429e-05,
0.000271156,0.000210482,0.000167218,0.000145899,0.000166488,0.000227684,0.000385519,0.000859078,0.00227887,0.00807917,0.0208867,0.0728765,0.873117,0.0159249,0.00200062,0.000864343,0.000486121,0.000383799,0.000347051,0.00032104,
0.000270726,0.000226889,0.000178593,0.000159342,0.0001561,0.000194331,0.000283087,0.000501667,0.00108236,0.00278535,0.00570653,0.00762559,0.0428776,0.919459,0.0151012,0.00138322,0.000753886,0.000507139,0.000404401,0.000342731,
0.000290962,0.000232785,0.000189075,0.000161394,0.000157015,0.000177736,0.000228954,0.000338505,0.000612811,0.00128458,0.00295544,0.0025321,0.00342,0.0337345,0.935819,0.0150543,0.00125158,0.000722988,0.000469246,0.000366967,
0.000385726,0.000287388,0.000224612,0.000185957,0.000179566,0.000190389,0.000255536,0.000348205,0.000536017,0.000906797,0.00229292,0.00137045,0.00176411,0.00258453,0.0340831,0.935532,0.0161334,0.00147178,0.000750733,0.000516432,
0.000606909,0.000427342,0.000327947,0.000281952,0.000259595,0.000302885,0.000387328,0.000471629,0.000697902,0.00110702,0.00265248,0.00124215,0.00126408,0.00163974,0.00292191,0.0235997,0.938607,0.0202105,0.00204059,0.000951517,
0.000804826,0.000522641,0.000368444,0.000292872,0.000230532,0.000225443,0.000255722,0.000308648,0.000373787,0.000488544,0.0018496,0.000588289,0.000679891,0.000817549,0.00135418,0.00275722,0.0235501,0.945672,0.0172375,0.00162263,
0.00199116,0.00108995,0.000599235,0.000363316,0.000250074,0.000217046,0.000240638,0.000226482,0.00029254,0.000245356,0.00108995,0.000198172,0.000410499,0.000401063,0.00058508,0.001156,0.00239694,0.0249178,0.943153,0.0201758,
0.0274566,0.0031291,0.00128641,0.000705289,0.000476815,0.000536417,0.000516549,0.000501649,0.000581118,0.0010331,0.00190229,0.000814559,0.000730123,0.000730123,0.000610919,0.000814559,0.00124171,0.00361585,0.0309234,0.922393,


0.93105,0.0240881,0.00300648,0.00132213,0.000808974,0.000386375,0.00035619,0.000283744,0.000223373,0.000223373,0.000700306,0.00022941,0.000211299,0.000247522,0.000247522,0.000519192,0.00062786,0.00120139,0.00268652,0.0315802,
0.0270388,0.946163,0.0149975,0.00154025,0.00092105,0.000629602,0.000525178,0.000414636,0.000413004,0.000502947,0.00162856,0.000281251,0.000247191,0.000212927,0.000218433,0.000254941,0.000355082,0.000528849,0.000888418,0.00223859,
0.0021894,0.024845,0.945654,0.0186329,0.00241691,0.00111448,0.000537457,0.000441836,0.000316539,0.000211026,0.000999077,0.000121999,0.000154972,0.000115405,0.000204432,0.000171459,0.000201134,0.000293458,0.000553944,0.000824321,
0.00105051,0.00219069,0.0287907,0.935044,0.0247552,0.00313871,0.00118289,0.000674715,0.000388602,0.000316006,0.000730229,0.000183625,0.000115299,0.000106759,0.00011957,0.000102488,0.000158003,0.000196436,0.000264762,0.00049109,
0.000243221,0.000366397,0.000757846,0.0170453,0.962999,0.0143072,0.00116287,0.000559512,0.000321511,0.00023487,0.00122341,0.000121088,7.62022e-05,5.32371e-05,6.15881e-05,7.41144e-05,8.66408e-05,7.93338e-05,9.2904e-05,0.000133615,
0.000216538,0.000347772,0.000721792,0.00210632,0.0356237,0.930534,0.0238093,0.00310042,0.0012697,0.000620085,0.00060368,0.000200133,0.000144358,8.20218e-05,8.53027e-05,0.00011155,8.53027e-05,7.87409e-05,0.00011155,0.000147639,
0.000134727,0.000199499,0.000303136,0.000590726,0.00178254,0.0275361,0.935891,0.0277278,0.00304172,0.00110372,0.00066068,0.000305726,0.000215045,0.000103636,6.47725e-05,6.21816e-05,6.21816e-05,5.44089e-05,6.99543e-05,9.06816e-05,
5.99382e-05,6.35708e-05,0.000128958,0.000263365,0.00050675,0.00152025,0.0314676,0.92867,0.0326572,0.00286614,0.000908155,0.000341466,0.000172549,9.08155e-05,7.6285e-05,6.17545e-05,3.26936e-05,2.72446e-05,4.17751e-05,4.35914e-05,
3.11994e-05,5.08435e-05,7.39542e-05,7.39542e-05,0.000166397,0.00039057,0.00133464,0.0366085,0.929849,0.0280298,0.00227525,0.000573145,0.000203374,0.000103998,7.39542e-05,4.62213e-05,3.58215e-05,2.54217e-05,2.54217e-05,2.88883e-05,
3.66523e-05,1.38684e-05,4.25959e-05,6.83515e-05,8.7173e-05,0.000170384,0.0004111,0.00155326,0.0411486,0.92144,0.0323352,0.00181577,0.000436856,0.00016444,8.7173e-05,5.54737e-05,4.75489e-05,3.07087e-05,2.97181e-05,2.47651e-05,
5.42784e-05,5.6863e-05,6.65556e-05,7.81867e-05,8.40022e-05,0.000115018,0.000166712,0.000350225,0.00133111,0.0368376,0.947506,0.0117752,0.000819345,0.000252007,0.000139573,0.000102095,7.81867e-05,7.04326e-05,4.97552e-05,6.72018e-05,
0.000206367,0.000165897,0.000133425,0.000126407,0.000149185,0.00024541,0.000533105,0.00134332,0.00502932,0.032028,0.134736,0.801565,0.0185709,0.00289743,0.000862638,0.000382879,0.00025778,0.000251833,0.000265779,0.000249216,
5.28155e-05,4.7256e-05,6.67143e-05,8.06131e-05,6.67143e-05,0.000133429,0.000169565,0.000272417,0.000564292,0.0011675,0.00356921,0.0348777,0.931565,0.0239949,0.00196251,0.000717179,0.000261298,0.000186244,0.000144548,0.000100071,
0.000138858,0.000101603,6.77355e-05,0.00010499,7.78959e-05,0.000101603,0.00011515,0.000230301,0.000301423,0.000491083,0.00157824,0.00333936,0.0394424,0.924475,0.0258851,0.00202868,0.000738317,0.000328517,0.00022014,0.000233688,
0.000146776,8.87481e-05,8.87481e-05,9.55749e-05,8.53347e-05,8.19213e-05,9.89883e-05,0.000153602,0.000174083,0.000327685,0.000884068,0.000986469,0.00269658,0.0335912,0.930616,0.0266552,0.00192515,0.000689504,0.00041302,0.00020139,
0.000266923,0.000193093,9.37069e-05,7.66693e-05,8.23485e-05,8.23485e-05,7.95089e-05,0.000122103,0.000136301,0.000204451,0.000752495,0.000477053,0.000908673,0.00230008,0.0337515,0.940331,0.0177958,0.00151351,0.000519647,0.000312356,
0.000379462,0.00020389,0.000181235,0.000144422,7.92905e-05,0.000101945,8.21223e-05,0.000107608,0.00017274,0.000152917,0.000920336,0.000305835,0.000444593,0.000790073,0.00228526,0.023654,0.950087,0.0177979,0.00148953,0.000620165,
0.000724364,0.000412781,0.000311583,0.000215711,0.00018908,0.000258321,0.000250332,0.000258321,0.000383487,0.000474032,0.00145405,0.000508652,0.000535283,0.000596535,0.000948064,0.00212249,0.0233234,0.946757,0.0183967,0.00188015,
0.00192105,0.000879685,0.000546609,0.000404204,0.000354892,0.000380893,0.000469056,0.000566483,0.000775234,0.00121306,0.00293089,0.00107424,0.000803327,0.000772993,0.000816476,0.00112759,0.00240445,0.025172,0.937346,0.0200413,
0.0219163,0.00267872,0.00134024,0.0008649,0.000663364,0.000551726,0.000525286,0.00050002,0.000562302,0.000704494,0.00168221,0.000592268,0.000579342,0.000574054,0.000730347,0.00103353,0.00186318,0.00393318,0.0376696,0.921035,


0.930627,0.0245694,0.0031283,0.00115993,0.000726421,0.000521383,0.000310486,0.000181605,0.000257762,0.000257762,0.000626831,0.000169889,0.000169889,0.00019918,0.000275337,0.000392501,0.000638547,0.00125366,0.00288225,0.031652,
0.0269567,0.937959,0.0213393,0.00239033,0.0010357,0.000562059,0.000461014,0.000438911,0.000492591,0.000760989,0.00168618,0.000489433,0.000356812,0.000331551,0.000325236,0.000344182,0.000378916,0.000581004,0.000922029,0.00218824,
0.00186424,0.024663,0.947273,0.0181626,0.00234405,0.000984075,0.000586777,0.000400353,0.000250603,0.000152807,0.00120717,0.000113077,9.77962e-05,9.47401e-05,0.000113077,0.000165031,0.00018948,0.000259771,0.00036368,0.000715135,
0.000892057,0.0021701,0.0295322,0.934219,0.0249905,0.00319082,0.00131664,0.000553247,0.000433162,0.000321655,0.00074624,0.00013724,0.000150106,0.000128662,7.71972e-05,0.000120085,0.00013724,0.000167261,0.00027019,0.000446028,
0.000544206,0.00101092,0.00277515,0.0559814,0.915785,0.0168782,0.00238377,0.00119578,0.000649411,0.000448526,0.000732102,0.000220367,0.000171011,0.00011776,0.00012512,0.000136376,0.00013551,0.000152395,0.000241581,0.000315181,
0.00019071,0.000325522,0.000752975,0.00197615,0.0354096,0.931174,0.0238256,0.00306451,0.00112453,0.000608299,0.000549113,0.000184134,0.000151253,0.000111795,6.24739e-05,8.22025e-05,6.5762e-05,0.000101931,7.89144e-05,0.000161117,
0.00010945,0.00015323,0.000289434,0.000595894,0.001812,0.0285786,0.935687,0.0271898,0.00297217,0.00104585,0.000637242,0.000235925,0.000155662,0.000116747,5.83733e-05,7.05344e-05,5.83733e-05,7.53988e-05,7.7831e-05,8.02633e-05,
6.18043e-05,7.06334e-05,0.000151862,0.000217198,0.000520922,0.00157159,0.0309463,0.927806,0.0339376,0.00279532,0.000978273,0.000344338,0.000173052,0.000109482,6.18043e-05,6.53359e-05,5.82726e-05,3.70826e-05,3.88484e-05,5.47409e-05,
3.69964e-05,3.46842e-05,6.12754e-05,8.67104e-05,0.000166484,0.000398868,0.00131106,0.0358484,0.92995,0.0286549,0.00237933,0.000550322,0.000190763,0.000123707,4.9714e-05,4.27771e-05,3.81526e-05,2.08105e-05,1.84982e-05,3.69964e-05,
3.17191e-05,2.87454e-05,4.06401e-05,6.64119e-05,8.921e-05,0.000155622,0.00038162,0.0015582,0.0400682,0.922003,0.032974,0.00174455,0.000440102,0.000147692,7.83065e-05,6.04645e-05,3.76664e-05,3.27103e-05,2.27981e-05,3.86576e-05,
4.46784e-05,5.50386e-05,5.4391e-05,6.92838e-05,8.93567e-05,0.000116552,0.000178713,0.000387212,0.00133647,0.0361461,0.948009,0.0119693,0.00079126,0.000280373,0.00013792,9.51843e-05,6.79888e-05,6.86363e-05,5.56861e-05,4.72684e-05,
5.34407e-05,4.58063e-05,3.62633e-05,6.10751e-05,8.77955e-05,0.000127876,0.000156505,0.000335913,0.000954299,0.00373703,0.0541564,0.918365,0.0190383,0.00172537,0.000507687,0.000227123,0.000146962,9.73385e-05,8.20697e-05,5.72579e-05,
6.93252e-05,5.82332e-05,6.65522e-05,8.31903e-05,7.20982e-05,0.000144196,0.000135877,0.000271755,0.000521326,0.00117021,0.0037297,0.0341108,0.931132,0.0251207,0.00195774,0.000646111,0.000318896,0.000177473,0.000122012,9.15093e-05,
0.000127882,0.000121152,0.000114421,8.74985e-05,9.75945e-05,9.08638e-05,0.000137978,0.000255765,0.000380282,0.000790852,0.00168266,0.00339561,0.0378094,0.925599,0.0257044,0.00207977,0.000710084,0.000373551,0.000275957,0.000164901,
0.000110079,0.0001032,9.63196e-05,8.25596e-05,8.25596e-05,9.63196e-05,0.000116959,0.000134159,0.000247679,0.000330238,0.000825596,0.00111111,0.00281047,0.033791,0.929518,0.0275474,0.00180943,0.000622637,0.000347438,0.000216719,
0.000178055,0.000149792,0.000115877,8.47882e-05,0.00012153,8.76144e-05,7.63093e-05,9.60932e-05,0.000169576,0.000234581,0.00104572,0.000536992,0.000847882,0.00236559,0.0338333,0.9393,0.0183029,0.00152901,0.000624606,0.000299585,
0.000363614,0.000299618,0.000165808,0.000104721,0.000101812,0.000127992,0.000101812,9.30852e-05,0.000125083,0.000154172,0.00116066,0.00034907,0.000445064,0.000834858,0.00210896,0.0233411,0.950324,0.0176367,0.00156209,0.000599236,
0.000780267,0.000487667,0.000306873,0.000171278,0.000157005,0.000149868,0.000235507,0.000237886,0.000290221,0.000413922,0.00153675,0.000492425,0.000442468,0.000637535,0.000868285,0.00222662,0.0233747,0.946316,0.0189572,0.00191736,
0.00224665,0.00104912,0.000532236,0.000353118,0.000230294,0.000220059,0.000199589,0.000174,0.000163765,0.000143294,0.00107983,0.000281471,0.000368471,0.000378706,0.000634589,0.00115147,0.00281471,0.025358,0.940062,0.0225586,
0.027586,0.0034332,0.00117008,0.000678936,0.000476699,0.000409287,0.00049596,0.000467069,0.000847466,0.00107378,0.00208496,0.000799314,0.000746348,0.000698196,0.000582633,0.00083302,0.00148307,0.00358247,0.0305569,0.921995,


0.931408,0.0243147,0.00347008,0.00134209,0.00055618,0.000459453,0.000284136,0.000229727,0.000205545,0.000217636,0.000713362,0.000157181,0.000157181,0.000139045,0.000217636,0.000284136,0.000628726,0.00133604,0.00277486,0.0311038,
0.0269787,0.952575,0.013357,0.00111735,0.000644789,0.000481101,0.000318836,0.000186462,0.000136644,0.000160842,0.00126111,9.67896e-05,9.82129e-05,0.000125257,0.000136644,0.000148031,0.00021493,0.000374348,0.000485371,0.00110312,
0.00181979,0.0246126,0.951886,0.0140666,0.00146831,0.000840458,0.000554355,0.000399478,0.000274279,0.000248544,0.00138925,0.000167396,0.000125663,0.000130764,0.000151862,0.000153949,0.000210288,0.000292827,0.000450949,0.00075676,
0.00104813,0.00218397,0.0284092,0.935082,0.025006,0.00316193,0.00126302,0.000640281,0.000399079,0.000328911,0.000758689,0.000153492,0.000127179,0.000100866,0.000114023,0.000171034,0.000162263,0.000171034,0.000276285,0.000442934,
0.000361647,0.000687487,0.00199085,0.0278003,0.934861,0.0274171,0.00306863,0.00115297,0.000676745,0.000329421,0.000544261,0.000150388,0.000114581,0.000118162,6.80326e-05,7.16132e-05,8.59359e-05,0.00010742,0.000200517,0.000193356,
0.000150924,0.000324815,0.000751339,0.00201123,0.0341252,0.931746,0.0244661,0.00290365,0.00131238,0.00058073,0.000538077,0.000223105,0.000141081,0.000108272,0.000114834,9.84287e-05,9.51478e-05,9.51478e-05,0.000114834,9.84287e-05,
0.000145089,0.000142498,0.00029795,0.000614036,0.00185506,0.026616,0.93562,0.0289944,0.0030365,0.00108298,0.000624399,0.000259087,0.000132134,0.000134725,5.69991e-05,8.29078e-05,6.47717e-05,4.92265e-05,8.54987e-05,0.000106226,
6.3603e-05,6.70409e-05,0.00013752,0.000273321,0.000503667,0.00157288,0.0307873,0.92783,0.034007,0.00280025,0.00105031,0.000314577,0.000152991,0.000118611,8.07929e-05,5.157e-05,3.438e-05,4.6413e-05,5.157e-05,5.6727e-05,
4.2692e-05,4.03843e-05,4.38458e-05,8.88455e-05,0.000161537,0.000398074,0.00127038,0.0348921,0.930525,0.0291332,0.00228575,0.000567688,0.000220383,9.11532e-05,5.76919e-05,4.15382e-05,2.88459e-05,4.03843e-05,2.88459e-05,4.15382e-05,
3.76638e-05,4.85664e-05,2.97346e-05,6.44249e-05,9.01948e-05,0.00018039,0.000359788,0.00162549,0.0389572,0.922505,0.0335386,0.00174542,0.000363753,0.000168496,8.42479e-05,5.64957e-05,3.76638e-05,3.76638e-05,3.46903e-05,3.46903e-05,
7.42938e-05,5.8143e-05,6.97716e-05,7.42938e-05,7.88161e-05,0.0001221,0.000179597,0.000379868,0.00133018,0.034964,0.948718,0.0123631,0.000811418,0.000263582,0.000129207,9.10907e-05,8.33383e-05,8.59224e-05,6.07271e-05,6.26652e-05,
5.24106e-05,4.07638e-05,5.8234e-05,5.04695e-05,7.18219e-05,0.000110645,0.000182467,0.000380462,0.000999684,0.00370174,0.0528435,0.919511,0.0191105,0.00171984,0.000508577,0.000234877,0.000182467,0.000104821,8.34687e-05,5.24106e-05,
7.21363e-05,8.60086e-05,6.10384e-05,7.21363e-05,8.87831e-05,0.000102655,0.000160919,0.000282996,0.000563218,0.00119302,0.00346809,0.0332326,0.931687,0.0255501,0.00208918,0.000629805,0.00029132,0.000180341,9.4332e-05,9.4332e-05,
0.00011177,7.79006e-05,0.000118544,0.000118544,6.09657e-05,0.000121931,0.000182897,0.000206606,0.00028112,0.000487726,0.00138528,0.00331586,0.0383237,0.925009,0.0267267,0.00204574,0.000734975,0.000311602,0.000243863,0.000135479,
0.000172701,6.56263e-05,8.28964e-05,5.18102e-05,6.90803e-05,6.56263e-05,8.28964e-05,0.000176155,0.000221057,0.000297045,0.000708073,0.000974033,0.00259051,0.0324298,0.930446,0.0285129,0.00178918,0.000656263,0.000424844,0.000183063,
0.000139585,0.000160826,8.19304e-05,7.88959e-05,7.2827e-05,0.000121378,7.2827e-05,0.000115309,0.000179033,0.000260964,0.00072827,0.000409652,0.000922476,0.00244274,0.033464,0.939026,0.0191535,0.00164468,0.000579582,0.000345928,
0.000383998,0.000284999,0.000197999,9.29995e-05,9.89995e-05,8.69996e-05,7.19996e-05,0.000101999,0.000125999,0.000194999,0.00116099,0.000365998,0.000512997,0.000815996,0.00201299,0.0237449,0.948985,0.0186899,0.00137999,0.000689997,
0.000936648,0.00049688,0.000342676,0.000282708,0.000205606,0.00024844,0.000245584,0.000299842,0.000365521,0.000656796,0.0017505,0.000639662,0.000599683,0.00065394,0.00115082,0.00239302,0.0233505,0.944521,0.0190071,0.00185331,
0.00216988,0.00100148,0.000486435,0.000271831,0.00018599,0.000257524,0.000143069,0.000133531,0.000195528,0.000181221,0.00109686,0.000209835,0.000300445,0.000438745,0.000686731,0.00106348,0.00285661,0.0245983,0.942882,0.0208404,
0.013825,0.00089718,0.000463644,0.000297626,0.000258058,0.000183221,0.000141932,0.000169458,0.000165157,0.000239994,0.00163523,0.000203005,0.000202145,0.000196124,0.000320852,0.000325153,0.000467945,0.000950512,0.0140435,0.965014,


0.915493,0.0194334,0.00254707,0.00127196,0.000839178,0.000648581,0.000507996,0.0004887,0.000523748,0.000624166,0.00129007,0.000401278,0.00036111,0.000350084,0.000420574,0.000567459,0.000833665,0.00135741,0.00363355,0.0484069,
0.0269809,0.941963,0.0187952,0.00200171,0.000941252,0.000499187,0.000464417,0.000417231,0.000429648,0.000581143,0.00171859,0.000342725,0.000280637,0.000315406,0.000216066,0.000270703,0.000382461,0.000511604,0.000859296,0.00202903,
0.00134931,0.0246239,0.951481,0.0160825,0.00170056,0.000685364,0.000434778,0.000272004,0.000239877,0.000130648,0.00110943,0.000102805,6.63947e-05,7.282e-05,0.000107088,0.000115655,0.00018205,0.000278429,0.000331973,0.000633962,
0.000825604,0.00217697,0.0270765,0.936543,0.0249037,0.00308472,0.00141297,0.000628445,0.000414856,0.000238234,0.000825604,0.000160192,0.000168407,0.000172514,0.000139654,0.000102687,0.000188944,0.000193052,0.000262879,0.000480576,
0.000376251,0.000863586,0.00194934,0.0273266,0.935339,0.0274986,0.00295626,0.00111084,0.000609168,0.000358334,0.000526751,0.000175584,0.000121834,0.000111084,8.24169e-05,0.000111084,6.09168e-05,0.000100334,0.000143334,0.000179167,
0.000207246,0.00035199,0.000634898,0.00208562,0.0331857,0.932513,0.0243597,0.00318107,0.00123361,0.000532919,0.000641477,0.000210536,0.000167771,9.86888e-05,0.000111847,8.55303e-05,5.92133e-05,0.000108558,0.000121716,0.000108558,
9.85792e-05,0.000171216,0.000339839,0.00060704,0.00186522,0.0257214,0.93568,0.0298306,0.00300666,0.00104546,0.000661518,0.000251636,0.000153057,0.000119333,5.4478e-05,7.78257e-05,5.18838e-05,8.04198e-05,0.000101173,8.3014e-05,
8.03741e-05,8.75184e-05,0.00011431,0.0002697,0.000503678,0.00148246,0.0297813,0.927644,0.0353414,0.00283095,0.00094127,0.000346502,0.000201828,9.46628e-05,5.8941e-05,3.03635e-05,4.46523e-05,5.71549e-05,4.10801e-05,4.82244e-05,
3.69859e-05,3.46743e-05,5.43231e-05,9.70881e-05,0.000169904,0.000366392,0.00130838,0.0340213,0.930454,0.0299621,0.00235554,0.000565191,0.000194176,0.000117893,6.12579e-05,5.08556e-05,5.20115e-05,2.31162e-05,3.81417e-05,3.69859e-05,
2.18104e-05,3.56897e-05,4.56035e-05,6.84052e-05,8.32759e-05,0.000180431,0.000398535,0.00155548,0.0379411,0.922457,0.0345139,0.0018519,0.000374742,0.000189354,8.22845e-05,5.75e-05,3.96552e-05,3.76724e-05,2.47845e-05,4.06466e-05,
5.23973e-05,5.62786e-05,5.49849e-05,6.98631e-05,8.28007e-05,0.000126789,0.000179833,0.000349316,0.00134616,0.0339852,0.949721,0.0124324,0.000766554,0.000284628,0.000123554,0.000106735,7.76257e-05,7.63319e-05,5.30442e-05,5.4338e-05,
3.51707e-05,3.71246e-05,6.44796e-05,7.62031e-05,6.05717e-05,0.000111374,0.000171946,0.000384924,0.000973055,0.00361086,0.0525352,0.919711,0.0194259,0.0017175,0.000506067,0.000195393,0.000148498,9.57424e-05,8.20649e-05,5.66639e-05,
7.75155e-05,7.47471e-05,8.30523e-05,5.81366e-05,8.02839e-05,0.0001052,0.000166105,0.000257462,0.000490009,0.00125132,0.00370137,0.0330964,0.931432,0.0258376,0.00185484,0.000703176,0.000362662,0.000166105,0.000113505,8.85892e-05,
0.00012865,9.47951e-05,9.81806e-05,7.44818e-05,8.46385e-05,0.00012865,0.000135422,0.000186205,0.000328397,0.000582313,0.00143547,0.00318579,0.0366349,0.925654,0.0277343,0.00210919,0.00069065,0.000375795,0.000199747,0.000138807,
0.000151926,6.56043e-05,6.21515e-05,6.21515e-05,7.59629e-05,8.28686e-05,0.000110492,0.000176096,0.000231342,0.000262417,0.000807969,0.00105312,0.00266561,0.0326192,0.92931,0.0289695,0.00198194,0.000707836,0.000334927,0.000269323,
0.000226252,0.000123974,7.74836e-05,8.36823e-05,9.9179e-05,8.67816e-05,9.29803e-05,0.000105378,0.000164265,0.000254146,0.000632266,0.000505193,0.000982492,0.00247328,0.0338448,0.937973,0.019529,0.00170154,0.000638465,0.000406014,
0.00033989,0.000264722,0.000176482,9.47771e-05,0.000120923,0.000127459,9.80453e-05,9.80453e-05,0.000150336,0.000137263,0.00102621,0.000388913,0.000480422,0.00101967,0.00228119,0.0234524,0.947562,0.0197169,0.00171579,0.000748413,
0.000908279,0.00048625,0.000281352,0.000296643,0.000207956,0.000220189,0.000207956,0.000247712,0.000431203,0.000675858,0.00173705,0.000544356,0.000565763,0.000694207,0.000951094,0.00247407,0.0234838,0.941185,0.022288,0.0021132,
0.00236852,0.00106965,0.000550108,0.000417675,0.000229212,0.000188463,0.000142621,0.000117153,0.000183369,0.000162995,0.000998345,0.000285241,0.000371832,0.000463517,0.000636699,0.00117153,0.00271998,0.0251114,0.941342,0.0214695,
0.0266525,0.00325183,0.0013343,0.000742677,0.000507706,0.000469943,0.000553861,0.000562253,0.00057484,0.000897926,0.00203922,0.00087275,0.000658759,0.000558057,0.000646171,0.000776244,0.00133011,0.00341967,0.0369534,0.917198,


0.932011,0.0252987,0.00290372,0.00139137,0.000744079,0.000477904,0.000266175,0.00021173,0.00021173,0.000193582,0.000707783,0.000181483,0.000193582,0.000187532,0.000272224,0.000405311,0.000574695,0.00119779,0.00268594,0.0298842,
0.0270132,0.943439,0.0181499,0.00179666,0.000902854,0.000572486,0.000414091,0.000414091,0.000427668,0.000601903,0.00167673,0.000368835,0.000237593,0.000239856,0.000255695,0.000208177,0.000300951,0.000484237,0.000665261,0.0018306,
0.002159,0.0246371,0.942915,0.0215308,0.00267211,0.00121172,0.000635464,0.000371017,0.000303918,0.000236819,0.000852549,0.000193402,0.000138144,0.000126303,0.000122357,0.000197349,0.000197349,0.000256554,0.000402592,0.000840708,
0.00105665,0.00255171,0.0373801,0.925701,0.025326,0.0029414,0.00113909,0.000719424,0.000445893,0.000266037,0.000550809,0.000153627,0.000131145,0.000134892,0.000127398,0.000153627,0.00014988,0.000239808,0.000333483,0.000498351,
0.000375778,0.000705032,0.00205068,0.0270883,0.934743,0.0282764,0.00307065,0.00124544,0.000565457,0.000293465,0.000565457,0.000135996,0.000114523,9.30499e-05,6.7998e-05,8.58922e-05,7.15768e-05,0.000135996,0.000103786,0.000211152,
0.0002125,0.000402115,0.000689806,0.00202692,0.0324928,0.932592,0.025124,0.00303384,0.00121615,0.000614614,0.00058846,0.000192884,0.000143846,0.000153654,9.48075e-05,8.49998e-05,7.84614e-05,6.21153e-05,8.8269e-05,0.000107884,
9.60276e-05,0.000181674,0.000280297,0.000602119,0.00164285,0.0259482,0.935065,0.0305212,0.00298464,0.00109004,0.000692956,0.000236176,0.000173888,8.82416e-05,7.00742e-05,5.45021e-05,3.89301e-05,7.00742e-05,7.78602e-05,8.56462e-05,
3.99089e-05,7.80037e-05,0.000146937,0.000252151,0.000567794,0.00153649,0.0285022,0.927689,0.0362626,0.00293693,0.00105396,0.000328341,0.00017959,0.000125169,6.53054e-05,5.98633e-05,2.35825e-05,3.26527e-05,5.80493e-05,6.16773e-05,
3.00773e-05,3.70183e-05,4.5116e-05,0.000105271,0.000205914,0.000409515,0.00135811,0.0332412,0.930275,0.030805,0.00237264,0.000583038,0.000218639,0.000106428,6.4782e-05,3.93319e-05,3.93319e-05,2.77637e-05,1.85091e-05,1.73523e-05,
3.56425e-05,3.06921e-05,4.3563e-05,6.33644e-05,9.20764e-05,0.000155441,0.000403948,0.00157124,0.0368246,0.92282,0.0352761,0.0018445,0.000397018,0.000177222,8.11856e-05,5.14836e-05,4.75233e-05,3.16822e-05,3.16822e-05,2.07914e-05,
5.82424e-05,5.1771e-05,6.47138e-05,6.98909e-05,7.63623e-05,0.000114543,0.000185729,0.000337159,0.00132599,0.0328662,0.950522,0.0126839,0.000867165,0.000274386,0.000139135,8.99521e-05,8.02451e-05,7.63623e-05,5.82424e-05,5.82424e-05,
5.28289e-05,6.45686e-05,5.47855e-05,5.67421e-05,7.63084e-05,0.000111528,0.000197619,0.000430458,0.000958747,0.0036902,0.050747,0.920855,0.0199204,0.00162009,0.000541985,0.000225012,0.00015653,0.000107614,6.45686e-05,6.84819e-05,
7.21435e-05,6.93687e-05,6.93687e-05,8.04677e-05,7.7693e-05,0.000124864,0.000174809,0.000288574,0.000502229,0.00124309,0.00365712,0.0319818,0.931594,0.0267985,0.00189793,0.000643742,0.000313547,0.000166485,0.000124864,0.000119314,
0.000131366,7.4104e-05,0.000127998,8.75775e-05,6.06306e-05,0.000121261,0.000134735,0.000188628,0.000373888,0.000643358,0.00167408,0.00368836,0.0365333,0.924555,0.0280012,0.00213554,0.000747777,0.00037052,0.000229049,0.000121261,
0.000104665,7.30015e-05,5.45312e-05,3.07838e-05,5.89289e-05,7.2122e-05,7.65196e-05,7.12424e-05,0.000127533,0.000211089,0.0012208,0.00049254,0.00101674,0.0155757,0.963171,0.0162969,0.000642061,0.000335103,0.000229559,0.000138967,
0.000198173,0.000116387,0.000119533,7.23489e-05,8.17857e-05,8.80769e-05,0.000103805,0.000125824,0.000147843,0.000182445,0.000874478,0.000427802,0.000865041,0.00249132,0.0334441,0.938236,0.0198645,0.00165773,0.000613393,0.000289396,
0.000392611,0.000273838,0.000197955,0.000148466,0.000115474,9.23791e-05,7.9182e-05,8.90798e-05,0.000112175,0.000158364,0.00114154,0.000320027,0.000415706,0.000946885,0.00241835,0.0235699,0.947331,0.019878,0.00158034,0.000739032,
0.000892882,0.000403857,0.000313195,0.000252754,0.000192313,0.000186818,0.000244512,0.000390121,0.000420341,0.000546718,0.00175554,0.000604412,0.000494519,0.000736284,0.00111816,0.00254952,0.023388,0.943526,0.0200527,0.00193137,
0.00229607,0.000999406,0.000574018,0.000343385,0.000220382,0.000189631,0.000194756,0.000164005,0.000102503,0.000256258,0.000943029,0.000215257,0.000322885,0.000481765,0.000732897,0.00112753,0.00280859,0.0249185,0.940769,0.0223406,
0.0273146,0.00286526,0.001381,0.000554982,0.000460334,0.000421614,0.000430219,0.000425916,0.000585097,0.0007873,0.00178541,0.000554982,0.000460334,0.000563586,0.000507658,0.000757185,0.00122182,0.00287816,0.027848,0.928197,


0.930957,0.0259774,0.00311801,0.00143815,0.000755333,0.0004532,0.000308176,0.000265877,0.000241706,0.000229621,0.000598223,0.000241706,0.000193365,0.00018128,0.000284005,0.000344432,0.000604266,0.00120853,0.00280984,0.0297903,
0.0268126,0.940986,0.0193416,0.00215022,0.000973341,0.000701954,0.000441005,0.000357501,0.000480147,0.000605403,0.00168312,0.000485366,0.000305311,0.000300092,0.00025573,0.000263559,0.000354891,0.000547994,0.000819381,0.00213457,
0.00146739,0.0245385,0.950247,0.0165571,0.00183814,0.000930329,0.000498948,0.000297983,0.000213092,0.000169781,0.00110357,0.000131667,0.000121272,0.000124737,0.000126469,0.000155921,0.000185373,0.00028932,0.000393268,0.000609825,
0.000801934,0.00219047,0.0278412,0.935946,0.0253092,0.00281419,0.00122889,0.000679416,0.000456657,0.000297012,0.000827922,0.000115092,0.00012623,0.000103954,0.000100242,0.000129943,0.00012623,0.000178207,0.000319288,0.000408392,
0.000343579,0.000787368,0.00208652,0.0260297,0.935422,0.0287747,0.00284168,0.00110231,0.000694315,0.000314947,0.000490315,0.000189684,8.58947e-05,7.15789e-05,7.51578e-05,0.000103789,0.000110947,8.94736e-05,0.000125263,0.000261263,
0.000182143,0.000293985,0.000734963,0.0019812,0.0316194,0.933623,0.0251485,0.00307406,0.00122707,0.000530451,0.000629512,0.000214098,0.000118233,9.90602e-05,8.62782e-05,5.11278e-05,7.98873e-05,7.98873e-05,8.62782e-05,0.000140602,
0.000107905,0.000175045,0.000306929,0.000630643,0.00173607,0.0261585,0.934797,0.030314,0.00304771,0.00106226,0.000657019,0.000292541,0.000153464,0.000100711,7.67322e-05,8.15279e-05,5.03555e-05,7.19364e-05,7.43343e-05,0.000105507,
8.92854e-05,0.000120501,0.000182702,0.000326156,0.00079324,0.00262853,0.0701047,0.901887,0.017959,0.00324847,0.00136545,0.00045974,0.000238936,0.000146667,8.81378e-05,7.52844e-05,6.54148e-05,6.63329e-05,7.41367e-05,8.0793e-05,
3.94749e-05,4.86551e-05,4.68191e-05,0.000100064,0.000169834,0.000416781,0.00146057,0.0344588,0.931173,0.0286845,0.00223263,0.000567337,0.000235013,0.000124851,6.51795e-05,4.03929e-05,4.5901e-05,2.93767e-05,2.84586e-05,3.21307e-05,
3.07193e-05,2.77465e-05,4.06288e-05,5.35111e-05,0.000104049,0.000166479,0.000372596,0.00152309,0.0357821,0.922564,0.0366284,0.00182929,0.000465745,0.000148642,8.22486e-05,5.05383e-05,3.46831e-05,3.36922e-05,2.37827e-05,3.7656e-05,
5.36161e-05,5.03863e-05,5.42621e-05,7.23495e-05,9.36668e-05,0.000111754,0.000163432,0.000357226,0.00132167,0.0319597,0.951107,0.0130468,0.000841709,0.000259683,0.000136301,0.000105294,8.01012e-05,7.49334e-05,6.13679e-05,4.90943e-05,
4.89447e-05,4.69869e-05,6.85225e-05,6.26492e-05,5.09024e-05,0.000133129,0.000166412,0.000346528,0.000926033,0.00379419,0.049391,0.922017,0.0201593,0.00164454,0.000550138,0.000229061,0.000137045,9.39737e-05,6.26492e-05,7.04803e-05,
0.000100147,8.34555e-05,5.00733e-05,6.12007e-05,5.84189e-05,0.00010571,0.000139093,0.000269839,0.000528552,0.00122123,0.00366091,0.0314321,0.931948,0.0270535,0.0019306,0.000592534,0.000358859,0.000191948,0.000127965,8.62374e-05,
0.000122367,9.17756e-05,8.15783e-05,6.11837e-05,8.15783e-05,9.17756e-05,9.17756e-05,0.00022434,0.000339909,0.000622034,0.00154999,0.00323254,0.0356701,0.92541,0.0287325,0.00217882,0.000734204,0.000360304,0.000176753,0.000146161,
0.000110399,7.24495e-05,9.65994e-05,8.96994e-05,6.89995e-05,7.24495e-05,8.62494e-05,0.000110399,0.000231148,0.000331198,0.000758995,0.00104879,0.00273583,0.0306944,0.929514,0.0307462,0.00204584,0.000679645,0.000313948,0.000193199,
0.000223978,0.000111989,0.00012187,0.000105401,9.88139e-05,8.89325e-05,8.23449e-05,0.000131752,0.000158102,0.000237153,0.000708166,0.000536889,0.000925557,0.00273385,0.0340513,0.936087,0.0207707,0.00183135,0.000645584,0.000349142,
0.000468836,0.00025245,0.000144257,0.000111471,0.000127864,0.000131143,0.000121307,0.000140979,0.000124586,0.000154093,0.00094095,0.000416378,0.00052785,0.000967178,0.00232123,0.0236024,0.947071,0.0200812,0.00160978,0.000685221,
0.00100335,0.00059434,0.000383445,0.000230067,0.000169355,0.00017255,0.000246044,0.000354687,0.000396227,0.000667834,0.00174468,0.000600731,0.000603926,0.000722155,0.0010353,0.0025595,0.0235723,0.94094,0.0219459,0.00205782,
0.00221235,0.00114934,0.000647518,0.000437075,0.000269799,0.000194255,0.000248215,0.0001349,0.000178067,0.000221235,0.000949693,0.000280591,0.000420887,0.000420887,0.00060435,0.00121949,0.00280052,0.0249888,0.939058,0.0235643,
0.0274568,0.00279327,0.00119203,0.000818411,0.00040031,0.00040031,0.000453684,0.000484819,0.00060936,0.0010408,0.00207716,0.000698318,0.000573777,0.000529298,0.000573777,0.000760588,0.0012632,0.00314465,0.0276214,0.927108,


0.931895,0.0258264,0.00326748,0.00119366,0.000741513,0.000440085,0.000259228,0.000223057,0.000180857,0.000241143,0.000608885,0.0001688,0.000192914,0.000223057,0.000283342,0.000373771,0.000723428,0.0011394,0.00283342,0.0291843,
0.0267483,0.935897,0.0220831,0.00239576,0.00118169,0.000731678,0.000556852,0.00056009,0.000582752,0.000935641,0.00208496,0.000498577,0.000401452,0.000297851,0.000275189,0.000297851,0.000430589,0.000644265,0.000980967,0.00241519,
0.00186762,0.0246339,0.942579,0.0219982,0.00267082,0.00107612,0.000612143,0.000401597,0.000280728,0.000261233,0.000994245,0.000148162,9.7475e-05,0.000148162,0.000163758,0.000148162,0.000183253,0.000354809,0.000487375,0.000892871,
0.000849792,0.00206822,0.0250941,0.938765,0.0254472,0.00291413,0.00104381,0.000686819,0.000302666,0.000318187,0.000807109,0.000151333,9.70083e-05,0.000131931,0.000124171,0.000131931,0.000124171,0.000213418,0.000325948,0.000403554,
0.00036479,0.000732957,0.00180368,0.0253664,0.937151,0.0282273,0.00263459,0.00111464,0.000587717,0.000334391,0.000560695,0.000151996,9.45751e-05,9.11974e-05,7.4309e-05,8.78197e-05,0.000114841,0.000111464,0.000118219,0.00027697,
0.000201588,0.000360414,0.00064447,0.00206169,0.0299144,0.935458,0.0249449,0.00298716,0.00113622,0.000571165,0.000708611,0.000265729,0.000128283,0.000116066,7.33046e-05,7.02502e-05,8.5522e-05,7.6359e-05,9.16308e-05,0.000103848,
0.000116625,0.000173641,0.000331733,0.000627182,0.00173123,0.0248592,0.935291,0.031442,0.00281973,0.000990014,0.000642732,0.000241024,0.000194375,0.000137358,7.51582e-05,7.25665e-05,5.70165e-05,6.21999e-05,6.73832e-05,6.73832e-05,
6.9762e-05,8.40721e-05,0.000139524,0.000252216,0.000506221,0.00148825,0.027234,0.927076,0.0383279,0.00295326,0.00091406,0.000339866,0.000194976,0.000109115,7.33395e-05,5.18743e-05,4.47192e-05,4.82967e-05,5.00855e-05,4.29304e-05,
3.79442e-05,5.31219e-05,5.09536e-05,9.97391e-05,0.000159366,0.000370769,0.00125324,0.032284,0.931585,0.0307272,0.00226581,0.000566995,0.000205983,0.000104076,6.50472e-05,4.22807e-05,4.01124e-05,2.05983e-05,3.46918e-05,3.25236e-05,
2.0741e-05,1.61319e-05,2.56794e-05,3.22638e-05,5.94795e-05,0.000114789,0.000301129,0.00130778,0.070619,0.916179,0.0100784,0.000816691,0.000199728,8.73537e-05,4.30184e-05,2.80937e-05,2.21676e-05,1.72293e-05,1.45955e-05,1.70098e-05,
5.17749e-05,5.82468e-05,6.08356e-05,6.79546e-05,8.86646e-05,0.000118435,0.000162444,0.000370191,0.00131444,0.0311051,0.951574,0.0134337,0.000823222,0.000279585,0.000147559,9.64308e-05,7.24849e-05,6.01884e-05,6.27771e-05,5.17749e-05,
1.284e-05,1.3482e-05,1.2519e-05,1.52796e-05,1.81686e-05,2.86973e-05,4.61597e-05,9.37318e-05,0.000299236,0.00128278,0.0712539,0.91936,0.00653574,0.000683793,0.000177448,7.51138e-05,3.55667e-05,2.29194e-05,1.91316e-05,1.34178e-05,
7.20789e-05,8.03957e-05,6.09898e-05,6.65343e-05,8.87124e-05,0.000133069,0.000169108,0.000238415,0.000540591,0.0011699,0.00359285,0.0313515,0.931719,0.0273595,0.00196276,0.000659799,0.000296632,0.000174653,0.000160791,0.000102574,
0.000127523,0.000104032,0.000127523,9.732e-05,0.000104032,0.000157726,0.000177861,0.000204708,0.000359077,0.000798695,0.00154705,0.00366796,0.0343372,0.925681,0.0291624,0.00191955,0.000691308,0.000342298,0.00023491,0.000157726,
0.000148091,0.000113651,0.000117095,8.95434e-05,6.88795e-05,0.000106763,8.95434e-05,0.000117095,0.000213527,0.000330622,0.000878214,0.00110896,0.00273107,0.0305963,0.928903,0.0312472,0.00193551,0.000650912,0.000340954,0.000213527,
0.000136024,7.94098e-05,7.00675e-05,6.76385e-05,6.80122e-05,6.44621e-05,6.68911e-05,8.87522e-05,0.000109118,0.000171338,0.000708523,0.000343798,0.000588754,0.00169993,0.0340627,0.946764,0.0133795,0.000917604,0.000375936,0.000237295,
0.000375382,0.000192764,0.000118364,0.000125127,0.000138655,0.000145418,0.000118364,0.0001116,0.000145418,0.000243491,0.000997636,0.000385527,0.000476836,0.000875891,0.00259385,0.0235645,0.945674,0.0212649,0.00172473,0.000727091,
0.000600341,0.000355648,0.000308096,0.000211011,0.000202095,0.00019417,0.000222899,0.00032989,0.000376452,0.000489387,0.00172871,0.000602323,0.000564677,0.000677613,0.000831165,0.00197736,0.0234797,0.947073,0.0182252,0.00155039,
0.0021486,0.00113442,0.000616874,0.000412992,0.000261387,0.000198654,0.000177743,0.000188199,0.000104555,0.00020911,0.0009044,0.000188199,0.000318893,0.000386853,0.000674379,0.00116579,0.00274457,0.0250723,0.940069,0.023023,
0.0276235,0.00312191,0.00123646,0.000747412,0.000492123,0.000418305,0.000492123,0.000553638,0.000676669,0.000990397,0.00200848,0.000888897,0.000676669,0.000642836,0.000609002,0.000759715,0.00115649,0.00333721,0.035319,0.918249,


0.932039,0.0267366,0.00324577,0.00140144,0.000691622,0.000509616,0.000321543,0.000254808,0.000200206,0.000236607,0.000691622,0.000157738,0.000260875,0.000218407,0.000333677,0.000376145,0.000612753,0.0010799,0.00278469,0.0278469,
0.0270467,0.935253,0.0231332,0.00245133,0.00117966,0.00083792,0.000607903,0.000525754,0.000506038,0.000860922,0.00139982,0.000466606,0.000387743,0.000312166,0.000305594,0.000312166,0.000437033,0.000423889,0.000880637,0.00267149,
0.0019495,0.0240159,0.944117,0.0213911,0.00256755,0.00113308,0.000579891,0.000408213,0.000244165,0.000225089,0.000801166,0.000175493,0.000125897,6.48563e-05,9.53769e-05,0.000144973,0.000206014,0.000339542,0.00052648,0.000888913,
0.000869809,0.00211779,0.0250505,0.938924,0.0251299,0.0028855,0.00120639,0.000623993,0.000385741,0.000291197,0.000748792,0.000230688,0.000117235,9.07626e-05,0.000132362,0.000139926,0.000177743,0.000226907,0.000257161,0.000393305,
0.000364619,0.000732646,0.00203437,0.0248452,0.937412,0.0282972,0.00263071,0.00114838,0.000517963,0.000316912,0.000555448,9.20067e-05,0.000139714,8.17837e-05,0.00010223,8.17837e-05,8.17837e-05,0.000132899,0.000187421,0.000245351,
0.00020863,0.000303741,0.000693388,0.00200346,0.0296929,0.935948,0.0250724,0.0027981,0.00107076,0.0005768,0.000635094,0.000184085,0.000119655,0.000113519,6.74979e-05,0.00012886,7.67022e-05,9.20426e-05,8.89745e-05,0.000125792,
0.000114218,0.000160944,0.000306312,0.000565899,0.00196767,0.0237003,0.935391,0.0318513,0.00309168,0.00104873,0.000729438,0.000321887,0.000166135,0.000122006,9.08553e-05,6.48966e-05,8.30677e-05,5.19173e-05,6.48966e-05,0.00010643,
4.54464e-05,0.000103618,0.00012725,0.000207236,0.000505364,0.00154154,0.026708,0.926848,0.0391458,0.00279768,0.00106526,0.000314489,0.000165425,0.000116343,6.72607e-05,6.18072e-05,4.36286e-05,4.54464e-05,4.72643e-05,4.36286e-05,
3.23515e-05,4.27502e-05,5.66152e-05,7.8568e-05,0.000157136,0.000378975,0.00128944,0.0304474,0.930955,0.0330748,0.00233047,0.000596193,0.000247258,9.70546e-05,5.54598e-05,3.58178e-05,3.81286e-05,2.77299e-05,2.19528e-05,3.69732e-05,
3.57014e-05,2.6776e-05,3.86765e-05,5.85106e-05,7.23944e-05,0.000157681,0.000387756,0.0015659,0.034072,0.922745,0.0381271,0.00186936,0.000412549,0.000177515,7.23944e-05,5.75189e-05,4.26433e-05,3.66931e-05,1.6859e-05,2.6776e-05,
2.49189e-05,2.11031e-05,1.8493e-05,1.85351e-05,2.09179e-05,3.18399e-05,5.948e-05,0.000171047,0.00096096,0.059472,0.932082,0.00621791,0.000593045,0.000118544,4.8915e-05,2.93813e-05,2.67089e-05,2.82295e-05,2.88862e-05,2.76081e-05,
4.69281e-05,6.25708e-05,7.62581e-05,3.91067e-05,9.19008e-05,0.000109499,0.000197489,0.000359782,0.000958115,0.00374447,0.0464744,0.923562,0.0215283,0.00158578,0.000535762,0.000273747,0.000111454,9.19008e-05,7.82134e-05,7.23474e-05,
8.61458e-05,3.89046e-05,8.0588e-05,6.39146e-05,8.0588e-05,9.44825e-05,0.000166734,0.000225091,0.000516875,0.00111712,0.00355977,0.0305067,0.932328,0.0278584,0.00198135,0.000636367,0.000289005,0.00015006,0.000116714,0.000102819,
7.20118e-05,5.98252e-05,5.53937e-05,5.76094e-05,7.53354e-05,7.75512e-05,7.97669e-05,0.000147347,0.00022933,0.000395511,0.00140478,0.00141365,0.0180018,0.958441,0.0176639,0.00091178,0.00040105,0.000206065,0.000187231,0.000118542,
