0.931212,0.0237236,0.0030023,0.00137179,0.000523447,0.000427181,0.000330915,0.000324898,0.000264732,0.000162449,0.000637763,0.000180499,0.000252698,0.000258715,0.000204565,0.000451247,0.000619713,0.00123943,0.00252097,0.0322913,
0.027006,0.949926,0.0147264,0.00153735,0.000779202,0.000438421,0.000333123,0.000235484,0.000218253,0.000208681,0.00121954,0.000164647,0.000132101,0.000105298,0.000164647,0.000181878,0.000223997,0.00040396,0.000622213,0.0013727,
0.00176018,0.0248686,0.947631,0.018054,0.00231569,0.000875247,0.000539359,0.000406941,0.000203471,0.000155025,0.000765437,0.000180863,0.000135647,0.000132417,0.000132417,0.000203471,0.000171174,0.000248686,0.000445698,0.000775126,
0.00135061,0.00314664,0.0405321,0.927387,0.0181467,0.00267733,0.00134424,0.000864305,0.000611597,0.000390742,0.00104375,0.000224571,0.000163517,0.00016511,0.00016511,0.000186346,0.000225632,0.000305267,0.000403484,0.000666279,
0.00037539,0.000729329,0.00228452,0.0291589,0.935193,0.0255337,0.00291374,0.00109399,0.000622075,0.000350364,0.00049337,0.000153731,0.000139431,0.000114405,8.22283e-05,0.000110829,0.000128705,0.00011798,0.000185907,0.000218084,
0.000305776,0.000504045,0.00103756,0.00356348,0.0854559,0.88747,0.0153668,0.00272117,0.00117153,0.000596146,0.000589448,0.000220373,0.000148367,0.000118559,0.000102484,0.000102818,9.24362e-05,0.000112196,0.000146022,0.000174825,
0.000238482,0.000307747,0.000569464,0.00145763,0.00527291,0.0764335,0.8867,0.0200987,0.00429531,0.00194468,0.0010701,0.000436194,0.000232783,0.000170971,0.000126255,0.00010872,0.000109158,0.00011135,0.0001359,0.000180615,
6.90394e-05,6.72226e-05,0.000128995,0.000241638,0.000506895,0.00144801,0.0319525,0.92827,0.0324722,0.0029796,0.000930216,0.000366999,0.000185316,8.90245e-05,7.81236e-05,5.45048e-05,3.27029e-05,2.90692e-05,5.45048e-05,4.36039e-05,
4.45592e-05,4.45592e-05,6.51249e-05,8.68332e-05,0.000159956,0.000381609,0.00126251,0.037721,0.929595,0.0272462,0.0022748,0.000536995,0.000222796,0.000122252,5.4842e-05,5.36995e-05,3.65614e-05,2.85636e-05,3.54188e-05,2.62785e-05,
8.74151e-05,0.000109713,0.000127275,0.000188446,0.000355185,0.000663407,0.00189314,0.00849189,0.0709672,0.893726,0.0195354,0.00205356,0.000766608,0.000356961,0.000213506,0.000130432,9.92546e-05,8.22846e-05,7.89301e-05,7.32077e-05,
0.000112383,0.000116646,0.000121328,0.000125393,0.000153877,0.000230459,0.000407818,0.00122015,0.00688752,0.0594405,0.923726,0.00553953,0.000811546,0.000322292,0.00018963,0.000134978,0.000120564,0.00011226,0.000108737,0.000118026,
5.57438e-05,4.61328e-05,4.22884e-05,8.26546e-05,6.53548e-05,0.00011341,0.000178765,0.000394051,0.00100339,0.00352147,0.0569337,0.916611,0.0181494,0.00175689,0.000474784,0.000224897,0.000132632,9.03434e-05,6.15104e-05,6.15104e-05,
0.000271171,0.000210453,0.000167247,0.000145879,0.000166518,0.000227652,0.000385414,0.000859117,0.00227856,0.00807811,0.0208841,0.0728796,0.87312,0.0159239,0.00200045,0.000864224,0.000486263,0.000383746,0.000347055,0.000320996,
0.000270562,0.000226942,0.000178596,0.000159353,0.000156247,0.000194599,0.000283121,0.000501488,0.00108198,0.00278482,0.0057057,0.00762299,0.0429374,0.919408,0.0150974,0.00138292,0.000753684,0.000507025,0.000404323,0.000342608,
0.000291036,0.000232782,0.000189071,0.000161469,0.000157012,0.000177655,0.00022895,0.000338421,0.000612801,0.00128448,0.00295586,0.00253206,0.00341986,0.033735,0.935817,0.0150549,0.00125203,0.000723054,0.000469238,0.000366883,
0.000385801,0.000287469,0.000224595,0.000185943,0.000179656,0.000190478,0.000255517,0.000348179,0.00053608,0.000906833,0.00229347,0.00137035,0.00176398,0.00258454,0.0340891,0.935524,0.0161345,0.00147188,0.00075109,0.0005166,
0.00060686,0.000427735,0.000328063,0.000281929,0.000259717,0.000302718,0.000387581,0.000471591,0.000697846,0.00110721,0.00265284,0.00124205,0.00126384,0.0016396,0.00292181,0.0236101,0.938593,0.0202116,0.00204142,0.000952152,
0.000805056,0.000522879,0.000368433,0.000293118,0.000231034,0.000225436,0.000255715,0.000308639,0.000373776,0.000488784,0.00184903,0.000588271,0.00067987,0.000817524,0.00135414,0.00275739,0.0235563,0.945666,0.0172354,0.00162283,
0.00199049,0.00108958,0.000599034,0.000363194,0.000249991,0.000216973,0.000240557,0.000226407,0.000292442,0.000245274,0.00108486,0.000198106,0.000405645,0.000396211,0.000580167,0.00115562,0.00239614,0.0247255,0.94338,0.0201643,
0.0274263,0.00312452,0.00128948,0.000704257,0.000476117,0.000540591,0.000520753,0.000500915,0.000580268,0.00103159,0.00189951,0.000813367,0.000729055,0.000729055,0.000610025,0.000818327,0.00123989,0.0036056,0.0311807,0.92218,


0.931042,0.0240466,0.00300733,0.0013319,0.000801552,0.000385709,0.000355576,0.000283255,0.000216962,0.000222988,0.000723205,0.000229015,0.000210935,0.000241068,0.000241068,0.000524324,0.000620751,0.00120534,0.00268189,0.0316282,
0.0270507,0.94615,0.0149968,0.00154018,0.000920681,0.000630101,0.000525084,0.000414561,0.000413134,0.000502857,0.00163031,0.000281404,0.000247146,0.000212888,0.000218394,0.000254895,0.000355018,0.000528754,0.000888462,0.00223818,
0.00218435,0.0251397,0.945395,0.0185867,0.00242778,0.00111191,0.000539507,0.000440817,0.000319099,0.000210539,0.00100335,0.000125008,0.000154615,0.000115139,0.00020396,0.000171063,0.00020725,0.000286202,0.000552666,0.000825709,
0.00106368,0.00219572,0.0288818,0.93491,0.024768,0.00314406,0.00118757,0.000666405,0.000388736,0.000316115,0.000734754,0.000183688,0.000115339,0.000106796,0.000119611,0.000102524,0.000158058,0.000196504,0.000264853,0.000495532,
0.000243633,0.000365972,0.000757039,0.0167427,0.963282,0.0143315,0.00116379,0.000559414,0.000321009,0.000231085,0.00122339,0.000122339,7.63312e-05,5.33273e-05,6.16924e-05,7.424e-05,8.67876e-05,7.73769e-05,9.30614e-05,0.000133841,
0.000216281,0.000347361,0.000720938,0.00210055,0.0356307,0.930551,0.0237877,0.00310003,0.00127147,0.000619351,0.000606243,0.000203173,0.000144188,8.19248e-05,8.84788e-05,0.000108141,8.52018e-05,7.86478e-05,0.000111418,0.000147465,
0.000134595,0.000201893,0.000302839,0.000590148,0.00178597,0.0276903,0.935759,0.0276981,0.00303874,0.00110006,0.000667799,0.000305427,0.000214834,0.000103535,6.47092e-05,6.21208e-05,6.47092e-05,5.43557e-05,6.98859e-05,9.05928e-05,
5.98983e-05,6.35285e-05,0.000128872,0.000263189,0.000506413,0.00151924,0.0314974,0.928663,0.0326355,0.00286423,0.00090755,0.000341239,0.00017425,9.0755e-05,7.80493e-05,6.17134e-05,3.26718e-05,2.72265e-05,4.17473e-05,4.35624e-05,
3.10768e-05,5.06437e-05,7.48145e-05,7.36636e-05,0.000166894,0.000387885,0.0013294,0.0365383,0.930017,0.027953,0.002264,0.000570893,0.000202575,0.000103589,7.59655e-05,4.60397e-05,3.56808e-05,2.41709e-05,2.53218e-05,2.87748e-05,
3.64038e-05,1.37744e-05,4.23071e-05,6.78881e-05,8.6582e-05,0.000169228,0.000407329,0.00154175,0.0421949,0.920634,0.0321298,0.00180641,0.000433894,0.000163325,8.55981e-05,5.50976e-05,4.72265e-05,2.95166e-05,2.95166e-05,2.5581e-05,
5.47527e-05,5.73293e-05,6.76356e-05,7.60096e-05,8.24511e-05,0.000117879,0.000169411,0.000349129,0.0013263,0.036846,0.947525,0.0117441,0.000820646,0.000256371,0.00013656,0.00010242,8.11628e-05,6.89239e-05,5.15319e-05,6.63473e-05,
0.00020635,0.000165883,0.000133414,0.000126427,0.000149173,0.00024536,0.000533061,0.0013433,0.00502903,0.0320255,0.134736,0.80157,0.0185698,0.0028972,0.000862657,0.000382818,0.000257789,0.000251813,0.000265758,0.000249226,
5.26134e-05,4.70751e-05,6.6459e-05,8.03046e-05,6.6459e-05,0.000132918,0.000171686,0.000274143,0.00057044,0.00116303,0.00355556,0.0350017,0.931536,0.0239197,0.001955,0.000717203,0.000260298,0.000185531,0.000143994,9.96885e-05,
0.000138569,0.000104772,7.43542e-05,0.000104772,7.7734e-05,0.000101392,0.000114911,0.000236582,0.000300797,0.000493442,0.00159186,0.00333242,0.0397626,0.924196,0.0258313,0.0020177,0.000736783,0.000327835,0.000219683,0.000236582,
0.000146745,8.87296e-05,8.19043e-05,9.5555e-05,8.5317e-05,8.19043e-05,9.89677e-05,0.000153571,0.000174047,0.000334442,0.000887296,0.000979439,0.00269602,0.033533,0.930665,0.0266735,0.00192475,0.000685948,0.000412934,0.000201348,
0.000269329,0.000192783,9.35562e-05,7.6546e-05,8.22161e-05,8.22161e-05,7.93811e-05,0.000121907,0.000136082,0.000206958,0.000762625,0.000470616,0.000907212,0.00229638,0.0338447,0.940243,0.0177899,0.00151108,0.000521647,0.000311854,
0.000381861,0.000203659,0.00018103,0.00014143,7.92007e-05,0.000104658,8.20293e-05,0.000107487,0.000172544,0.000152744,0.000941923,0.000305489,0.000446919,0.00078635,0.00227702,0.0238083,0.949942,0.0177806,0.00148784,0.000616634,
0.000721566,0.000415366,0.000308862,0.000218334,0.000186382,0.000258273,0.000250285,0.000258273,0.000383415,0.000473944,0.00144846,0.000513883,0.000535184,0.000593761,0.0009399,0.0021221,0.0233457,0.946732,0.0184172,0.00187714,
0.0019232,0.000880906,0.000546774,0.000404215,0.000355052,0.000380904,0.000469069,0.000566798,0.000775257,0.00121324,0.00293112,0.00107412,0.00080335,0.000773165,0.000816799,0.00112837,0.00240572,0.0251751,0.93733,0.0200473,
0.0219146,0.00267784,0.0013398,0.00086382,0.000662849,0.000551199,0.000525343,0.000500075,0.000562364,0.000704571,0.00168004,0.000592921,0.000579406,0.000575292,0.000731015,0.00103365,0.00186338,0.00393302,0.0377078,0.921001,


0.93066,0.0245443,0.00312286,0.00115792,0.000736855,0.000520477,0.000309947,0.000175442,0.000251466,0.000257314,0.000637438,0.000169594,0.000169594,0.000198834,0.000269011,0.00039182,0.000637438,0.00126318,0.00287724,0.0316497,
0.0270453,0.937902,0.0212999,0.0023908,0.00104263,0.000560688,0.00045674,0.000434691,0.00049139,0.000759134,0.00170726,0.00048824,0.000355942,0.000330743,0.000324443,0.000343343,0.000377992,0.000582738,0.000919781,0.00218605,
0.00185698,0.0249549,0.947011,0.0181399,0.00233571,0.0009849,0.000588501,0.000402498,0.000250037,0.000152461,0.00120444,0.000112821,9.75753e-05,9.4526e-05,0.000112821,0.000164658,0.000192101,0.000262233,0.000365907,0.000716568,
0.000892746,0.00217178,0.0295765,0.934151,0.0249969,0.00318899,0.00131766,0.00054509,0.000433497,0.000326196,0.000751108,0.000137346,0.000150222,0.000133053,7.72569e-05,0.000120177,0.000137346,0.000171682,0.000274691,0.000446373,
0.00054416,0.00101089,0.00277271,0.056036,0.915743,0.0168668,0.00238167,0.00119646,0.000649705,0.000448565,0.000734919,0.000220173,0.000170861,0.000118089,0.00012501,0.000136256,0.000135824,0.000152694,0.000241368,0.000314904,
0.000190466,0.000325105,0.000752011,0.00197033,0.0354397,0.931183,0.0237951,0.00306058,0.00111981,0.000607519,0.000551693,0.000190466,0.000151059,0.000111652,6.23939e-05,8.20972e-05,6.56778e-05,0.000101801,7.88133e-05,0.000160911,
0.000106905,0.000153069,0.00028913,0.000597698,0.0018101,0.0286458,0.935633,0.0271734,0.00296419,0.00105205,0.000643862,0.000235678,0.000155499,0.000116624,5.8312e-05,7.289e-05,5.8312e-05,7.53197e-05,7.77493e-05,8.0179e-05,
6.1765e-05,7.05886e-05,0.000151765,0.00021706,0.000520591,0.00156883,0.0309566,0.92782,0.0339196,0.00279178,0.000981181,0.000344119,0.000174707,0.000107648,6.1765e-05,6.52944e-05,5.82356e-05,3.7059e-05,3.7059e-05,5.47061e-05,
3.68526e-05,3.45493e-05,6.10371e-05,8.63732e-05,0.000166988,0.000396165,0.00130827,0.0357274,0.930166,0.0285826,0.00236547,0.000548182,0.000190021,0.000123226,5.06723e-05,4.26108e-05,3.80042e-05,2.07296e-05,1.84263e-05,3.68526e-05,
3.15019e-05,2.85486e-05,4.03618e-05,6.59571e-05,8.66302e-05,0.000153572,0.000379992,0.00154753,0.041043,0.92128,0.0327541,0.00173359,0.000439058,0.00014865,7.77703e-05,6.00505e-05,3.64241e-05,3.24863e-05,2.2642e-05,3.83929e-05,
4.51833e-05,5.68019e-05,5.422e-05,7.29388e-05,8.71392e-05,0.000118122,0.000180733,0.000387931,0.00133355,0.0361479,0.948035,0.0119316,0.000789417,0.000282073,0.000140068,9.81123e-05,6.77749e-05,6.90659e-05,5.55109e-05,4.71197e-05,
5.33259e-05,4.57079e-05,3.61854e-05,6.09439e-05,8.76069e-05,0.000125697,0.000156169,0.000335191,0.000952249,0.00373281,0.0542363,0.918318,0.0190164,0.00172547,0.000508501,0.000226635,0.000146646,9.71293e-05,8.18934e-05,5.71349e-05,
6.90787e-05,6.07893e-05,6.63156e-05,8.28945e-05,7.18419e-05,0.000143684,0.000135394,0.000270789,0.000519472,0.00117434,0.00372472,0.0342133,0.931112,0.0250535,0.00195355,0.00064105,0.000317762,0.000176841,0.000121579,9.11839e-05,
0.000124261,0.000117544,0.000114186,8.73184e-05,9.73935e-05,9.40351e-05,0.000137694,0.000255238,0.000379499,0.000792582,0.00167248,0.00338862,0.0381984,0.925303,0.025638,0.00207885,0.000708622,0.000372782,0.000275389,0.000164562,
0.00010997,9.96605e-05,9.96605e-05,7.90411e-05,8.24776e-05,9.62239e-05,0.000116843,0.000134026,0.000247433,0.000329911,0.000828213,0.00110657,0.00281111,0.0338674,0.929458,0.0275407,0.00180763,0.000622019,0.000347093,0.000216504,
0.000177743,0.000146709,0.000115674,8.74609e-05,0.000121317,8.74609e-05,7.61756e-05,9.59249e-05,0.000169279,0.00023417,0.00105517,0.000536051,0.000846396,0.00236144,0.0339659,0.939192,0.0182878,0.00152351,0.000623512,0.000296239,
0.000363244,0.000299313,0.000165639,0.000104614,0.000101708,0.000127862,0.000101708,9.58965e-05,0.000127862,0.000156922,0.00116819,0.000351621,0.000441705,0.000839821,0.00210391,0.0233435,0.950331,0.017613,0.0015634,0.000598627,
0.000780213,0.000492391,0.000309231,0.000171266,0.000156994,0.000149858,0.000235491,0.000235491,0.000290201,0.000413893,0.00153902,0.000492391,0.000444817,0.000637491,0.000865846,0.00222408,0.0234659,0.946234,0.0189463,0.00191485,
0.00224546,0.00105879,0.000531953,0.00035293,0.000235287,0.000219942,0.000199482,0.000173908,0.000163678,0.000143218,0.00107414,0.000281321,0.00036316,0.00038362,0.000639367,0.00115086,0.0028081,0.0251501,0.940278,0.0225466,
0.0275757,0.00343854,0.00116862,0.00067809,0.000480915,0.000408778,0.000495342,0.000466487,0.00084641,0.00107244,0.0021016,0.000798319,0.000750227,0.000697327,0.000581907,0.000831983,0.00148122,0.00358282,0.0306295,0.921914,


0.9315,0.024264,0.00346543,0.00134029,0.000561472,0.000458837,0.000283755,0.000235456,0.000211307,0.000217344,0.000700331,0.000156971,0.000156971,0.000138859,0.000217344,0.000289792,0.00063392,0.00134029,0.0027651,0.0310621,
0.0269933,0.952559,0.0133552,0.00111483,0.000644153,0.000480626,0.000321366,0.000186278,0.000136509,0.000160683,0.00126982,9.66941e-05,9.8116e-05,0.000125133,0.000136509,0.000147885,0.000214718,0.000373978,0.000482048,0.00110345,
0.00182352,0.0246834,0.951801,0.0140708,0.0014698,0.000840946,0.000554449,0.000399148,0.000274443,0.000248946,0.00138983,0.000167355,0.000125632,0.000130731,0.000151825,0.000154142,0.000210236,0.00029345,0.000451533,0.000758891,
0.00105275,0.00218884,0.0285777,0.934945,0.0249896,0.00315824,0.0012633,0.000640421,0.00039478,0.000328983,0.000736923,0.000153526,0.000127207,0.000105275,0.000114048,0.000171071,0.000162299,0.000171071,0.000276346,0.000443031,
0.000361832,0.000698587,0.00198829,0.0276246,0.935028,0.0274097,0.0030702,0.00115356,0.000677092,0.000336755,0.000540957,0.000150465,0.00011464,0.000118222,6.80674e-05,7.16499e-05,8.59799e-05,0.000107475,0.00020062,0.000193455,
0.000154028,0.000324442,0.000750478,0.00201547,0.0340927,0.931792,0.0244413,0.00290032,0.00131088,0.000580063,0.000547292,0.000226126,0.000140919,0.000108147,0.000114702,9.83158e-05,9.50387e-05,9.50387e-05,0.000114702,9.83158e-05,
0.000147504,0.000144916,0.000300183,0.00061848,0.00185285,0.0267396,0.935528,0.0289599,0.00303288,0.00108428,0.000621068,0.000256191,0.000131977,0.000134565,5.9519e-05,8.28091e-05,6.46946e-05,4.91679e-05,8.53969e-05,0.000106099,
6.35658e-05,6.70018e-05,0.00013744,0.000273161,0.000503372,0.00157197,0.0308346,0.927815,0.0339768,0.00279518,0.00104969,0.000314393,0.00015462,0.000121978,8.07457e-05,5.15398e-05,3.43599e-05,4.63859e-05,5.15398e-05,5.66938e-05,
4.25182e-05,4.02199e-05,4.36674e-05,8.84839e-05,0.000162029,0.000396454,0.00126406,0.0347925,0.930709,0.029071,0.00227875,0.000565378,0.000218337,9.07822e-05,5.74571e-05,4.13691e-05,2.75794e-05,4.02199e-05,2.87285e-05,4.13691e-05,
3.74121e-05,4.62729e-05,2.95359e-05,6.39945e-05,8.86077e-05,0.000179184,0.000357384,0.00161463,0.0397219,0.921986,0.0333234,0.00173671,0.000361323,0.000169339,8.36851e-05,5.61182e-05,3.74121e-05,3.83967e-05,3.44586e-05,3.44586e-05,
7.40607e-05,5.92485e-05,7.14846e-05,7.21286e-05,7.92127e-05,0.000123649,0.000179678,0.000378675,0.00132536,0.0349367,0.948774,0.0123321,0.000809515,0.000266618,0.000128801,9.27368e-05,8.50088e-05,8.50088e-05,6.31126e-05,6.31126e-05,
5.22916e-05,4.06713e-05,5.81018e-05,5.03549e-05,6.97222e-05,0.000110393,0.000182052,0.000381535,0.000995478,0.00370109,0.0529269,0.919475,0.0190787,0.00171594,0.000505486,0.000234344,0.000182052,0.000104583,8.32793e-05,5.22916e-05,
7.18718e-05,8.56934e-05,6.08146e-05,7.18718e-05,8.84577e-05,0.000102279,0.00016033,0.000281959,0.000563918,0.00118865,0.00345538,0.0333154,0.931683,0.0255062,0.00208152,0.000627497,0.000290252,0.00017968,9.1222e-05,9.39863e-05,
0.00011157,7.77608e-05,0.000121712,0.000118332,6.08562e-05,0.000121712,0.000182569,0.000206235,0.000280615,0.000493612,0.00139969,0.00331328,0.0384781,0.924893,0.0266686,0.00204207,0.000737037,0.000314424,0.000243425,0.000135236,
0.000172696,6.56245e-05,8.28941e-05,5.18088e-05,6.90784e-05,6.56245e-05,8.28941e-05,0.00017615,0.000221051,0.000293583,0.000701146,0.000967098,0.00258699,0.0323632,0.930538,0.0285156,0.00178568,0.000656245,0.000424832,0.000179604,
0.000142341,0.000160513,8.17706e-05,7.87421e-05,7.2685e-05,0.000121142,7.57135e-05,0.000118113,0.000181712,0.000257426,0.000735935,0.000411882,0.000926734,0.00243798,0.033532,0.93899,0.0191162,0.00163844,0.000575423,0.000345254,
0.00038078,0.00028261,0.00019634,9.22202e-05,9.81699e-05,8.32957e-05,7.13963e-05,0.000101145,0.000124943,0.000193365,0.00116614,0.000365906,0.000514648,0.000815107,0.00200207,0.0243759,0.948479,0.0185987,0.0013714,0.000687189,
0.000936608,0.000496859,0.000348372,0.000282696,0.000205597,0.000245574,0.000245574,0.000302684,0.00036265,0.000659623,0.00174186,0.000639634,0.000602513,0.000651057,0.00115077,0.00239006,0.023438,0.944432,0.0190148,0.00185323,
0.00216787,0.00100532,0.00049075,0.00027158,0.000181053,0.000257286,0.000142937,0.000133408,0.000190582,0.000176289,0.00108155,0.000204876,0.000304932,0.000438339,0.000686097,0.0010625,0.00285397,0.0246423,0.942878,0.0208307,
0.0138244,0.00089686,0.000463478,0.00029838,0.000258825,0.000183156,0.000141881,0.000169397,0.000165098,0.000239908,0.0016312,0.000202933,0.000202933,0.000196054,0.000320737,0.000324177,0.000467778,0.000950173,0.0140651,0.964998,


0.915492,0.0194329,0.00254747,0.00127255,0.000839309,0.000649076,0.000508076,0.000488777,0.00052383,0.000624263,0.00129225,0.00040134,0.000360773,0.000350139,0.000421427,0.000567154,0.000834189,0.00135723,0.00363333,0.0484043,
0.0270505,0.941903,0.0187807,0.00199557,0.00093953,0.000498273,0.000463568,0.000416467,0.000428862,0.00058008,0.00173776,0.000342098,0.000280124,0.000314829,0.00021815,0.000270208,0.000384241,0.000513147,0.000857724,0.00202532,
0.00134952,0.0247342,0.951383,0.0160638,0.00170241,0.000686525,0.000434158,0.000267339,0.000239535,0.000130461,0.00111854,0.000102658,6.63e-05,7.05774e-05,0.000109074,0.00011549,0.000183929,0.000278032,0.000329361,0.000635196,
0.00083006,0.00218199,0.0271536,0.936455,0.0249018,0.00309423,0.00140946,0.000624599,0.00041503,0.000242443,0.000813623,0.000160259,0.000172587,0.000172587,0.000139713,0.00010273,0.000189023,0.000193133,0.000262989,0.000484886,
0.000379986,0.000863929,0.0019537,0.0272442,0.935402,0.0275131,0.00295385,0.00111128,0.00061658,0.000358477,0.000512622,0.000179238,0.000125467,0.000111128,7.88649e-05,0.000111128,6.09411e-05,0.000100374,0.000143391,0.000179238,
0.000210291,0.00035158,0.000634159,0.0020832,0.0331636,0.932546,0.0243412,0.00317737,0.00123875,0.000538871,0.000644017,0.000207005,0.000167576,9.8574e-05,0.000111717,8.54308e-05,5.91444e-05,0.000111717,0.000121575,0.000108431,
0.00010105,0.000171008,0.000339425,0.000608892,0.00186036,0.0258611,0.935571,0.0297942,0.003003,0.00104678,0.000668486,0.00025133,0.000152871,0.000119187,5.44116e-05,7.77309e-05,5.18206e-05,8.03219e-05,0.000103641,8.29129e-05,
8.03176e-05,8.74569e-05,0.000114229,0.00026951,0.000501539,0.00148141,0.0298442,0.927593,0.0353344,0.00282896,0.000942393,0.000344473,0.000203471,9.45962e-05,5.88995e-05,3.03422e-05,4.46209e-05,5.71147e-05,4.10512e-05,4.81905e-05,
3.68379e-05,3.45356e-05,5.41057e-05,9.66996e-05,0.000169224,0.000366077,0.00130314,0.0338989,0.9306,0.0299504,0.00235417,0.000565232,0.00019455,0.00011627,6.10128e-05,5.06521e-05,5.18033e-05,2.18725e-05,3.79891e-05,3.68379e-05,
2.16635e-05,3.54493e-05,4.52963e-05,6.79445e-05,8.2715e-05,0.000179216,0.00039585,0.00154204,0.0387254,0.92193,0.0342933,0.00184238,0.000371233,0.000188078,8.17303e-05,5.71128e-05,4.03728e-05,3.54493e-05,2.46176e-05,4.03728e-05,
5.35243e-05,5.73935e-05,5.54589e-05,6.96461e-05,8.44781e-05,0.00012575,0.000178629,0.000348875,0.00134198,0.0339602,0.949773,0.0124022,0.000763528,0.000286968,0.000125105,0.000109628,7.73846e-05,7.60948e-05,5.48141e-05,5.54589e-05,
3.50963e-05,3.70461e-05,6.43432e-05,7.60419e-05,6.04436e-05,0.000111138,0.000175481,0.000384109,0.000972947,0.00360517,0.0525489,0.919715,0.0194102,0.00171387,0.000506946,0.000194979,0.000152084,9.55399e-05,8.18913e-05,5.84938e-05,
7.72369e-05,7.44784e-05,8.27538e-05,5.79277e-05,7.99954e-05,0.000104822,0.000165508,0.000264812,0.000488248,0.0012551,0.00370461,0.0331512,0.931408,0.0258109,0.00184817,0.000697891,0.000361358,0.000165508,0.000113097,8.82707e-05,
0.000128324,9.45547e-05,9.79316e-05,7.42929e-05,8.44238e-05,0.000128324,0.000135078,0.000185732,0.000341072,0.000580836,0.00144871,0.00318784,0.036954,0.925363,0.027691,0.00210384,0.000688898,0.000374842,0.00019924,0.000138455,
0.000151909,6.55969e-05,6.21444e-05,6.21444e-05,7.25018e-05,8.28592e-05,0.000110479,0.000176076,0.000234768,0.000262387,0.000807877,0.0010461,0.0026653,0.0325775,0.929321,0.0290007,0.00198862,0.000711208,0.000334889,0.00026584,
0.000228955,0.00012376,7.73498e-05,8.35378e-05,9.90078e-05,8.66318e-05,9.28198e-05,0.000105196,0.000163982,0.000256801,0.00062808,0.000507415,0.000980796,0.00246591,0.0339566,0.937885,0.0195169,0.00169551,0.000640456,0.000405313,
0.000339347,0.000264299,0.000176199,9.46256e-05,0.000120729,0.000130518,9.78885e-05,9.78885e-05,0.000146833,0.000137044,0.00102457,0.000388291,0.000482917,0.0010213,0.00227428,0.023565,0.947463,0.0197115,0.00171305,0.000750479,
0.000907957,0.000489135,0.000281253,0.000293481,0.000204825,0.000217054,0.000207882,0.000247625,0.00043105,0.000675618,0.00173643,0.000544163,0.00056862,0.00069396,0.000950756,0.00247319,0.0235152,0.941166,0.0222801,0.00211551,
0.00236164,0.00107393,0.000549691,0.000417358,0.000229038,0.00018832,0.000137423,0.000111974,0.00018323,0.000162871,0.0010434,0.000285025,0.00037155,0.000463166,0.000636216,0.00117064,0.00271792,0.025016,0.941422,0.0214583,
0.0266445,0.00325301,0.00133307,0.000741989,0.000503043,0.000469507,0.000553348,0.000561732,0.000574308,0.000901286,0.00203733,0.000876134,0.000658148,0.00055754,0.000645572,0.000779717,0.00133307,0.0034207,0.037024,0.917132,


0.931907,0.0252676,0.00289808,0.00138866,0.00074867,0.000483013,0.000271695,0.000211318,0.000211318,0.000193205,0.000754708,0.00018113,0.000193205,0.000187168,0.000271695,0.000416599,0.000579616,0.00119546,0.00268072,0.0299589,
0.0270565,0.943381,0.0181574,0.00180286,0.000887877,0.000571585,0.000413439,0.000413439,0.000426994,0.000596436,0.00169894,0.000368254,0.000237219,0.000239478,0.000255293,0.000207849,0.000302737,0.000483475,0.00067325,0.00182546,
0.00215317,0.0249051,0.942675,0.0214963,0.00266883,0.00121632,0.000633748,0.000366078,0.000303097,0.000240116,0.000862055,0.00019288,0.000137771,0.000129899,0.000122026,0.000200753,0.000196816,0.000255861,0.000401505,0.000842374,
0.00105667,0.0025555,0.0375007,0.925587,0.025319,0.00293021,0.00114286,0.000723185,0.000445902,0.000262295,0.00055082,0.00015363,0.000131148,0.000134895,0.0001274,0.000157377,0.000149883,0.000239813,0.000333489,0.000498361,
0.000376068,0.000705575,0.00205226,0.026973,0.934819,0.0283089,0.00307301,0.00124281,0.000565892,0.000293691,0.000569474,0.000136101,0.000114611,9.31215e-05,6.80504e-05,8.59583e-05,7.1632e-05,0.000136101,0.000103866,0.000211314,
0.000212252,0.000401646,0.000692267,0.00201803,0.0324909,0.932599,0.0251274,0.0030303,0.00121473,0.000617163,0.00059104,0.000189394,0.000146944,0.000153474,9.4697e-05,8.49007e-05,7.83699e-05,6.20428e-05,8.81661e-05,0.000107759,
9.5925e-05,0.00018148,0.000279997,0.000604068,0.0016385,0.0261201,0.934919,0.030499,0.00298405,0.00108888,0.000692216,0.000233331,0.000173702,8.81473e-05,6.99993e-05,5.44439e-05,4.14811e-05,6.99993e-05,8.03696e-05,8.55547e-05,
4.1693e-05,7.79477e-05,0.000146832,0.00025197,0.000567387,0.0015372,0.0285361,0.927681,0.0362384,0.00293663,0.00105139,0.000328105,0.000179461,0.000125079,6.52585e-05,5.98203e-05,2.35656e-05,3.26293e-05,5.80076e-05,6.16331e-05,
2.99613e-05,3.68755e-05,4.4942e-05,0.000104865,0.000206272,0.000409087,0.00135287,0.0331683,0.930365,0.0308002,0.0023681,0.000581941,0.000217796,0.000107169,6.4532e-05,3.91802e-05,3.91802e-05,2.76566e-05,1.84377e-05,1.72854e-05,
3.5403e-05,3.04859e-05,4.32703e-05,6.29387e-05,9.14577e-05,0.000154396,0.000401234,0.00156068,0.0374465,0.922447,0.0350618,0.00183309,0.000393367,0.000176032,8.06402e-05,5.11377e-05,4.7204e-05,3.14693e-05,3.14693e-05,2.06517e-05,
5.99857e-05,5.35356e-05,6.64358e-05,7.15959e-05,7.61109e-05,0.000116101,0.000185117,0.000338629,0.00132614,0.0328186,0.95059,0.0126557,0.000868825,0.000270258,0.000139967,9.03011e-05,7.9981e-05,7.41759e-05,5.80507e-05,5.99857e-05,
5.27237e-05,6.444e-05,5.46764e-05,5.66291e-05,7.61564e-05,0.000111306,0.000201131,0.000431553,0.000956837,0.0036848,0.0507514,0.920883,0.0198885,0.00161686,0.000542858,0.000228469,0.000156218,0.000109353,6.444e-05,6.83455e-05,
7.18788e-05,6.91142e-05,6.91142e-05,8.01725e-05,7.74079e-05,0.000124406,0.000171403,0.000287515,0.000503152,0.00123853,0.00366582,0.0319695,0.931657,0.0267583,0.00189097,0.000644145,0.000312396,0.000165874,0.000124406,0.000118876,
0.000131097,7.39521e-05,0.000127735,8.40364e-05,6.05062e-05,0.000121012,0.000131097,0.000188242,0.000376483,0.0006454,0.00166392,0.00368752,0.0367138,0.924394,0.0280077,0.00213116,0.000742882,0.00036976,0.000228579,0.000121012,
0.000102967,7.30452e-05,5.45639e-05,2.90421e-05,5.80842e-05,7.30452e-05,7.65655e-05,7.12851e-05,0.000127609,0.000211215,0.00122153,0.000493715,0.00101559,0.0155393,0.963203,0.0163049,0.000643326,0.000334424,0.000227936,0.00013905,
0.000197756,0.000116143,0.000119282,7.21967e-05,8.16137e-05,8.78917e-05,0.000103587,0.00012556,0.000147532,0.000182061,0.000872639,0.00043318,0.000863222,0.00248608,0.0335244,0.938168,0.0198635,0.00165425,0.000612103,0.000288787,
0.000391995,0.000276703,0.000197645,0.000144939,0.000118587,9.55283e-05,7.90579e-05,8.89401e-05,0.000115293,0.000158116,0.00114963,0.000319526,0.000418348,0.000951989,0.00241785,0.0236251,0.947249,0.0198864,0.00157786,0.000737874,
0.000892658,0.000403756,0.00031037,0.000255438,0.000192265,0.000186772,0.000244451,0.000390023,0.000420236,0.000546582,0.00175236,0.000604261,0.000494395,0.0007361,0.00111239,0.00254888,0.0233877,0.943537,0.0200532,0.00193089,
0.00230409,0.00100356,0.000578582,0.000343053,0.000220168,0.000189447,0.000204808,0.000163846,0.000102404,0.00025601,0.000977958,0.000220168,0.000317452,0.000486419,0.000732188,0.00113668,0.00281099,0.0249302,0.940677,0.0223445,
0.0272786,0.00286193,0.0013794,0.000554338,0.000464097,0.000421125,0.000429719,0.000421125,0.000584418,0.000786386,0.00177904,0.000554338,0.0004598,0.000562932,0.000507069,0.000752009,0.00121181,0.00287912,0.0278845,0.928228,


0.930964,0.0259608,0.00311771,0.0014292,0.000759828,0.000464339,0.000307549,0.000265337,0.000241215,0.000229154,0.000609068,0.000241215,0.000192972,0.000180911,0.000283428,0.000343732,0.000609068,0.00121814,0.00280413,0.029778,
0.0268305,0.940983,0.0193261,0.00214561,0.000979065,0.000703052,0.000437454,0.000359338,0.000479117,0.000604104,0.00169774,0.000484325,0.000304656,0.000299448,0.000255182,0.000262993,0.000356734,0.000546818,0.000815019,0.00212999,
0.00146733,0.024654,0.95014,0.016549,0.00183763,0.000927466,0.00050007,0.000295889,0.000212833,0.000169574,0.00110915,0.000129776,0.000121124,0.000124585,0.000126315,0.000155731,0.000186877,0.000288968,0.000392789,0.000610812,
0.00080205,0.0021945,0.0279603,0.935843,0.025298,0.0028146,0.00123278,0.000672088,0.000460436,0.000297055,0.000816902,0.000118822,0.000126249,0.000100256,0.000100256,0.000129962,0.000126249,0.000178233,0.000319335,0.000408451,
0.00034373,0.000787714,0.00208744,0.0259874,0.935454,0.0287981,0.00284651,0.00109922,0.000694621,0.000315086,0.00047979,0.000189768,8.59325e-05,6.80299e-05,7.16104e-05,0.000103835,0.000110996,8.9513e-05,0.000125318,0.000261378,
0.000185143,0.000293675,0.000734189,0.00198231,0.0315988,0.933649,0.0251444,0.00306444,0.00122897,0.000529893,0.000632041,0.000213872,0.000118109,9.89559e-05,8.61874e-05,5.1074e-05,7.98031e-05,7.98031e-05,8.93795e-05,0.000140453,
0.000107793,0.000174865,0.000306613,0.000625202,0.00173188,0.0262082,0.93479,0.03029,0.00304696,0.00106117,0.000649156,0.000289845,0.000155702,0.000103003,7.66531e-05,8.1444e-05,5.03036e-05,7.18623e-05,7.42577e-05,0.000105398,
8.92776e-05,0.00012049,0.000182457,0.000326127,0.000793171,0.0026283,0.0701034,0.901889,0.0179595,0.00324819,0.00136464,0.0004597,0.000238915,0.000146654,8.81301e-05,7.52778e-05,6.54091e-05,6.63271e-05,7.41303e-05,8.05564e-05,
3.84376e-05,4.85046e-05,4.66743e-05,9.97548e-05,0.000170224,0.000413662,0.00145697,0.0343715,0.931231,0.0287294,0.00222481,0.000565582,0.000235202,0.00012538,6.49779e-05,4.0268e-05,4.66743e-05,2.92858e-05,2.83706e-05,3.29465e-05,
3.05072e-05,2.75549e-05,4.03482e-05,5.31415e-05,0.000104315,0.000165329,0.000369039,0.00151355,0.0362799,0.922335,0.0363911,0.00181764,0.000464497,0.000147615,8.16805e-05,5.01892e-05,3.44436e-05,3.34595e-05,2.36185e-05,3.73959e-05,
5.34557e-05,5.15236e-05,5.40997e-05,7.14889e-05,9.53186e-05,0.000115284,0.000161655,0.000357445,0.00131707,0.0319259,0.951167,0.0130226,0.00084241,0.000262126,0.00013847,0.000104979,7.85734e-05,7.14889e-05,5.98961e-05,4.89474e-05,
4.88442e-05,4.88442e-05,6.83818e-05,6.25205e-05,5.27517e-05,0.000130902,0.00016607,0.000345817,0.000924131,0.00378835,0.0493893,0.922047,0.0201414,0.00164116,0.000549008,0.000228591,0.000136764,9.57345e-05,6.25205e-05,7.22893e-05,
9.9775e-05,8.31458e-05,4.98875e-05,6.09736e-05,5.82021e-05,0.000105318,0.000141348,0.000268838,0.00052659,0.00121947,0.00365841,0.031479,0.931926,0.0270473,0.00192344,0.000590335,0.000360298,0.000191235,0.000124719,8.59173e-05,
0.000122076,9.15568e-05,8.13838e-05,6.10378e-05,8.13838e-05,9.15568e-05,9.15568e-05,0.000223805,0.000339099,0.00061716,0.00154968,0.00322483,0.0358123,0.925334,0.028681,0.00217702,0.000742627,0.000359445,0.000172941,0.000145813,
0.000110395,7.24465e-05,9.65954e-05,8.96957e-05,6.89967e-05,7.24465e-05,8.62459e-05,0.000110395,0.000231139,0.000334634,0.000755514,0.0010522,0.00273917,0.0307139,0.929461,0.0307691,0.00204575,0.000679617,0.000313935,0.000196641,
0.000230035,0.000111731,0.00012159,0.000105159,9.85863e-05,8.87276e-05,8.21552e-05,0.000131448,0.000157738,0.000236607,0.00071968,0.000535652,0.000916852,0.00273413,0.0340747,0.936064,0.0207754,0.00182713,0.000644097,0.000345052,
0.000471487,0.000252114,0.000150614,0.000111323,0.000127694,0.000130968,0.000121146,0.000140791,0.00012442,0.000153888,0.000952796,0.000415825,0.000530422,0.000972441,0.00231814,0.0235874,0.947085,0.0200545,0.00161419,0.00068431,
0.000999839,0.000588513,0.00038285,0.000227811,0.000170859,0.000174023,0.000243632,0.000351209,0.000392342,0.000661286,0.00174339,0.000594841,0.000604333,0.000715074,0.00102515,0.0025344,0.0238031,0.940851,0.0218984,0.00203765,
0.00220534,0.00115389,0.000647043,0.000436754,0.000269601,0.000194113,0.000248033,0.000134801,0.000177937,0.000221073,0.000932821,0.000280385,0.000420578,0.000415186,0.000603907,0.00121321,0.00279846,0.0248626,0.939216,0.0235686,
0.0274158,0.00278955,0.001186,0.00081732,0.000399776,0.000399776,0.00045308,0.000484173,0.000608548,0.00103942,0.00206551,0.000697387,0.000573012,0.000524151,0.000573012,0.000764017,0.00125707,0.00314046,0.0276734,0.927139,


0.931934,0.0257836,0.00326732,0.00119742,0.000740112,0.000439254,0.000258738,0.000222635,0.000186532,0.000240687,0.00063782,0.000168481,0.00019255,0.000222635,0.000282807,0.000379082,0.000722061,0.00113725,0.00282205,0.0291652,
0.0267547,0.935897,0.0221169,0.00238996,0.0011756,0.000729908,0.000552276,0.000555505,0.000584572,0.000933378,0.00208314,0.000497371,0.000397251,0.000297131,0.000274523,0.000297131,0.000429548,0.000642707,0.000978594,0.00241257,
0.00186238,0.024868,0.942398,0.0219636,0.00266721,0.00107699,0.000610425,0.000396582,0.00027994,0.000264388,0.00099923,0.000147746,9.72014e-05,0.000147746,0.000163298,0.000147746,0.000186627,0.000353813,0.000478231,0.000890365,
0.000850102,0.00206121,0.0251964,0.938637,0.0254759,0.00291519,0.00104031,0.000687069,0.000306658,0.000314421,0.000803522,0.00015527,0.000100925,0.000131979,0.000124216,0.000128098,0.000128098,0.000213496,0.000326067,0.000403702,
0.000364907,0.000736571,0.00180426,0.0253441,0.937162,0.028233,0.00263206,0.00111499,0.000584527,0.000341255,0.000560875,0.000152044,9.46055e-05,9.12267e-05,7.43329e-05,8.78479e-05,0.000111499,0.000111499,0.000118257,0.000280438,
0.000204459,0.000360092,0.000643893,0.00205375,0.0299578,0.935446,0.0249165,0.00298144,0.00113521,0.000570654,0.000714081,0.000268543,0.000128168,0.000115962,7.32391e-05,7.01874e-05,8.84972e-05,7.62907e-05,9.15488e-05,0.000103755,
0.000124242,0.000173421,0.000333901,0.0006238,0.00173163,0.0249598,0.935182,0.0314281,0.00282133,0.00099135,0.000652272,0.000243308,0.000194129,0.000137184,7.5063e-05,6.98863e-05,5.95327e-05,6.21211e-05,6.98863e-05,6.72979e-05,
6.97124e-05,8.22249e-05,0.000139425,0.000252037,0.000505862,0.0014872,0.0272522,0.927075,0.0383168,0.00295116,0.000913412,0.000339625,0.000194837,0.000109037,7.32874e-05,5.18375e-05,4.46875e-05,4.82625e-05,5.005e-05,4.29e-05,
3.7802e-05,5.29228e-05,4.96826e-05,9.93653e-05,0.000158768,0.00037046,0.00124855,0.0321976,0.931654,0.0307589,0.00226272,0.00056703,0.000205211,0.000103685,6.48034e-05,4.21222e-05,3.99621e-05,1.9441e-05,3.45618e-05,3.24017e-05,
2.07253e-05,1.61197e-05,2.56599e-05,3.2349e-05,5.93248e-05,0.000114702,0.00030112,0.0013069,0.0706374,0.916164,0.0100762,0.00081651,0.000199577,8.75068e-05,4.29858e-05,2.79627e-05,2.20412e-05,1.72162e-05,1.45845e-05,1.69969e-05,
5.29007e-05,6.06423e-05,6.06423e-05,7.16095e-05,8.64475e-05,0.000121285,0.000163218,0.00036966,0.00131478,0.0310611,0.951639,0.0134045,0.000816736,0.000283858,0.000146445,9.8705e-05,7.09644e-05,6.06423e-05,6.58034e-05,5.09653e-05,
1.29033e-05,1.34811e-05,1.25182e-05,1.52786e-05,1.81674e-05,2.86313e-05,4.62209e-05,9.3854e-05,0.000299088,0.00128269,0.0712544,0.919359,0.00653614,0.000683812,0.000177437,7.51089e-05,3.55644e-05,2.2982e-05,1.91303e-05,1.34169e-05,
7.18317e-05,8.012e-05,6.07807e-05,6.9069e-05,9.11711e-05,0.000132612,0.000168528,0.000237597,0.000541501,0.00117141,0.00359435,0.0313767,0.93168,0.0273817,0.00195327,0.000657537,0.000295615,0.000174054,0.00016024,0.000102222,
0.000127269,0.000103825,0.000127269,9.71264e-05,0.000100476,0.000157412,0.000177507,0.0002043,0.000361712,0.000797106,0.00155737,0.00366736,0.0345201,0.925528,0.0291312,0.00191573,0.000689932,0.000341617,0.000237792,0.000157412,
0.000151503,0.000113627,0.00011707,8.95243e-05,6.88648e-05,0.00010674,8.95243e-05,0.00011707,0.000213481,0.000333994,0.000843594,0.00111217,0.00272705,0.0305829,0.928894,0.0312956,0.0019351,0.000647329,0.000347767,0.000213481,
0.000136296,7.93505e-05,7.00152e-05,6.77747e-05,6.79614e-05,6.4414e-05,6.68412e-05,8.86859e-05,0.00010941,0.00017121,0.000710794,0.000343728,0.000588314,0.00169885,0.0340709,0.946747,0.0133886,0.000917292,0.000375655,0.000237305,
0.000374921,0.000195905,0.000121596,0.000128352,0.000138485,0.00014524,0.000118218,0.000108085,0.00014524,0.000239815,0.000993035,0.000385054,0.000472874,0.000874817,0.00259067,0.0235593,0.945724,0.0212354,0.00172261,0.000726199,
0.000601322,0.000355642,0.000309082,0.000211008,0.000202092,0.000194167,0.000222895,0.000331867,0.000375455,0.000491361,0.00172075,0.000602313,0.000564668,0.000677602,0.00082818,0.00197832,0.0234902,0.947071,0.0182219,0.00155036,
0.00215237,0.00113365,0.000616455,0.000412712,0.00026121,0.000198519,0.000177623,0.000182847,0.000104484,0.000208968,0.000914234,0.000188071,0.0003239,0.000386591,0.000673921,0.001165,0.0027427,0.0250657,0.940078,0.0230126,
0.0276252,0.00311967,0.0012325,0.000746876,0.000488697,0.000418005,0.000491771,0.000553242,0.000676184,0.000992762,0.00202241,0.000894408,0.000676184,0.000642375,0.00061164,0.000756097,0.00115566,0.00333789,0.0353153,0.918243,


0.932125,0.0267492,0.00325059,0.0013983,0.000702175,0.000514525,0.000320821,0.000254236,0.00020581,0.000230023,0.000665856,0.000163437,0.000260289,0.000211863,0.000326875,0.0003753,0.000611376,0.00107748,0.00277843,0.0277783,
0.0271529,0.93518,0.0231151,0.00243575,0.00117701,0.000836982,0.00060485,0.000529652,0.000503497,0.000856598,0.00140914,0.000467533,0.000385796,0.000313868,0.00030406,0.000310599,0.000441377,0.000431569,0.000882754,0.00266134,
0.00194406,0.0240934,0.944067,0.0213428,0.00256418,0.00113372,0.000578272,0.000407073,0.000243483,0.000224461,0.00082556,0.000175003,0.000125546,6.46752e-05,9.8915e-05,0.000144568,0.000205439,0.000342398,0.00052501,0.000894039,
0.000874053,0.00211892,0.0251092,0.93885,0.0251394,0.00287946,0.00120703,0.000624324,0.000389729,0.000295135,0.000749188,0.000230811,0.000117297,9.08107e-05,0.000132432,0.00014,0.000174054,0.000227027,0.000257297,0.000393513,
0.000364756,0.000736329,0.00202831,0.0247557,0.93749,0.028301,0.00262488,0.00115222,0.000521567,0.000323849,0.000552247,9.54501e-05,0.000139766,8.18144e-05,9.8859e-05,8.18144e-05,8.18144e-05,0.000132948,0.000187491,0.000248852,
0.000214576,0.000303472,0.000692773,0.00200169,0.0297096,0.935918,0.0250747,0.00279868,0.00106981,0.000576289,0.000643727,0.000183922,0.000119549,0.000113419,6.74381e-05,0.000128745,7.66342e-05,9.19611e-05,8.88957e-05,0.00012568,
0.000114094,0.000163362,0.000300793,0.000565284,0.00196034,0.0237419,0.935412,0.0318167,0.00308572,0.00104759,0.000720866,0.000321538,0.000168548,0.000121873,8.81635e-05,6.48261e-05,8.29774e-05,5.18609e-05,6.48261e-05,0.000106315,
4.54185e-05,0.000103554,0.000127172,0.000207109,0.000505054,0.0015406,0.0267043,0.926874,0.039129,0.00279597,0.00106461,0.000316113,0.000165323,0.000116271,6.72194e-05,6.17692e-05,4.17851e-05,4.36018e-05,4.72353e-05,4.36018e-05,
3.22229e-05,4.25803e-05,5.63902e-05,7.82557e-05,0.000155361,0.000377469,0.00128086,0.0303655,0.930977,0.0331632,0.00232005,0.000593823,0.000245125,9.66688e-05,5.52393e-05,3.56754e-05,3.7977e-05,2.76197e-05,2.18656e-05,3.68262e-05,
3.54575e-05,2.7578e-05,3.84123e-05,5.90958e-05,7.18999e-05,0.000156604,0.000386092,0.00155914,0.0344154,0.922635,0.0379227,0.00185659,0.000409731,0.000175317,7.09149e-05,5.71259e-05,4.33369e-05,3.64424e-05,1.67438e-05,2.65931e-05,
2.49367e-05,2.11109e-05,1.84992e-05,1.85295e-05,2.09122e-05,3.18457e-05,5.94969e-05,0.000171075,0.000961042,0.0594718,0.932081,0.00621796,0.000593048,0.000118551,4.88985e-05,2.94058e-05,2.67031e-05,2.82237e-05,2.89006e-05,2.76124e-05,
4.6827e-05,6.2436e-05,7.60938e-05,3.90225e-05,9.17028e-05,0.000109263,0.000197064,0.000359007,0.000958002,0.00373835,0.0464816,0.923561,0.0215365,0.00158041,0.00053851,0.000271206,0.000111214,9.17028e-05,7.8045e-05,7.21916e-05,
8.58336e-05,3.87636e-05,8.02959e-05,6.3683e-05,8.02959e-05,9.69089e-05,0.000163361,0.000224275,0.000520539,0.00111861,0.00355517,0.0305263,0.932222,0.0279651,0.00197417,0.000631292,0.000287958,0.000149517,0.000116291,9.96777e-05,
7.19532e-05,5.97765e-05,5.53486e-05,5.64556e-05,7.41671e-05,7.74881e-05,7.9702e-05,0.000149441,0.000231357,0.000391868,0.00141028,0.00140918,0.0179817,0.958451,0.0176717,0.000914359,0.000402938,0.000205897,0.000187078,0.000118446,
