0.931273,0.0237086,0.00299363,0.00135856,0.000522984,0.000420792,0.000324611,0.000324611,0.000258486,0.000168317,0.000613154,0.000174328,0.000252475,0.000258486,0.000210396,0.000450848,0.000619165,0.00124434,0.00250672,0.0323168,
0.0270011,0.949939,0.0147267,0.00153143,0.000779117,0.000438373,0.000333087,0.000237372,0.000216315,0.000206744,0.00121749,0.000164629,0.000132086,0.000105286,0.000166544,0.000181858,0.000225887,0.000402002,0.000622145,0.00137255,
0.00175821,0.0249085,0.947615,0.0180273,0.00231955,0.000877493,0.000538755,0.000409712,0.000203243,0.000154852,0.000754902,0.00018066,0.000135495,0.000135495,0.000132269,0.000206469,0.000177434,0.000248408,0.000441973,0.000774259,
0.00135009,0.00314613,0.0404931,0.927426,0.0181484,0.00267628,0.00134265,0.000865903,0.000611601,0.000391276,0.0010411,0.000224572,0.000164049,0.000165642,0.000165111,0.000185816,0.000225634,0.000306331,0.000404017,0.000666284,
0.000378166,0.000724224,0.002269,0.0295005,0.93493,0.0254834,0.00291473,0.00109169,0.000620763,0.000349625,0.00049233,0.000153407,0.000139137,0.000110596,8.20549e-05,0.000110596,0.000128434,0.000117731,0.000185516,0.000217624,
0.000305662,0.000503857,0.00103717,0.00356182,0.0854765,0.887451,0.0153618,0.00272049,0.00117209,0.000596593,0.000592911,0.000220291,0.000148981,0.000118515,0.00010278,0.00010278,9.24016e-05,0.000112489,0.000146303,0.000175429,
0.000238419,0.000307227,0.000569313,0.00145769,0.00527151,0.076426,0.886715,0.0200934,0.00429505,0.00194504,0.00106894,0.000436079,0.000232283,0.000171364,0.000126222,0.000108691,0.000109129,0.000111759,0.000136302,0.000180567,
6.87255e-05,6.6917e-05,0.0001266,0.000236922,0.000506399,0.00144324,0.0320641,0.928307,0.032348,0.00297509,0.000929603,0.000363522,0.000182665,9.04283e-05,7.77684e-05,5.4257e-05,3.25542e-05,2.89371e-05,5.4257e-05,4.34056e-05,
4.45858e-05,4.34426e-05,6.51639e-05,8.45988e-05,0.000158909,0.000381838,0.00126784,0.0383918,0.928914,0.0272442,0.00228302,0.00053846,0.000224072,0.000122325,5.48749e-05,5.37317e-05,3.65833e-05,2.85807e-05,3.544e-05,2.62942e-05,
8.72453e-05,0.000109747,0.000127315,0.000188702,0.000355298,0.000662827,0.00189433,0.00849655,0.0709057,0.893771,0.0195447,0.00205362,0.000766653,0.000357469,0.000213968,0.000130473,9.94833e-05,8.23106e-05,7.8955e-05,7.34282e-05,
0.000112402,0.000116689,0.000121297,0.000125559,0.000153992,0.000230496,0.000407747,0.00122009,0.00688708,0.0594365,0.923731,0.00553924,0.000811527,0.000322472,0.000189669,0.000134996,0.000120484,0.000112156,0.000108805,0.000117995,
5.56838e-05,4.60831e-05,4.22429e-05,8.25656e-05,6.52844e-05,0.000113288,0.000178572,0.000393627,0.00100231,0.0035196,0.0569088,0.916641,0.018151,0.001755,0.000472352,0.000224655,0.000130569,9.21663e-05,6.14442e-05,6.33643e-05,
0.000271083,0.000210426,0.000167173,0.00014586,0.000166444,0.000227675,0.000385468,0.000859108,0.00227862,0.00807721,0.0208814,0.0728959,0.87311,0.0159213,0.00200035,0.000864111,0.000486147,0.000383696,0.00034701,0.000320954,
0.000270526,0.000226777,0.000178573,0.000159264,0.000156023,0.000194371,0.000283084,0.000501557,0.00108204,0.00278405,0.00570522,0.00762206,0.0429176,0.919433,0.0150965,0.00138261,0.000753449,0.000506958,0.000404203,0.000342563,
0.000290884,0.000232801,0.000189102,0.00016135,0.000156972,0.000177688,0.000228892,0.000338413,0.000612724,0.00128439,0.00295535,0.00253173,0.00341931,0.0337645,0.935794,0.0150522,0.00125125,0.000722792,0.000469119,0.000366712,
0.000385669,0.000287655,0.000224682,0.000186032,0.000179539,0.000190567,0.000255601,0.000348257,0.000536041,0.000906766,0.0022933,0.00137015,0.00176386,0.00258415,0.0340972,0.93552,0.0161322,0.00147136,0.00075052,0.000516356,
0.000606702,0.000427297,0.000327912,0.000281922,0.00025971,0.00030271,0.000387144,0.000471578,0.00069797,0.00110704,0.00265263,0.00124216,0.00126423,0.00163942,0.00292145,0.0236091,0.9386,0.0202091,0.00204052,0.000951415,
0.000804701,0.000522305,0.000368641,0.000292827,0.000230496,0.000225408,0.000255683,0.0003086,0.000373984,0.000488468,0.0018488,0.000588197,0.00068004,0.000818185,0.00135397,0.00275705,0.0235584,0.945667,0.017235,0.00162238,
0.00198022,0.00108653,0.000597358,0.000362177,0.000249291,0.000221069,0.000253995,0.000225773,0.000291623,0.000249291,0.00111475,0.000197551,0.000409213,0.00040451,0.000583247,0.00115238,0.00238943,0.0251737,0.942931,0.0201267,
0.0273947,0.00312644,0.00128328,0.000708528,0.00048061,0.000535112,0.000515293,0.000500429,0.000579704,0.00103059,0.00188776,0.000812577,0.000728347,0.000728347,0.000614388,0.000822487,0.00123868,0.003612,0.0313139,0.922087,


0.931172,0.0240533,0.00301268,0.00133763,0.000801374,0.000385623,0.000355497,0.000283192,0.000216913,0.000222939,0.000710993,0.000228964,0.000210888,0.000241015,0.00024704,0.000518182,0.000620613,0.00119905,0.00268129,0.0315006,
0.0270457,0.946156,0.014997,0.00153999,0.000920693,0.000629497,0.000525294,0.000414974,0.000412935,0.000502863,0.00163013,0.000281204,0.000246946,0.000212891,0.000218397,0.000254898,0.000355226,0.000529169,0.000888474,0.00223801,
0.00218447,0.0252118,0.945342,0.0185664,0.00241442,0.00111687,0.000538728,0.00044018,0.000318638,0.000216805,0.00101176,0.000124827,0.000154391,0.000114972,0.000203665,0.000180671,0.00020038,0.000285788,0.000551867,0.000821231,
0.0010452,0.00217538,0.0291977,0.934768,0.0246515,0.00312286,0.00118116,0.00066706,0.000399386,0.000314411,0.000726543,0.000186947,0.000118966,0.00010622,0.000123215,0.000101971,0.000157205,0.000195444,0.000267674,0.00049286,
0.000243478,0.00036574,0.000757604,0.0168585,0.963173,0.0143203,0.00116305,0.00055906,0.000320806,0.000231984,0.00122471,0.000121217,7.62829e-05,5.32935e-05,6.26983e-05,7.4193e-05,8.77776e-05,7.73279e-05,9.30025e-05,0.000135846,
0.000219441,0.000350451,0.000720553,0.0021027,0.0357067,0.93047,0.0237815,0.0030951,0.00126752,0.000625571,0.000609195,0.000203065,0.000144111,8.1881e-05,8.51563e-05,0.000108083,9.17068e-05,7.86058e-05,0.000111358,0.000147386,
0.000134369,0.000204138,0.000299747,0.000589158,0.00178039,0.0276568,0.935828,0.0276723,0.00303365,0.00109821,0.000669263,0.000310083,0.000214474,0.000103361,6.46007e-05,6.20166e-05,6.20166e-05,5.42645e-05,6.97687e-05,9.30249e-05,
5.96355e-05,6.14426e-05,0.000128307,0.000262035,0.000507805,0.00151619,0.0315869,0.928699,0.0325212,0.00285347,0.000908989,0.00034697,0.000173485,9.21639e-05,7.58997e-05,6.14426e-05,3.25284e-05,2.7107e-05,4.15641e-05,4.33712e-05,
3.10932e-05,5.06703e-05,7.37023e-05,7.37023e-05,0.00016583,0.000391544,0.00133125,0.0371782,0.929372,0.0279412,0.0022721,0.000573496,0.000203833,0.000105947,7.48539e-05,4.60639e-05,3.56996e-05,2.41836e-05,2.53352e-05,2.879e-05,
3.66211e-05,1.38566e-05,4.25597e-05,6.82934e-05,8.80886e-05,0.000170239,0.000409761,0.00155194,0.0412136,0.921396,0.0323137,0.00181522,0.000437474,0.00016529,8.80886e-05,5.54266e-05,4.84982e-05,3.06826e-05,2.96928e-05,2.4744e-05,
5.53169e-05,6.04626e-05,6.94677e-05,7.78295e-05,8.36185e-05,0.000115779,0.000173026,0.000349911,0.00132503,0.0367696,0.94761,0.0117272,0.000818175,0.000252785,0.000140865,0.000102272,8.16888e-05,6.94677e-05,5.14575e-05,6.56084e-05,
0.000206389,0.00016589,0.000133509,0.000126402,0.000149179,0.000245371,0.000533055,0.0013433,0.0050291,0.0320268,0.134735,0.801569,0.0185705,0.00289726,0.000862664,0.000382865,0.00025783,0.000251883,0.000265769,0.000249207,
5.24966e-05,4.69707e-05,6.63115e-05,8.01264e-05,6.63115e-05,0.000132623,0.000168542,0.000270772,0.000566411,0.00116598,0.00355596,0.0352087,0.931381,0.0238804,0.00195343,0.000712849,0.000262483,0.00018512,0.000143675,9.94673e-05,
0.00013759,0.000100676,6.71172e-05,0.000104032,7.71848e-05,0.000100676,0.000114099,0.000231554,0.000302028,0.000493312,0.00158732,0.00331224,0.0399113,0.924248,0.0256925,0.00200681,0.000731578,0.000328875,0.000221487,0.000231554,
0.000145702,8.80989e-05,8.1322e-05,9.48757e-05,8.47104e-05,8.1322e-05,9.82641e-05,0.000152479,0.000176198,0.000332065,0.000894542,0.000972476,0.0026904,0.0346127,0.929775,0.0265076,0.00191784,0.000681072,0.000413387,0.000199917,
0.00026583,0.000192302,9.33231e-05,7.63553e-05,8.20113e-05,8.20113e-05,7.91833e-05,0.000124431,0.000135743,0.000203614,0.000760725,0.000472272,0.000910608,0.00229632,0.0340432,0.940084,0.0177625,0.00150731,0.000517519,0.000311077,
0.000378808,0.000203539,0.000180923,0.000141346,7.9154e-05,0.000101769,8.19809e-05,0.000107423,0.000172443,0.000155481,0.000921578,0.000305308,0.000446654,0.000783059,0.00228133,0.0237971,0.949972,0.017787,0.00148696,0.00061627,
0.000720547,0.000412121,0.000313744,0.000218025,0.000188778,0.000257908,0.000249932,0.000263226,0.00039085,0.000475933,0.00145173,0.00050784,0.000534428,0.000595582,0.000941231,0.0021191,0.0234404,0.946645,0.0184019,0.00187183,
0.001921,0.000879878,0.000546636,0.000404523,0.000355059,0.000380912,0.00046893,0.000566511,0.000775572,0.00121342,0.00293208,0.00107414,0.000803217,0.000773031,0.000816517,0.00112779,0.00240442,0.0251695,0.937345,0.0200422,
0.0219102,0.00267651,0.00133972,0.00086574,0.000663108,0.000550926,0.000525083,0.000500414,0.000562673,0.000704809,0.00168038,0.00059204,0.000579705,0.000575007,0.000730065,0.00103313,0.00186422,0.00393107,0.037766,0.920949,


0.930591,0.0245186,0.00311885,0.00115643,0.000730068,0.000519808,0.000309549,0.000181057,0.000251143,0.000256984,0.000624938,0.000169376,0.000175216,0.000198578,0.000268665,0.000397157,0.000636619,0.00124988,0.00287939,0.0317667,
0.0270888,0.937848,0.0213126,0.00238417,0.00103933,0.00056061,0.000456677,0.00043778,0.000491322,0.000759029,0.00171018,0.000488172,0.000355893,0.000330697,0.000324398,0.000349594,0.00037794,0.000579507,0.000919653,0.00218575,
0.0018545,0.0248758,0.947136,0.0181126,0.00233259,0.000986629,0.000587714,0.000405005,0.000249702,0.000152258,0.00119674,0.000112671,9.74448e-05,9.43997e-05,0.000112671,0.000167483,0.000188799,0.000264928,0.000362373,0.00070952,
0.000887482,0.00215897,0.0299866,0.933874,0.0248708,0.00317445,0.00131416,0.000554676,0.000435207,0.000324272,0.000776547,0.000136536,0.000149336,0.000128002,7.68013e-05,0.000119469,0.000145069,0.00017067,0.000273071,0.000443741,
0.000544328,0.0010096,0.00277046,0.0562658,0.915534,0.0168478,0.00238122,0.00119579,0.000648874,0.000447991,0.000737003,0.000220755,0.000170643,0.000117506,0.000125714,0.000136946,0.00013565,0.000152066,0.000241924,0.000315365,
0.000190427,0.00032504,0.000755143,0.00197322,0.0354523,0.931161,0.0237969,0.00305669,0.00112615,0.000610681,0.000551583,0.000183861,0.000151029,0.00011163,6.23814e-05,8.20808e-05,6.89479e-05,0.00010178,7.87976e-05,0.000160878,
0.000106719,0.000155228,0.000291053,0.000596659,0.00180453,0.02871,0.935614,0.0271383,0.00296389,0.00104537,0.000642742,0.000235268,0.000155228,0.000116421,6.0636e-05,7.03378e-05,5.82106e-05,7.76141e-05,7.76141e-05,8.00396e-05,
6.14981e-05,7.20407e-05,0.00015111,0.000216122,0.000520098,0.00156381,0.031046,0.927849,0.0338134,0.00277972,0.000987484,0.000342632,0.000173952,0.00010894,6.14981e-05,6.50123e-05,5.7984e-05,3.68989e-05,3.8656e-05,5.44698e-05,
3.68759e-05,3.45711e-05,6.2228e-05,8.64278e-05,0.000165941,0.000399873,0.00130794,0.0363412,0.929534,0.0285823,0.00236928,0.000553138,0.000191294,0.000125608,4.9552e-05,4.26377e-05,3.80282e-05,2.30474e-05,1.84379e-05,3.80282e-05,
3.16931e-05,2.87218e-05,4.06067e-05,6.63573e-05,8.81463e-05,0.000155494,0.000381307,0.00156088,0.0400986,0.921984,0.0329628,0.00174312,0.000440732,0.000147571,7.92326e-05,6.04149e-05,3.66451e-05,3.26835e-05,2.27794e-05,3.86259e-05,
4.38274e-05,5.73623e-05,5.73623e-05,7.08973e-05,8.82993e-05,0.000117947,0.000180466,0.000387357,0.0013348,0.0360622,0.948114,0.0119204,0.000798561,0.000287456,0.000141795,9.66781e-05,6.76747e-05,6.89637e-05,5.67178e-05,4.76945e-05,
5.32711e-05,4.5661e-05,3.61483e-05,6.08813e-05,8.75169e-05,0.000125568,0.000156008,0.00033675,0.000955075,0.00372708,0.0542091,0.918385,0.0189874,0.0017199,0.000506076,0.000226402,0.000146496,9.70296e-05,8.18092e-05,5.70762e-05,
6.89113e-05,5.78855e-05,6.61549e-05,8.26936e-05,7.16678e-05,0.000146092,0.000135066,0.000272889,0.00052097,0.00116598,0.00372121,0.0343592,0.931017,0.0250176,0.00195157,0.000639497,0.000316992,0.000176413,0.000121284,9.0963e-05,
0.000123273,0.000116609,0.000113277,8.66239e-05,9.6619e-05,9.32873e-05,0.000139931,0.000253208,0.000386476,0.000782947,0.00166918,0.00336167,0.0383477,0.925317,0.0255341,0.00206565,0.000706318,0.000369818,0.000273199,0.000163253,
0.000108463,9.82944e-05,9.4905e-05,7.79576e-05,8.47366e-05,9.4905e-05,0.000115242,0.000135579,0.00025082,0.000325388,0.000847366,0.0010948,0.00278275,0.0354877,0.928201,0.0272276,0.00178964,0.000613493,0.000352504,0.000216926,
0.00017733,0.000149183,0.000115406,8.44431e-05,0.000121035,8.72578e-05,7.59988e-05,9.57021e-05,0.000168886,0.000233626,0.0010668,0.000534806,0.000838801,0.00235596,0.0340868,0.939091,0.0182791,0.00151998,0.000622064,0.000295551,
0.000363035,0.000299141,0.000165544,0.000104554,0.00010165,0.000127788,0.00010165,9.29371e-05,0.000124884,0.000159736,0.00116171,0.000348514,0.000438547,0.000833529,0.0021027,0.0233446,0.950366,0.0176058,0.0015596,0.000598282,
0.00078166,0.000491804,0.000306487,0.000171062,0.000156807,0.000147304,0.000235211,0.000235211,0.000292232,0.000413401,0.00153956,0.000491804,0.000444287,0.000636732,0.000860064,0.00222619,0.0234783,0.946232,0.0189404,0.0019197,
0.00219226,0.00103607,0.000520536,0.000365376,0.000240247,0.000215222,0.000195201,0.000170175,0.000170175,0.000140144,0.00112115,0.000275284,0.000360371,0.000370381,0.000635655,0.00115119,0.00276285,0.0282591,0.937611,0.0222079,
0.0275366,0.00342527,0.00116738,0.000677367,0.000475598,0.000408342,0.000494814,0.00046599,0.000850312,0.0010713,0.00208014,0.000797467,0.000749427,0.000696583,0.000581286,0.000835899,0.00147483,0.00357899,0.030813,0.921819,


0.931434,0.0242386,0.00347386,0.00134491,0.000554852,0.000470418,0.000289488,0.000229178,0.000205054,0.000217116,0.000693565,0.000156806,0.000156806,0.000138713,0.000229178,0.000289488,0.000633255,0.00133285,0.0027622,0.0311501,
0.0269996,0.952557,0.0133519,0.00111325,0.000645489,0.000480562,0.000318479,0.000187675,0.000136491,0.000160661,0.00126681,9.81029e-05,9.81029e-05,0.000125117,0.000137913,0.000147865,0.000217533,0.000373929,0.000481984,0.00110188,
0.0018195,0.024663,0.95184,0.0140633,0.00146812,0.000840216,0.000554427,0.000399132,0.000273968,0.000248472,0.00138954,0.000167348,0.000125627,0.000130726,0.00015205,0.000153904,0.000210228,0.000292511,0.000451051,0.000756542,
0.00104257,0.00217674,0.0287862,0.934898,0.0248776,0.00313642,0.00126068,0.000636882,0.000392598,0.000327165,0.000741574,0.000157039,0.000126504,0.000100331,0.000113417,0.000174488,0.000161401,0.000170126,0.000274819,0.000444945,
0.000361055,0.000682787,0.00199116,0.0279478,0.934731,0.0273794,0.00307433,0.00115823,0.000672062,0.000332456,0.000550519,0.000153716,0.000117968,0.000121543,6.79212e-05,7.1496e-05,8.57952e-05,0.000107244,0.000200189,0.000193039,
0.000150666,0.000330809,0.000746777,0.00200778,0.0341716,0.931732,0.0244275,0.00290195,0.00131014,0.000579735,0.000546981,0.000222723,0.00014084,0.000111361,0.000114637,9.82601e-05,9.49848e-05,9.49848e-05,0.000117912,9.82601e-05,
0.000144686,0.000142102,0.000297122,0.00061233,0.00184991,0.0267178,0.935592,0.0289345,0.00303323,0.00108256,0.000622665,0.000258367,0.000131767,0.000134351,5.68408e-05,8.26775e-05,6.71755e-05,4.90898e-05,8.52612e-05,0.000105931,
6.32944e-05,6.84264e-05,0.000136853,0.000271995,0.000502934,0.00157039,0.0308842,0.927863,0.0338899,0.00278837,0.00105377,0.000313051,0.00015567,0.000118035,8.0401e-05,5.13198e-05,3.42132e-05,4.61878e-05,5.13198e-05,5.64518e-05,
4.25502e-05,4.02502e-05,4.37002e-05,8.85504e-05,0.000161001,0.000396752,0.00126731,0.035327,0.930181,0.0290503,0.00228276,0.000568103,0.000220801,9.31505e-05,5.75003e-05,4.14002e-05,2.76001e-05,4.02502e-05,2.87501e-05,4.14002e-05,
3.76261e-05,4.65376e-05,2.97048e-05,6.43605e-05,8.91145e-05,0.000181199,0.000361409,0.00162485,0.0390173,0.922467,0.033516,0.00174466,0.000365369,0.000169317,8.41637e-05,5.64392e-05,3.76261e-05,3.76261e-05,3.46556e-05,3.46556e-05,
7.52429e-05,5.78791e-05,6.94549e-05,7.52429e-05,7.97446e-05,0.00012862,0.000181355,0.000382002,0.00132929,0.0348825,0.948825,0.0123199,0.000809665,0.00026753,0.000133122,8.93911e-05,8.29601e-05,8.55325e-05,6.23808e-05,6.3667e-05,
5.22315e-05,4.06245e-05,5.8035e-05,5.0297e-05,6.96421e-05,0.000112201,0.000185712,0.000379162,0.000996268,0.00368909,0.0528467,0.919556,0.0190877,0.0017101,0.000504905,0.000236009,0.000185712,0.000104463,8.31836e-05,5.22315e-05,
7.16881e-05,8.54743e-05,6.06592e-05,7.44454e-05,8.82316e-05,0.000102018,0.000162677,0.00028951,0.000562476,0.00118561,0.0034493,0.0335197,0.931499,0.0254851,0.00208171,0.000625893,0.00028951,0.00017922,9.09888e-05,9.65033e-05,
0.000110724,7.71714e-05,0.000117435,0.000117435,6.0395e-05,0.00012079,0.000181185,0.000204672,0.000278488,0.00048316,0.00140251,0.00329153,0.0386897,0.924859,0.026557,0.00202659,0.00073145,0.000308685,0.00024829,0.000134211,
0.000171348,6.51124e-05,8.22473e-05,5.48315e-05,6.85394e-05,6.51124e-05,8.22473e-05,0.000174775,0.000222753,0.000291292,0.000699102,0.000962978,0.00257708,0.0330257,0.930086,0.0283513,0.00177174,0.000651124,0.00041809,0.000178202,
0.000138993,0.000163166,8.7626e-05,7.85612e-05,7.25181e-05,0.000120863,7.25181e-05,0.000117842,0.000178274,0.0002659,0.00074331,0.000413957,0.000921584,0.00243842,0.0337058,0.938831,0.0190843,0.00164374,0.000577123,0.000344461,
0.000377052,0.000285734,0.000194417,9.72086e-05,9.72086e-05,8.54258e-05,7.36429e-05,0.000106046,0.000126666,0.000194417,0.00116945,0.000365269,0.0005155,0.000824801,0.0019913,0.0254274,0.947507,0.0185168,0.00136387,0.00068046,
0.000935112,0.000496066,0.000342114,0.000282244,0.00020812,0.000248033,0.000245182,0.00029935,0.000362071,0.000655719,0.00173908,0.000641464,0.0005987,0.000655719,0.00114323,0.0023891,0.0234747,0.944435,0.0189959,0.00185312,
0.00216818,0.00100326,0.000484987,0.000275777,0.000185436,0.000256758,0.000142643,0.000137888,0.000190191,0.000175927,0.00107933,0.000204455,0.000304305,0.000442194,0.000675178,0.00106031,0.00285286,0.024877,0.942638,0.0208449,
0.0138001,0.000895811,0.000463351,0.000297746,0.000257417,0.000182766,0.000141579,0.000169037,0.000164747,0.000239398,0.00163975,0.000203359,0.000203359,0.000196495,0.000320913,0.00032692,0.000467641,0.000949011,0.0143939,0.964687,


0.915491,0.0194301,0.00254879,0.00127204,0.000839756,0.000648419,0.000507869,0.000488972,0.000523617,0.00062401,0.00129093,0.000401177,0.00036102,0.00035039,0.000422043,0.000567317,0.000833457,0.00135668,0.00363225,0.0484102,
0.0270526,0.941921,0.0187705,0.00199802,0.000944472,0.000495786,0.00046356,0.00041646,0.000428855,0.000580069,0.00172781,0.000342092,0.000280119,0.000317303,0.000215667,0.000270203,0.000381755,0.000510659,0.000857709,0.00202529,
0.00134847,0.0247384,0.951395,0.0160513,0.00169681,0.000688128,0.000438094,0.000264993,0.000241486,0.000132497,0.00111126,0.000102578,6.62484e-05,7.05225e-05,0.000106852,0.000117537,0.000181649,0.000279953,0.000331242,0.000636839,
0.000821652,0.00217063,0.0272167,0.936479,0.0248213,0.00307813,0.0014103,0.000633613,0.00041287,0.000245269,0.000838004,0.000163513,0.000167601,0.000171689,0.000138986,0.000102196,0.00018804,0.000196215,0.000261621,0.000482363,
0.000379317,0.00085883,0.00195026,0.027479,0.935223,0.0274575,0.00295223,0.0011129,0.000608338,0.000357846,0.000522455,0.000175344,0.000121668,0.000110932,7.87261e-05,0.000110932,6.44122e-05,0.000100197,0.000146717,0.000189658,
0.000206895,0.00035796,0.00063382,0.00208865,0.0332246,0.932513,0.0243052,0.00318552,0.0012348,0.000532014,0.000643672,0.000206895,0.000167486,9.85212e-05,0.000111657,9.19531e-05,5.91127e-05,0.000108373,0.000121509,0.000108373,
9.83126e-05,0.000170754,0.00033892,0.000607986,0.00186018,0.025895,0.935548,0.0297836,0.00300371,0.00104781,0.00065973,0.00025613,0.000152643,0.000124184,5.43307e-05,7.76152e-05,5.17435e-05,8.02024e-05,0.000106074,8.27896e-05,
7.99778e-05,8.7087e-05,0.000113746,0.00026837,0.000499417,0.00147515,0.0298815,0.927657,0.0352418,0.00282055,0.000952625,0.000344793,0.000200833,9.59734e-05,5.86504e-05,3.02138e-05,4.44321e-05,5.68731e-05,4.26548e-05,4.79867e-05,
3.68653e-05,3.45612e-05,5.41459e-05,9.79234e-05,0.000170502,0.000367501,0.00130641,0.0343942,0.930162,0.0298816,0.00235362,0.000563348,0.000195847,0.000119812,6.10581e-05,5.06898e-05,5.18418e-05,2.18888e-05,3.91694e-05,3.68653e-05,
2.17869e-05,3.56513e-05,4.65447e-05,6.9322e-05,8.41767e-05,0.000182218,0.000398106,0.00155182,0.0380211,0.922413,0.0344798,0.0018509,0.000374339,0.00019014,8.2196e-05,5.74382e-05,3.96126e-05,3.56513e-05,2.57482e-05,4.06029e-05,
5.41015e-05,5.47455e-05,5.73218e-05,7.02031e-05,8.43725e-05,0.000128169,0.000179694,0.000350371,0.00134481,0.0338971,0.949839,0.0123886,0.000765793,0.000291117,0.000126237,0.000107559,7.79319e-05,7.53556e-05,5.28133e-05,5.47455e-05,
3.50587e-05,3.70064e-05,6.42742e-05,7.79082e-05,6.03788e-05,0.000111019,0.000173346,0.000385645,0.000969957,0.00360325,0.0525159,0.919762,0.0194011,0.00171788,0.000504455,0.00019477,0.000149973,9.73852e-05,8.18036e-05,5.64834e-05,
7.97841e-05,7.42817e-05,8.25353e-05,6.05259e-05,7.97841e-05,0.000104545,0.000167822,0.00025861,0.000489709,0.00124353,0.00368107,0.0332535,0.931372,0.0257758,0.00184879,0.000696047,0.000360404,0.000170573,0.000112798,8.80376e-05,
0.000127394,9.38693e-05,9.72218e-05,7.71069e-05,8.38119e-05,0.000127394,0.000137452,0.000184386,0.00032519,0.000579978,0.00146503,0.00315468,0.0369845,0.925464,0.0275942,0.00209865,0.000687258,0.00037883,0.000197796,0.000140804,
0.000150754,6.50984e-05,6.50984e-05,6.50984e-05,7.53771e-05,8.22295e-05,0.000109639,0.000174738,0.00023641,0.00026382,0.000839426,0.00104157,0.00264505,0.0332892,0.928793,0.0288351,0.00196666,0.000702377,0.000335771,0.00026382,
0.000225244,0.000126507,7.71383e-05,8.33094e-05,0.000101823,8.94805e-05,9.2566e-05,0.000104908,0.000163533,0.000259185,0.000620192,0.000506028,0.000984285,0.00246226,0.0340211,0.937894,0.0194543,0.00169396,0.00063562,0.000404205,
0.000342402,0.000264139,0.000179353,9.45682e-05,0.000127178,0.000130439,9.78292e-05,9.78292e-05,0.000146744,0.000136961,0.00102721,0.000388056,0.000479363,0.00101416,0.00227616,0.0235377,0.947482,0.0197158,0.00171527,0.000746763,
0.00090961,0.000488381,0.000280819,0.000293029,0.00020451,0.000219771,0.000207562,0.000247243,0.000433438,0.000674576,0.00173681,0.000543324,0.000564691,0.000698995,0.000949291,0.00247548,0.0235735,0.941107,0.0222824,0.0021092,
0.00235519,0.00106592,0.00054819,0.000416218,0.000228412,0.000192882,0.000147199,0.000111668,0.00018273,0.000162427,0.00102024,0.000294398,0.000375612,0.000466977,0.000644631,0.00116744,0.00271049,0.0252624,0.941212,0.0214352,
0.0266063,0.00324416,0.00132697,0.000740924,0.000502321,0.000473019,0.000556739,0.000560925,0.000573483,0.000895806,0.0020344,0.00087069,0.000657203,0.000556739,0.000653017,0.000778598,0.00133115,0.00341578,0.0371592,0.917063,


0.931921,0.0252874,0.00290826,0.00139379,0.000748182,0.000476665,0.000265484,0.00021118,0.00021118,0.000193079,0.000724047,0.000181012,0.000193079,0.000187046,0.000271518,0.00040426,0.000573204,0.00120071,0.00267294,0.0299756,
0.0270541,0.943398,0.0181573,0.00179337,0.000887648,0.000573696,0.000413332,0.000413332,0.000429143,0.000596283,0.00168947,0.000368159,0.000237158,0.000239417,0.000259744,0.000207795,0.0003004,0.000485609,0.000666301,0.0018295,
0.00214989,0.0249025,0.942704,0.0214478,0.00266083,0.0012184,0.000636712,0.00036552,0.000302635,0.000235819,0.000888253,0.000192586,0.000137561,0.000129701,0.00012577,0.000196516,0.000208307,0.000255471,0.000400893,0.000841089,
0.00105922,0.00253989,0.0375724,0.925646,0.0252422,0.00291658,0.00113008,0.000716092,0.000443828,0.000261075,0.000551988,0.000152915,0.000130538,0.000137997,0.000126808,0.000152915,0.000149186,0.000238697,0.000331938,0.000499772,
0.000375338,0.00070778,0.00204827,0.0272031,0.934641,0.028254,0.00307062,0.0012404,0.000564794,0.000296696,0.000575518,0.000135837,0.000117963,9.29408e-05,6.79183e-05,8.57915e-05,7.14929e-05,0.000135837,0.000103665,0.000210904,
0.000215371,0.000401373,0.000691798,0.00201666,0.0324819,0.932618,0.0251005,0.00302825,0.00121717,0.000613481,0.000600428,0.000189265,0.000146844,0.00015337,0.000101159,8.48431e-05,8.15799e-05,6.20007e-05,8.81063e-05,0.000107685,
9.57686e-05,0.000183772,0.000279541,0.000603083,0.00163842,0.026106,0.934963,0.0304648,0.00298177,0.00108969,0.000698852,0.000235539,0.000173419,8.80036e-05,6.98852e-05,5.43551e-05,3.88251e-05,6.98852e-05,8.02385e-05,8.54152e-05,
3.97074e-05,7.76099e-05,0.000146195,0.000252683,0.000566733,0.00152873,0.0285659,0.92774,0.0361644,0.00292571,0.00105766,0.000332098,0.000178683,0.000124537,6.49757e-05,5.95611e-05,2.34635e-05,3.24879e-05,5.77562e-05,6.1366e-05,
2.99789e-05,3.68971e-05,4.49683e-05,0.000104926,0.000206393,0.000409327,0.00135597,0.033581,0.930021,0.0307203,0.0023741,0.000582282,0.000219076,0.000107232,6.45699e-05,3.92032e-05,3.92032e-05,2.76728e-05,1.84485e-05,1.72955e-05,
3.56072e-05,3.06618e-05,4.35199e-05,6.33017e-05,9.19853e-05,0.000156276,0.000403548,0.00157265,0.0368545,0.922789,0.0352719,0.00184663,0.000395636,0.000179025,8.20944e-05,5.14326e-05,4.74763e-05,3.16509e-05,3.26399e-05,2.07709e-05,
5.86176e-05,5.15319e-05,6.63473e-05,7.15005e-05,7.66537e-05,0.000115947,0.000188091,0.000339466,0.00132308,0.0327588,0.950653,0.0126427,0.000870889,0.000275052,0.000143001,9.34016e-05,7.98745e-05,7.47213e-05,5.92617e-05,5.79734e-05,
5.26488e-05,6.43486e-05,5.45988e-05,5.84987e-05,7.60483e-05,0.000111148,0.000196946,0.00043289,0.000961328,0.00367957,0.050732,0.92092,0.0198798,0.00161846,0.000540138,0.000224245,0.000155997,0.000109198,6.43486e-05,6.82485e-05,
7.16874e-05,6.89302e-05,6.89302e-05,8.27162e-05,7.72018e-05,0.000124074,0.000170947,0.000289507,0.000499054,0.00123799,0.00364227,0.0320773,0.931605,0.0267311,0.00189144,0.000639672,0.000314321,0.000165432,0.000124074,0.00011856,
0.000130097,7.33881e-05,0.000126761,8.33956e-05,6.00448e-05,0.00012009,0.000133433,0.000190142,0.000380284,0.000640478,0.00167125,0.0036594,0.0367441,0.92446,0.0279642,0.00210824,0.000737217,0.000366941,0.000230172,0.00012009,
0.000101244,7.18224e-05,5.45158e-05,2.85559e-05,5.88424e-05,7.3553e-05,7.52837e-05,7.18224e-05,0.000129799,0.000213736,0.00123915,0.000488046,0.00100811,0.0170081,0.961855,0.0161903,0.000639479,0.000331421,0.000224986,0.000136722,
0.000203512,0.000115845,0.000118976,7.20118e-05,8.14047e-05,8.76666e-05,0.000103321,0.000128369,0.000147155,0.000181595,0.000886058,0.000432071,0.000861011,0.0024891,0.0336013,0.938126,0.0198095,0.00165314,0.000613666,0.000288047,
0.000391833,0.000273295,0.000197563,0.000144879,0.000115245,9.21959e-05,7.90251e-05,9.21959e-05,0.000111952,0.00015805,0.00114257,0.000319393,0.000414882,0.000958179,0.00241685,0.0236647,0.947251,0.0198616,0.0015805,0.000734275,
0.000891322,0.000403152,0.000309906,0.000255055,0.00019472,0.000186492,0.000244085,0.000389439,0.000419607,0.000545763,0.00176893,0.000603356,0.000496398,0.000734998,0.00111072,0.00254781,0.0233746,0.943534,0.0200616,0.001928,
0.00229432,0.000996418,0.000577411,0.000342359,0.000219723,0.000194174,0.000194174,0.000163515,0.000102197,0.000255492,0.000975979,0.000214613,0.00031681,0.000485434,0.000730707,0.00112416,0.00280019,0.0250689,0.940629,0.0223147,
0.0272412,0.00285846,0.00138202,0.000553665,0.000467825,0.000429197,0.000429197,0.000420614,0.000583709,0.000785431,0.00178117,0.000557957,0.000459241,0.000570833,0.000510745,0.000751096,0.00121034,0.00287133,0.0279708,0.928165,


0.930956,0.0259847,0.0031148,0.00143389,0.000759118,0.000451856,0.000307262,0.000265089,0.00024099,0.00022894,0.0006085,0.000247015,0.000192792,0.000180742,0.000289188,0.000343411,0.000602475,0.00120495,0.00280753,0.0297803,
0.0268531,0.94093,0.0193437,0.00215075,0.000971223,0.000705634,0.000434837,0.00036193,0.000479102,0.000604085,0.00170029,0.000484309,0.000304646,0.000299439,0.000255174,0.000265589,0.000354119,0.000546801,0.000820201,0.00213513,
0.00146791,0.0246312,0.950164,0.0165464,0.00183791,0.000928467,0.000497949,0.000297386,0.000212666,0.000169441,0.00111001,0.000129674,0.000121029,0.000124487,0.000127945,0.000157338,0.000185002,0.000288741,0.000394209,0.000608604,
0.000802123,0.00218089,0.0279967,0.935889,0.0252355,0.00280558,0.00122721,0.000669052,0.00045466,0.000295714,0.000831695,0.000114589,0.000125678,0.0001035,9.98034e-05,0.000133071,0.000125678,0.000181125,0.000321589,0.000406606,
0.000343009,0.000789635,0.00208307,0.0262295,0.9353,0.0287306,0.00283697,0.00109691,0.000693164,0.000314425,0.000471637,0.00018937,8.57523e-05,6.78872e-05,7.14602e-05,0.000103617,0.000110763,8.93253e-05,0.000128628,0.000264403,
0.000185071,0.00029356,0.000737091,0.00197834,0.0316343,0.93362,0.0251377,0.00306324,0.00122849,0.000536066,0.000628602,0.000213788,0.000118062,9.8917e-05,8.61535e-05,5.10539e-05,8.29627e-05,7.97718e-05,8.61535e-05,0.000140398,
0.000107625,0.000174592,0.000306134,0.000624226,0.00173157,0.0262534,0.934746,0.0302761,0.00303981,0.0010619,0.000664884,0.000291784,0.00015785,0.000102842,7.65334e-05,8.37084e-05,5.02251e-05,7.17501e-05,7.41417e-05,0.000105233,
8.92028e-05,0.000120848,0.000182763,0.000326771,0.000792277,0.00262609,0.0700873,0.901911,0.0179573,0.00324616,0.0013651,0.000459314,0.000239174,0.000146531,8.80563e-05,7.5444e-05,6.53543e-05,6.62715e-05,7.40682e-05,8.04889e-05,
3.84549e-05,4.85264e-05,4.66952e-05,0.000100715,0.000168469,0.000413848,0.00145762,0.0346945,0.930987,0.0286406,0.0022313,0.000566752,0.000237138,0.000124521,6.50071e-05,4.12017e-05,4.57796e-05,2.9299e-05,3.02146e-05,3.20457e-05,
3.06915e-05,2.77213e-05,4.0592e-05,5.34626e-05,0.000103955,0.000166328,0.000373248,0.00152269,0.0358021,0.922557,0.0366159,0.00182862,0.000466313,0.000148507,8.2174e-05,5.04925e-05,3.46517e-05,3.36616e-05,2.37612e-05,3.76218e-05,
5.46566e-05,5.27276e-05,5.52996e-05,7.33042e-05,9.64529e-05,0.000111242,0.000162041,0.000354946,0.00131626,0.0318674,0.951251,0.0129986,0.00083914,0.000262352,0.000139535,0.000104169,8.23064e-05,7.07321e-05,5.98008e-05,4.82264e-05,
4.87783e-05,4.68272e-05,6.82896e-05,6.24362e-05,5.07294e-05,0.000130726,0.000169748,0.000349253,0.000924837,0.00378129,0.0493285,0.92208,0.0201728,0.0016409,0.000548268,0.000232185,0.000136579,9.36543e-05,6.43874e-05,7.02407e-05,
9.95149e-05,8.29291e-05,4.97574e-05,6.08146e-05,5.80503e-05,0.000105043,0.000140979,0.00027643,0.000527982,0.00121629,0.00364888,0.0315296,0.931918,0.0270183,0.00191843,0.000591561,0.000356595,0.000190737,0.000124394,8.56934e-05,
0.000121193,9.42609e-05,8.0795e-05,6.05963e-05,8.0795e-05,9.08944e-05,9.08944e-05,0.000222186,0.000340012,0.000619429,0.00153174,0.00319814,0.0357552,0.925419,0.0287159,0.00216463,0.000730522,0.000356845,0.000178422,0.000148124,
0.000116391,7.18888e-05,9.58517e-05,8.90051e-05,6.84655e-05,7.18888e-05,8.55819e-05,0.000109545,0.000232783,0.000332058,0.00077366,0.00104752,0.00271808,0.0311039,0.929265,0.0306075,0.00203,0.000677808,0.000311518,0.000191703,
0.000219929,0.000111558,0.00012112,0.000108371,9.56212e-05,8.92464e-05,7.96843e-05,0.000130682,0.000162556,0.000232678,0.000790468,0.000535479,0.000902027,0.00266464,0.0343758,0.935908,0.0207243,0.00178812,0.000624725,0.000334674,
0.000467806,0.000255167,0.000147212,0.000111227,0.000137398,0.000130855,0.000121041,0.000140669,0.000124312,0.000153755,0.000961784,0.000418736,0.000529963,0.000974869,0.00231613,0.0236684,0.946968,0.0200797,0.00160952,0.000683717,
0.00100439,0.000592492,0.000380209,0.000234462,0.000167926,0.000174262,0.000243967,0.000351693,0.000392883,0.000668534,0.0017553,0.000601997,0.000601997,0.000719228,0.00102656,0.00254106,0.0239056,0.940706,0.0218905,0.00204045,
0.0022053,0.00115106,0.000650832,0.000441059,0.000268939,0.000193636,0.000258181,0.000134469,0.0001775,0.000236666,0.000957422,0.000279696,0.000419544,0.000414166,0.000602423,0.0012156,0.00280234,0.0251296,0.938843,0.0236182,
0.0273926,0.00279426,0.00118867,0.000811667,0.000403616,0.00039918,0.000452404,0.000483452,0.000612077,0.00103787,0.0020713,0.000700783,0.000576594,0.000527805,0.000572158,0.000754007,0.0012552,0.00313578,0.027845,0.926986,


0.931894,0.0258081,0.00325833,0.00119031,0.000745448,0.000444864,0.00025249,0.000228444,0.00018035,0.000240467,0.000607179,0.000174339,0.000198385,0.000222432,0.000282549,0.000384747,0.000721401,0.00114823,0.00282549,0.0291927,
0.0267707,0.93585,0.0220947,0.00239935,0.00118514,0.000733046,0.000555435,0.000555435,0.000584499,0.00093649,0.00209903,0.000497308,0.000397201,0.000297093,0.000274488,0.000303552,0.000432723,0.000645855,0.000975241,0.00241227,
0.00186335,0.0247748,0.942481,0.0219488,0.00266304,0.00107919,0.000617236,0.000395963,0.000279503,0.000263975,0.00100155,0.000151398,9.70497e-05,0.000147516,0.000170807,0.000151398,0.000194099,0.000349379,0.000481366,0.000888975,
0.000845602,0.0020503,0.0252715,0.938657,0.025399,0.00290362,0.00103866,0.000691154,0.000305035,0.000316618,0.000818574,0.000150587,0.000100391,0.000131281,0.00012742,0.00012742,0.000123558,0.000212366,0.000328202,0.000401565,
0.000367601,0.00073183,0.00180091,0.0255095,0.937056,0.0281873,0.00262717,0.00110955,0.00058344,0.000333876,0.000559833,0.000155134,9.44297e-05,9.10572e-05,7.75672e-05,8.76847e-05,0.000114665,0.000111292,0.000118037,0.000283289,
0.000204322,0.000359852,0.000643463,0.00204932,0.0299897,0.935413,0.0249182,0.0029886,0.00113445,0.000570273,0.000713604,0.000265314,0.000131132,0.000115884,7.31901e-05,7.01406e-05,8.53885e-05,7.62397e-05,9.45373e-05,0.000103686,
0.000116313,0.000173178,0.000330847,0.000622922,0.00172661,0.0249091,0.935283,0.0313994,0.00282254,0.00099254,0.00064877,0.000242966,0.000193856,0.000136991,7.49575e-05,6.9788e-05,5.9449e-05,6.20338e-05,6.72033e-05,6.72033e-05,
6.94072e-05,8.1865e-05,0.000140594,0.000256273,0.000503647,0.00148603,0.0272539,0.927135,0.0382683,0.00293824,0.000912972,0.000339918,0.000195764,0.00010856,7.29666e-05,5.16105e-05,4.44918e-05,4.80512e-05,4.98308e-05,4.27121e-05,
3.78289e-05,5.29605e-05,4.9718e-05,9.9436e-05,0.000158881,0.000370723,0.00125484,0.0324832,0.931466,0.0306479,0.00226974,0.000566353,0.000205357,0.000103759,6.48496e-05,4.21522e-05,3.99906e-05,1.94549e-05,3.45864e-05,3.24248e-05,
2.07391e-05,1.61304e-05,2.56769e-05,3.2151e-05,5.93642e-05,0.000114778,0.00030132,0.00130788,0.0706194,0.916178,0.0100785,0.000816724,0.000199819,8.73455e-05,4.31241e-05,2.79813e-05,2.20558e-05,1.72277e-05,1.47039e-05,1.70082e-05,
5.15353e-05,5.92656e-05,5.99098e-05,7.15053e-05,8.76101e-05,0.00011982,0.000161048,0.00037041,0.00131093,0.0309869,0.951737,0.0133818,0.000818768,0.000282156,0.000152673,0.000101138,7.08611e-05,6.11982e-05,6.3775e-05,5.15353e-05,
1.28385e-05,1.34804e-05,1.25817e-05,1.52778e-05,1.81665e-05,2.86299e-05,4.61544e-05,9.39779e-05,0.000299202,0.00128276,0.0712512,0.91936,0.00653776,0.000683843,0.000177492,7.51053e-05,3.55627e-05,2.29809e-05,1.91294e-05,1.34162e-05,
7.16137e-05,7.98768e-05,6.05962e-05,6.6105e-05,9.08943e-05,0.00013221,0.000170771,0.000236876,0.000539857,0.00116785,0.00358069,0.0313833,0.931689,0.0273867,0.00194734,0.000655541,0.000300227,0.00017628,0.000162508,0.000101912,
0.000126276,0.000103014,0.000126276,9.96913e-05,0.000103014,0.000159506,0.000179444,0.000206029,0.000355566,0.000787561,0.00155518,0.00363209,0.034553,0.925464,0.0292262,0.0019041,0.000684547,0.000342273,0.000235936,0.000156183,
0.000146946,0.000112773,0.00011619,8.88512e-05,6.83471e-05,0.000105938,8.88512e-05,0.000119607,0.000211876,0.000328066,0.000861173,0.00110381,0.00270654,0.0308997,0.928758,0.0311663,0.00192055,0.000642463,0.000338318,0.000215293,
0.00013606,7.95081e-05,7.01762e-05,6.75632e-05,6.79365e-05,6.4577e-05,6.68167e-05,8.884e-05,0.000108997,0.000171334,0.00071296,0.000343975,0.000588658,0.00169823,0.0340901,0.946729,0.0133855,0.000917143,0.000375704,0.000237218,
0.000377944,0.000195721,0.000121482,0.000124857,0.000138355,0.000145104,0.000118108,0.000107984,0.000145104,0.00023959,0.000998853,0.000391442,0.00047243,0.000867247,0.00259499,0.0235608,0.945704,0.0212492,0.001721,0.000725518,
0.000600011,0.000357432,0.000307926,0.000210895,0.000201984,0.000194063,0.000222776,0.000329709,0.000375254,0.000490108,0.00172973,0.000601991,0.000564367,0.00067823,0.000827738,0.00197627,0.0235014,0.947047,0.018234,0.00154953,
0.00214595,0.00113027,0.000630241,0.000421897,0.00026043,0.000197927,0.000182301,0.00018751,0.000109381,0.000208344,0.00093234,0.00018751,0.000322933,0.000385437,0.000677119,0.00116152,0.00273973,0.0251992,0.939919,0.0230012,
0.0275904,0.00311985,0.00123136,0.000746184,0.000497456,0.000417617,0.000494385,0.000552729,0.000675557,0.00098877,0.00200825,0.000890507,0.000675557,0.00064485,0.000611072,0.000755396,0.00116073,0.00333173,0.0354207,0.918187,


0.932046,0.0267376,0.00323707,0.00139769,0.000695818,0.000514301,0.000320682,0.000254125,0.00019967,0.000229923,0.000683717,0.000157315,0.000266226,0.000211771,0.000326732,0.000381187,0.000617161,0.00108306,0.00278327,0.0278569,
0.0272078,0.93518,0.0230878,0.00244524,0.00117855,0.000835757,0.000600701,0.000522348,0.00050276,0.000855345,0.00139402,0.000466849,0.000385232,0.000313409,0.00030035,0.000316674,0.000440731,0.000424408,0.000874933,0.00266724,
0.0019449,0.0241822,0.943978,0.0213484,0.00256408,0.00113579,0.000581192,0.000406455,0.000243113,0.00022412,0.000828104,0.000174738,0.000125355,6.45769e-05,9.4966e-05,0.000144348,0.000208925,0.000338079,0.000528011,0.000885084,
0.000881001,0.00211214,0.0251349,0.938834,0.0251349,0.0028689,0.00120855,0.000624984,0.000384026,0.000297432,0.000756757,0.000229663,0.000116714,9.03591e-05,0.000131774,0.000139304,0.000173188,0.000229663,0.000256017,0.000395321,
0.000364164,0.000731731,0.00202502,0.0248618,0.937429,0.028272,0.00262402,0.00115375,0.00052072,0.000319919,0.00055135,9.18917e-05,0.000139539,8.84883e-05,9.86985e-05,8.16816e-05,8.16816e-05,0.000132733,0.000187187,0.000245045,
0.000208321,0.00030329,0.000698487,0.00200049,0.0297102,0.935895,0.0250842,0.00279701,0.00106611,0.000579009,0.000652534,0.000186876,0.000122542,0.000113351,6.73978e-05,0.000128669,7.65884e-05,9.49697e-05,8.88426e-05,0.000125605,
0.00011388,0.000160468,0.00030023,0.000561638,0.00195926,0.0237622,0.935399,0.0318089,0.00308513,0.00104822,0.000732459,0.000320936,0.000165644,0.000121645,8.79986e-05,6.47048e-05,8.28222e-05,5.17639e-05,6.47048e-05,0.000108704,
4.52174e-05,0.000103096,0.000126609,0.000206191,0.000506434,0.00153377,0.0267144,0.926893,0.0391004,0.00279262,0.00107256,0.000320139,0.000164591,0.000113948,6.69217e-05,6.33043e-05,4.16e-05,4.52174e-05,4.70261e-05,4.34087e-05,
3.22424e-05,4.2606e-05,5.64241e-05,8.06059e-05,0.000156606,0.000378848,0.00128163,0.0306556,0.930829,0.0329943,0.00233296,0.000597635,0.000247575,9.67271e-05,5.75756e-05,3.56969e-05,3.79999e-05,2.76363e-05,2.18787e-05,3.68484e-05,
3.56674e-05,2.67506e-05,3.86397e-05,5.8455e-05,7.23256e-05,0.000158522,0.000386397,0.00156342,0.03411,0.922725,0.0381156,0.00186759,0.000412157,0.000177346,7.13349e-05,5.74642e-05,4.26028e-05,3.66582e-05,1.6843e-05,2.67506e-05,
2.49244e-05,2.11038e-05,1.85005e-05,1.85342e-05,2.09152e-05,3.18384e-05,5.94822e-05,0.00017109,0.000960999,0.0594699,0.932084,0.00621769,0.000593044,0.000118602,4.89531e-05,2.94153e-05,2.66992e-05,2.82265e-05,2.8895e-05,2.76085e-05,
4.67703e-05,6.23604e-05,7.60018e-05,3.89753e-05,9.15919e-05,0.000109131,0.000202671,0.00036247,0.000954894,0.00373383,0.0464215,0.923622,0.0215377,0.00158045,0.00053591,0.000270878,0.000111079,9.15919e-05,7.79505e-05,7.21042e-05,
8.83841e-05,3.86681e-05,8.00981e-05,6.35261e-05,8.28601e-05,9.66701e-05,0.00016572,0.000226484,0.000522019,0.00112414,0.00356022,0.0305809,0.932196,0.02791,0.00197207,0.000629737,0.000295534,0.000149148,0.000116004,0.000102194,
7.23936e-05,5.92311e-05,5.37468e-05,5.59405e-05,7.34905e-05,7.89748e-05,8.00717e-05,0.000149175,0.000235828,0.00039268,0.00141387,0.0014029,0.018332,0.958045,0.0177386,0.000906017,0.000399262,0.000204018,0.000188662,0.000118462,
