0.931195,0.0236655,0.00299412,0.00135334,0.000520977,0.0004072,0.000329353,0.000329353,0.000257494,0.000167671,0.000658706,0.000173659,0.000257494,0.000257494,0.0002036,0.000461094,0.000622777,0.00123358,0.00251506,0.0323964,
0.0273554,0.949603,0.0146984,0.001531,0.000781747,0.000437702,0.000332577,0.000235098,0.000217895,0.000208339,0.00122709,0.000164377,0.000131884,0.000105125,0.000166289,0.000181579,0.000221718,0.000401386,0.000621193,0.00137809,
0.00176125,0.0251801,0.94733,0.0180222,0.00231285,0.000880625,0.000538698,0.000409668,0.000203221,0.000158061,0.000774176,0.000183867,0.000135481,0.000135481,0.000135481,0.000206447,0.000170964,0.000248381,0.0004387,0.000774176,
0.00135137,0.00314877,0.0406625,0.927266,0.0181326,0.0026741,0.00134182,0.000867146,0.000612571,0.000391409,0.00104429,0.000224344,0.000164413,0.000164943,0.000166004,0.000185628,0.000226466,0.00030602,0.000403077,0.000666138,
0.000384927,0.000723519,0.00227748,0.0294754,0.93494,0.0254764,0.00290477,0.00108706,0.000620159,0.000352849,0.000506107,0.000153258,0.000142565,0.000110488,8.55392e-05,0.000110488,0.000128309,0.000117616,0.000185335,0.000217412,
0.00030606,0.000503961,0.00103739,0.00356322,0.0854561,0.887472,0.015364,0.00272139,0.001172,0.000596047,0.00058935,0.000220002,0.000148677,0.00011854,0.000102467,0.000102801,9.24208e-05,0.000112512,0.000145998,0.000174796,
0.000238628,0.000306494,0.000568328,0.00145541,0.00526645,0.0763867,0.88678,0.0200819,0.00429092,0.00194405,0.00106966,0.000436535,0.000232936,0.000170761,0.0001261,0.000108587,0.000109024,0.000111214,0.000135733,0.000180394,
6.95207e-05,6.59555e-05,0.000124781,0.000237083,0.000499123,0.00142428,0.0330883,0.927734,0.031967,0.00293948,0.000923378,0.000363647,0.000187171,8.55639e-05,7.6651e-05,5.70426e-05,3.38691e-05,2.85213e-05,5.16949e-05,4.2782e-05,
4.41979e-05,4.30646e-05,6.45969e-05,8.49959e-05,0.000157526,0.000378515,0.00125567,0.0407459,0.926823,0.0270196,0.00226316,0.000537174,0.000222123,0.000122394,5.6664e-05,5.32641e-05,3.73982e-05,2.94653e-05,3.51317e-05,2.60654e-05,
8.72911e-05,0.000110345,0.000127685,0.000188178,0.000354681,0.000663254,0.00189223,0.00848772,0.0711666,0.89355,0.0195183,0.00205183,0.000766506,0.00035744,0.000213006,0.000130641,9.93108e-05,8.2562e-05,7.88181e-05,7.33008e-05,
0.000112462,0.000116674,0.000121405,0.000125322,0.000153924,0.00023054,0.000407819,0.00122001,0.00688638,0.0594321,0.923736,0.00553869,0.000811474,0.000322407,0.00018967,0.000134954,0.000120641,0.000112191,0.000108766,0.000118079,
5.55364e-05,4.59612e-05,4.21311e-05,8.23471e-05,6.51116e-05,0.000114903,0.000180015,0.000396415,0.000999655,0.0035122,0.0571144,0.916485,0.0181106,0.00175418,0.000471102,0.000225976,0.000130223,9.00073e-05,6.31966e-05,6.12815e-05,
0.000270995,0.000210357,0.000167223,0.000145812,0.000166493,0.000227704,0.000385706,0.000858983,0.00227808,0.0080753,0.0208762,0.0729347,0.873083,0.0159177,0.0019999,0.000863932,0.00048604,0.000383675,0.000347104,0.000320901,
0.00027056,0.000226941,0.000178595,0.000159284,0.000156043,0.00019426,0.000282984,0.000501958,0.00108305,0.00278514,0.0057056,0.00762336,0.0429806,0.919364,0.0150973,0.00138285,0.000753612,0.000506954,0.000404456,0.000342606,
0.000290998,0.000232752,0.000189047,0.000161527,0.00015707,0.000177632,0.000228921,0.000338455,0.0006128,0.00128455,0.0029558,0.00253181,0.00341958,0.0337466,0.935809,0.0150532,0.0012514,0.000722883,0.000469178,0.000366836,
0.000385668,0.000287344,0.000224578,0.000186032,0.000179539,0.000190361,0.000255497,0.000348256,0.000536143,0.000907073,0.0022934,0.00137025,0.00176375,0.00258414,0.0340996,0.935517,0.016133,0.00147135,0.00075062,0.000516354,
0.000606749,0.000427372,0.000327861,0.000281878,0.000259527,0.000302805,0.000387084,0.000471647,0.000698288,0.00110758,0.00265335,0.00124211,0.00126375,0.0016393,0.00292099,0.0236349,0.938574,0.0202085,0.00204091,0.000951266,
0.000804704,0.000522307,0.000368388,0.000292828,0.000230497,0.000225409,0.000255684,0.000308601,0.000373731,0.00048847,0.00184983,0.000588454,0.000679788,0.000817933,0.00135398,0.00275706,0.0235654,0.945659,0.0172356,0.00162238,
0.00198513,0.00108664,0.000616236,0.000366919,0.000249317,0.000216388,0.000244613,0.000225796,0.000301062,0.000244613,0.00111957,0.000202276,0.000409256,0.000395143,0.000583307,0.00115721,0.0024132,0.0250869,0.942977,0.0201194,
0.0273907,0.00311989,0.00128262,0.000708166,0.000475412,0.000539791,0.00051503,0.000505126,0.000579409,0.00103996,0.00191651,0.000812163,0.000727975,0.000727975,0.000609122,0.000817115,0.00124796,0.00360521,0.0312633,0.922117,


0.931017,0.0239937,0.00299171,0.001313,0.000797391,0.000383707,0.00035373,0.000281785,0.000215835,0.000221831,0.000743432,0.000227826,0.00020984,0.000239817,0.000239817,0.000515606,0.000629519,0.00119908,0.00267995,0.0317457,
0.0270863,0.94612,0.0149954,0.00154009,0.000920505,0.000629573,0.000524984,0.000414686,0.000412851,0.000503169,0.00162898,0.000281147,0.000246895,0.000212848,0.000218352,0.000254846,0.000355154,0.000528654,0.000888293,0.00223755,
0.00217371,0.0258751,0.944747,0.0185289,0.00240614,0.00111305,0.000540155,0.000445218,0.000314272,0.000219336,0.000995194,0.000124399,0.000157136,0.000114578,0.000209515,0.000170231,0.000199694,0.000291356,0.000549976,0.000824964,
0.0010488,0.00218713,0.0289997,0.934855,0.0247363,0.00314213,0.00118096,0.000665092,0.00038797,0.000319756,0.000733307,0.000183327,0.000115112,0.000106585,0.000119375,0.000102322,0.000157746,0.00020038,0.000264331,0.000494556,
0.000245445,0.000367645,0.000761401,0.0168354,0.963184,0.0143173,0.00116456,0.000559823,0.000321689,0.000231867,0.0012314,0.000121156,7.62445e-05,5.32667e-05,6.16223e-05,7.41556e-05,8.6689e-05,7.7289e-05,9.40001e-05,0.000134733,
0.000215522,0.000346142,0.000718407,0.00210297,0.0357995,0.930455,0.0237205,0.00308915,0.00126374,0.000623708,0.000613912,0.000199195,0.000146947,8.16372e-05,8.49027e-05,0.000111027,8.81682e-05,8.16372e-05,0.000111027,0.000146947,
0.000136155,0.000200379,0.000297999,0.000585722,0.00177515,0.0278603,0.935753,0.0275469,0.00302623,0.00109438,0.000678205,0.000315982,0.00022093,0.000105327,6.42239e-05,6.1655e-05,6.1655e-05,5.65171e-05,6.93618e-05,8.99135e-05,
5.87731e-05,6.05541e-05,0.000126451,0.000258246,0.000502243,0.00149248,0.0325763,0.928158,0.0321507,0.00282467,0.000906531,0.00033661,0.000176319,8.90502e-05,7.65832e-05,6.05541e-05,3.20581e-05,2.67151e-05,4.27441e-05,4.45251e-05,
3.08246e-05,5.02327e-05,7.30657e-05,7.42074e-05,0.000166681,0.00038702,0.00132089,0.0391678,0.927638,0.0277227,0.00225933,0.000568542,0.000202072,0.00010389,7.42074e-05,4.68077e-05,3.53912e-05,2.39747e-05,2.51163e-05,2.96829e-05,
3.65175e-05,1.48044e-05,4.34262e-05,7.00741e-05,8.68524e-05,0.000169757,0.000409588,0.00155051,0.041552,0.92115,0.0322292,0.00181107,0.000437223,0.000164822,8.58655e-05,5.52697e-05,4.8361e-05,2.96088e-05,3.05957e-05,2.4674e-05,
5.57748e-05,5.7698e-05,6.85966e-05,7.69307e-05,8.39827e-05,0.000116678,0.000173094,0.000352599,0.00132577,0.0367062,0.947699,0.0117044,0.000817389,0.000251948,0.000135911,0.000103856,8.14183e-05,7.11609e-05,5.12871e-05,6.60322e-05,
0.0002063,0.000165842,0.000133411,0.000126366,0.000149315,0.00024539,0.000533317,0.00134339,0.00502812,0.0320182,0.134747,0.801569,0.0185677,0.00289664,0.000862416,0.000382814,0.000257756,0.00025181,0.000265752,0.000249135,
5.25591e-05,4.70265e-05,6.63904e-05,8.02217e-05,6.63904e-05,0.000132781,0.000168742,0.00027386,0.000564318,0.00117566,0.00356848,0.0354082,0.931134,0.0239005,0.00195575,0.000713697,0.000260029,0.00018534,0.000146612,9.95856e-05,
0.00014186,0.000101329,6.75525e-05,0.000104706,7.76854e-05,0.000101329,0.000118217,0.000229679,0.000300609,0.000493133,0.00158073,0.00334047,0.0396128,0.924351,0.0258388,0.00201644,0.000736322,0.00032763,0.000222923,0.000236434,
0.000146384,8.85115e-05,8.1703e-05,9.53201e-05,8.51073e-05,8.51073e-05,9.87244e-05,0.000156597,0.000180427,0.000326812,0.000885115,0.000980436,0.00268939,0.0337637,0.930467,0.0266454,0.00192683,0.000684262,0.000411919,0.000200853,
0.000268727,0.000198009,9.33472e-05,7.6375e-05,8.20324e-05,8.48611e-05,7.92037e-05,0.000121634,0.000135778,0.000206495,0.00076375,0.000472393,0.000905185,0.00229125,0.0341113,0.939998,0.0177727,0.00151053,0.000517653,0.000311157,
0.000385059,0.000205177,0.000179881,0.000140532,8.15088e-05,0.000103994,8.71301e-05,0.000109615,0.000171449,0.000157396,0.000961241,0.00030355,0.000446893,0.000786981,0.00226819,0.0251693,0.948531,0.0178026,0.00148964,0.000618342,
0.000720787,0.000412258,0.000311188,0.000215438,0.000186181,0.000257994,0.000250015,0.000257994,0.000383001,0.000473432,0.00144423,0.000508008,0.000537265,0.00059578,0.000946864,0.00212246,0.0233976,0.946702,0.0184,0.00187777,
0.00192115,0.000879728,0.000546486,0.000404373,0.00035491,0.00038121,0.000469079,0.000566511,0.000775422,0.00121327,0.00293133,0.00107414,0.000803217,0.000772881,0.000816517,0.00112809,0.00240532,0.0251618,0.937352,0.0200422,
0.021918,0.00267879,0.00134027,0.000864921,0.00066338,0.00055174,0.000525298,0.000501207,0.000562316,0.000705098,0.00168166,0.00059287,0.000579356,0.000574068,0.000729777,0.00103297,0.00186381,0.00393386,0.0377815,0.920919,


0.930662,0.0244821,0.00311336,0.00115805,0.000727421,0.000517924,0.000308426,0.000174581,0.000261872,0.000256052,0.00064595,0.000168762,0.000174581,0.000197858,0.000267691,0.000389898,0.00064013,0.00124534,0.00286313,0.0317446,
0.0275403,0.937427,0.0212859,0.00238115,0.00103665,0.000565446,0.000464922,0.00043665,0.000490053,0.000757069,0.00171204,0.000486912,0.000354974,0.000329843,0.000323561,0.000348691,0.000376964,0.000578011,0.000923561,0.00218011,
0.00185479,0.0251508,0.946845,0.0181063,0.00233905,0.000980694,0.000590853,0.000405069,0.000249742,0.000152282,0.00120302,0.000115734,9.74602e-05,9.44146e-05,0.000112688,0.000164464,0.000191875,0.000261924,0.000368522,0.000715724,
0.000894826,0.00217926,0.0296705,0.934108,0.0249438,0.00319397,0.00131441,0.000552309,0.000432428,0.00032111,0.000757819,0.000137007,0.000149851,0.000128444,7.70663e-05,0.000119881,0.000137007,0.000166977,0.000269732,0.000445272,
0.000544113,0.00101124,0.0027729,0.05615,0.915625,0.0168692,0.00238276,0.00119679,0.000649648,0.000448958,0.000731828,0.000220586,0.000171711,0.000117646,0.000125431,0.000136244,0.000136244,0.000152248,0.000242212,0.000315309,
0.000189793,0.000327229,0.000749355,0.00196665,0.0355797,0.931118,0.0237372,0.0030596,0.0011224,0.000605374,0.000546473,0.000183248,0.000150526,0.000111258,6.54459e-05,8.18074e-05,6.54459e-05,0.000101441,7.85351e-05,0.000160342,
0.000106179,0.00015203,0.000287167,0.000591226,0.00180505,0.0287794,0.935638,0.0270444,0.00295372,0.00104008,0.000666034,0.000238904,0.000164095,0.000115832,5.7916e-05,6.99819e-05,5.7916e-05,7.48082e-05,7.72214e-05,7.96345e-05,
6.05923e-05,7.09796e-05,0.000148884,0.00021467,0.000510707,0.0015477,0.0318058,0.927488,0.0334764,0.0027457,0.000978133,0.000351435,0.000173121,0.000110797,6.40547e-05,6.57859e-05,5.88611e-05,3.63554e-05,3.63554e-05,5.53987e-05,
3.65523e-05,3.42678e-05,6.05398e-05,8.56695e-05,0.000165628,0.00039408,0.00130332,0.03826,0.927878,0.0283498,0.00236334,0.000547143,0.000190758,0.000122222,4.91172e-05,4.45482e-05,3.76946e-05,2.1703e-05,1.82762e-05,3.76946e-05,
3.16021e-05,2.9627e-05,4.04902e-05,6.6167e-05,8.69059e-05,0.00015406,0.000384163,0.0015564,0.0405485,0.921635,0.0328642,0.00174207,0.00044243,0.000149123,7.90053e-05,6.02416e-05,3.654e-05,3.25897e-05,2.2714e-05,3.85151e-05,
4.81792e-05,5.71726e-05,5.97422e-05,7.06628e-05,8.92921e-05,0.000120769,0.000180511,0.000391215,0.00132975,0.0360155,0.948187,0.0118964,0.000793351,0.000282009,0.000138756,9.5716e-05,7.00204e-05,6.87356e-05,5.58878e-05,4.9464e-05,
5.31243e-05,4.55351e-05,3.79459e-05,6.07135e-05,8.91729e-05,0.000127119,0.000157476,0.000339616,0.000950545,0.00372249,0.0543442,0.91828,0.018954,0.00171895,0.000508475,0.000229573,0.000146092,9.67621e-05,8.15837e-05,5.69189e-05,
6.89857e-05,5.7948e-05,6.62263e-05,8.55423e-05,7.17451e-05,0.00014349,0.000137971,0.000275943,0.000518772,0.00116448,0.00373075,0.0346005,0.930719,0.0250501,0.00195092,0.000642947,0.000320094,0.000179363,0.000124174,9.10611e-05,
0.000124195,0.000117482,0.000114125,8.72723e-05,9.73422e-05,9.39856e-05,0.000137622,0.000261817,0.000379299,0.000788808,0.00167831,0.00339355,0.0380004,0.925439,0.0256782,0.00207775,0.000708249,0.000375942,0.000275244,0.000171188,
0.000109509,0.000106087,9.58202e-05,7.87094e-05,8.21316e-05,9.92423e-05,0.000123197,0.000140308,0.000246395,0.000328526,0.000831582,0.00110535,0.0027959,0.0342181,0.929189,0.0274628,0.00180347,0.000622831,0.000345637,0.000215595,
0.000177343,0.000149194,0.000115414,8.44492e-05,0.000123859,8.72642e-05,7.60043e-05,9.57091e-05,0.000171713,0.000236458,0.00106688,0.00053766,0.000844492,0.00236739,0.0342104,0.938935,0.0182804,0.00152009,0.000622109,0.000298387,
0.000362882,0.000301917,0.000165474,0.00010451,0.00010451,0.000130637,0.00010451,9.58007e-05,0.000124831,0.000153862,0.00117283,0.000348366,0.000441264,0.000836079,0.00210181,0.0235118,0.950137,0.0176273,0.00157055,0.000603835,
0.000779258,0.000489412,0.000306477,0.000173433,0.000156802,0.000149675,0.000235203,0.000237579,0.000289846,0.000415763,0.00154189,0.000491788,0.000446648,0.000641463,0.000860035,0.00222611,0.0234894,0.946207,0.0189493,0.00191251,
0.00221725,0.00103808,0.000534156,0.000362823,0.000231803,0.000221725,0.000226764,0.000176372,0.000176372,0.000141098,0.00108343,0.000282195,0.000357784,0.000367862,0.000629901,0.00113886,0.00281692,0.0267733,0.938794,0.0224295,
0.0275298,0.00344483,0.0011723,0.000677435,0.000475646,0.000403578,0.000494864,0.000470841,0.000845593,0.0010714,0.00209476,0.000797548,0.000744698,0.000701458,0.00058615,0.000835984,0.00147979,0.00357936,0.0306672,0.921927,


0.931449,0.0242182,0.0034606,0.00133377,0.000564751,0.000462615,0.000282376,0.000228304,0.000222296,0.000216288,0.000732975,0.000156208,0.000156208,0.000138184,0.000216288,0.000288384,0.000624831,0.00133377,0.00275767,0.0311574,
0.0271911,0.952375,0.0133435,0.00111338,0.000647577,0.000480002,0.000316688,0.000186036,0.000137752,0.000160474,0.00127101,9.65685e-05,9.79887e-05,0.000124971,0.000139172,0.000147693,0.000214439,0.000374913,0.000480002,0.00110202,
0.0018199,0.0246785,0.951815,0.0140667,0.00146876,0.000840881,0.000555334,0.000400044,0.000274422,0.000248927,0.00139088,0.000167574,0.000125622,0.000130721,0.000152045,0.000153899,0.00021022,0.000292501,0.000451267,0.000756515,
0.00105035,0.00218385,0.0287139,0.934813,0.0249676,0.00315104,0.00126479,0.000647714,0.00039388,0.000328233,0.000752748,0.000157552,0.000126917,0.000100658,0.000113788,0.000175058,0.000161928,0.000175058,0.000275716,0.000446397,
0.000360803,0.000685883,0.00198263,0.0278783,0.934816,0.0273675,0.00306861,0.001161,0.000675166,0.000332225,0.000560853,0.000150037,0.000114314,0.000117886,6.78739e-05,7.14462e-05,8.57354e-05,0.000107169,0.000200049,0.000196477,
0.000150229,0.00032985,0.000747877,0.00200196,0.0342031,0.931754,0.0243926,0.00289353,0.0013096,0.000591117,0.000542129,0.000222077,0.000140431,0.000107773,0.000114304,9.79752e-05,9.47093e-05,9.47093e-05,0.000114304,9.79752e-05,
0.00014644,0.000143871,0.000298019,0.000608884,0.00184463,0.0268679,0.935541,0.0288256,0.00301616,0.00107647,0.000639713,0.000262051,0.000133595,0.000136164,6.16591e-05,8.73504e-05,6.93665e-05,4.88134e-05,8.73504e-05,0.000105334,
6.24244e-05,6.57987e-05,0.000136659,0.000268256,0.000494334,0.00155386,0.0314484,0.927662,0.0335843,0.00275848,0.00105278,0.000315496,0.00015353,0.000124849,7.92959e-05,5.39887e-05,3.37429e-05,4.55529e-05,5.06144e-05,5.56758e-05,
4.21804e-05,4.10404e-05,4.33204e-05,8.77809e-05,0.000159602,0.000393304,0.00125857,0.0370093,0.928748,0.028832,0.00226634,0.000570006,0.000217742,9.12009e-05,5.92806e-05,4.21804e-05,2.73603e-05,4.10404e-05,2.85003e-05,4.10404e-05,
3.7522e-05,4.83836e-05,2.96226e-05,6.41823e-05,8.88678e-05,0.000180698,0.000358434,0.00162332,0.0392658,0.922305,0.0334341,0.00174181,0.000363371,0.000170824,8.49181e-05,5.72704e-05,3.85094e-05,3.85094e-05,3.45597e-05,3.45597e-05,
7.50093e-05,6.15461e-05,7.3086e-05,7.3086e-05,8.27026e-05,0.000125657,0.000181433,0.000386587,0.00132516,0.0348409,0.948899,0.0122849,0.000812922,0.000263494,0.000128862,9.16781e-05,8.33437e-05,8.59081e-05,6.15461e-05,6.28283e-05,
5.20939e-05,4.05175e-05,5.78821e-05,5.01645e-05,6.94585e-05,0.000113835,0.000185223,0.000382022,0.000993643,0.00368323,0.0530586,0.919403,0.0190393,0.00170752,0.000505504,0.000233458,0.000185223,0.000104188,8.29643e-05,5.20939e-05,
7.17685e-05,8.55701e-05,6.34875e-05,7.17685e-05,8.83304e-05,0.000102132,0.000162859,0.000287074,0.000563107,0.0011897,0.00345593,0.033676,0.931326,0.0254889,0.00207853,0.000626594,0.000292595,0.000179421,9.66114e-05,9.38511e-05,
0.000111483,7.77001e-05,0.000118239,0.000118239,6.4187e-05,0.000121618,0.000182426,0.000206074,0.000287152,0.000489848,0.00138847,0.00330732,0.0384041,0.924972,0.0266883,0.00203709,0.000733083,0.000314179,0.000243235,0.000135131,
0.00017217,6.88679e-05,8.60849e-05,5.16509e-05,6.88679e-05,6.54245e-05,8.26415e-05,0.000179057,0.000220377,0.000299575,0.000702453,0.000967594,0.00259288,0.0325608,0.930399,0.028439,0.00179057,0.000654245,0.000420094,0.000179057,
0.000139048,0.000160207,8.46379e-05,7.85923e-05,7.25468e-05,0.000120911,7.25468e-05,0.000117889,0.000178344,0.000259959,0.00074965,0.000414121,0.000918926,0.00243334,0.0337554,0.938761,0.0191161,0.00164137,0.000577351,0.00034762,
0.000383181,0.000287386,0.000197578,9.28016e-05,9.87888e-05,8.38208e-05,7.18464e-05,0.000101782,0.000125731,0.000197578,0.00114954,0.000365219,0.000508912,0.000811265,0.0020117,0.023859,0.948926,0.0186561,0.00138304,0.000688528,
0.000935419,0.000496228,0.000345078,0.000282337,0.000205336,0.000245262,0.000245262,0.000299448,0.00036219,0.000655934,0.00175391,0.000638823,0.000607452,0.00065023,0.00114361,0.00239273,0.0234881,0.944363,0.0190363,0.00185373,
0.00217258,0.000998341,0.000484908,0.000270978,0.000185406,0.000256716,0.00014262,0.000137866,0.00019016,0.000175898,0.00110293,0.000204422,0.00030901,0.000442122,0.000679823,0.0010649,0.00286666,0.0247066,0.942795,0.020813,
0.0138201,0.000901721,0.000464159,0.000298572,0.000261679,0.000182747,0.000141564,0.000170735,0.000164729,0.00024023,0.00164472,0.000203338,0.000201622,0.000199048,0.000321737,0.000323453,0.000470165,0.000955773,0.0144378,0.964596,


0.915484,0.0194323,0.00254805,0.00127166,0.000840297,0.000648623,0.000508508,0.000488829,0.000523858,0.000624221,0.00128977,0.00040106,0.000360915,0.000350288,0.000420346,0.000566758,0.000832819,0.00135628,0.00363276,0.0484185,
0.0272858,0.941695,0.0187612,0.00199387,0.000937564,0.000492283,0.000462598,0.000415596,0.000430438,0.000588761,0.00173165,0.000341382,0.000279538,0.000319118,0.000215219,0.000269642,0.000380963,0.000514547,0.000858403,0.00202603,
0.00135028,0.0248776,0.95124,0.016058,0.00169853,0.000690094,0.000437986,0.000267064,0.000241426,0.0001346,0.00111526,0.000102553,6.6232e-05,7.0505e-05,0.000106826,0.000115372,0.000181604,0.000277747,0.00033116,0.000636681,
0.000824254,0.00218161,0.0272291,0.936405,0.0248875,0.00308788,0.00141066,0.000627417,0.000418278,0.000237844,0.000816052,0.00015993,0.000168131,0.000176333,0.000139426,0.000102519,0.000192736,0.000192736,0.000262449,0.000479789,
0.000378948,0.00086157,0.00194836,0.0274415,0.935261,0.0274451,0.00294578,0.00110824,0.000625621,0.000361073,0.000536247,0.000178749,0.000121549,0.000114399,7.86495e-05,0.000110824,6.07746e-05,0.000100099,0.000142999,0.000178749,
0.000206248,0.000353569,0.000635114,0.00207558,0.0332387,0.932531,0.0242947,0.00317557,0.00122767,0.000540174,0.000648209,0.000206248,0.000170237,0.000101487,0.000111309,8.83921e-05,5.89281e-05,0.000108035,0.00012113,0.000108035,
0.000105493,0.000172391,0.000337062,0.000607227,0.00184741,0.0259821,0.935567,0.0297104,0.00298725,0.00104206,0.000668979,0.000254727,0.000151807,0.000118358,5.40329e-05,7.97629e-05,5.14599e-05,7.97629e-05,0.000100347,8.23359e-05,
7.88127e-05,8.75697e-05,0.000115592,0.00026446,0.000493893,0.00145541,0.0305128,0.927406,0.0349333,0.00278472,0.000952758,0.00033977,0.000203162,9.63266e-05,5.7796e-05,2.97737e-05,4.37848e-05,5.60446e-05,4.0282e-05,4.72876e-05,
3.76866e-05,3.42605e-05,5.36748e-05,9.59294e-05,0.00017016,0.000365445,0.00129276,0.0359278,0.928865,0.0296799,0.00234456,0.000561872,0.000191859,0.000116486,6.16689e-05,5.25328e-05,5.13907e-05,2.28403e-05,3.76866e-05,3.65445e-05,
2.17303e-05,3.65464e-05,4.5436e-05,6.91418e-05,8.39579e-05,0.000182732,0.000397072,0.00154976,0.0383233,0.922188,0.0344089,0.00184806,0.000374354,0.000188658,8.29702e-05,5.72889e-05,4.04973e-05,3.65464e-05,2.46935e-05,4.04973e-05,
5.32787e-05,5.71301e-05,5.58463e-05,6.99684e-05,8.66581e-05,0.000129024,0.000182945,0.000352409,0.00134224,0.0338461,0.949901,0.012369,0.0007658,0.000286934,0.000126457,0.000109125,7.70294e-05,7.83132e-05,5.45625e-05,5.58463e-05,
3.49578e-05,3.68999e-05,6.79734e-05,7.76839e-05,6.21471e-05,0.0001107,0.000176731,0.000384535,0.000972991,0.003589,0.0526542,0.919636,0.0194113,0.0017071,0.000503003,0.00019421,0.000147599,9.51628e-05,8.15681e-05,5.63208e-05,
7.71193e-05,7.71193e-05,8.26278e-05,5.78395e-05,7.98735e-05,0.000104662,0.00016801,0.000264409,0.000490258,0.00125319,0.00370172,0.0333789,0.931221,0.0257716,0.00184535,0.000696828,0.000360808,0.000165256,0.000115679,8.81363e-05,
0.000128315,9.4548e-05,9.79247e-05,7.42877e-05,8.44178e-05,0.000128315,0.000141822,0.000202603,0.000327541,0.000580795,0.00143848,0.00318086,0.0367488,0.92551,0.0277532,0.00210707,0.000688849,0.000374815,0.000199226,0.000138445,
0.000151508,6.54238e-05,6.19805e-05,6.19805e-05,7.23106e-05,8.26406e-05,0.000110188,0.000179055,0.000230705,0.000261695,0.000812633,0.00104678,0.0026686,0.032736,0.929222,0.0289414,0.00198338,0.000709332,0.000337449,0.000265139,
0.000228426,0.00012656,7.7171e-05,8.33447e-05,9.87788e-05,8.64315e-05,9.26052e-05,0.000104953,0.000172863,0.000259294,0.000626628,0.000506242,0.000984702,0.0024633,0.0340509,0.937825,0.0194687,0.00169467,0.000645149,0.000404376,
0.000345559,0.00026406,0.00017604,9.77998e-05,0.00012062,0.0001304,0.00010106,0.00010106,0.0001467,0.00013692,0.00103342,0.000391199,0.000485739,0.00102038,0.00227222,0.0236773,0.947305,0.0197327,0.00171476,0.000746539,
0.000907003,0.000488621,0.000280957,0.000293173,0.000207664,0.000216826,0.000207664,0.000247364,0.000430597,0.000674908,0.00173766,0.000543591,0.000564968,0.000696285,0.000952811,0.00247364,0.023576,0.941051,0.0223392,0.00211023,
0.00236613,0.00107136,0.000553451,0.000421435,0.000233567,0.000198024,0.000137093,0.000111706,0.000182791,0.000162481,0.00101043,0.000284342,0.00037066,0.000462056,0.000639769,0.00116783,0.00271648,0.0251338,0.941309,0.0214678,
0.026594,0.00325205,0.00132677,0.000740815,0.000502248,0.000477135,0.000560843,0.000560843,0.000573399,0.000895675,0.00204247,0.000870562,0.000661293,0.000569214,0.000644551,0.000778484,0.00133096,0.00342365,0.0370994,0.917096,


0.931979,0.0252734,0.00289028,0.00138205,0.000739094,0.000480711,0.000276409,0.00021632,0.000210311,0.000192285,0.000733085,0.000180267,0.000192285,0.000186276,0.0002704,0.000408605,0.000570845,0.00118976,0.00267396,0.0299543,
0.0272188,0.943224,0.0181624,0.00179685,0.0008973,0.000570394,0.000410323,0.000417087,0.000428359,0.000599703,0.00169315,0.000367487,0.000236725,0.000238979,0.000254761,0.000207416,0.000302106,0.000482468,0.000662829,0.00182842,
0.00215048,0.0251806,0.942393,0.0214812,0.00267729,0.00121087,0.000632956,0.000365621,0.00030665,0.000235884,0.000884566,0.000192639,0.000141531,0.000125805,0.000121874,0.00019657,0.000200502,0.000255541,0.000404935,0.000841321,
0.00105502,0.00255898,0.0375018,0.925602,0.0252942,0.00292936,0.00113358,0.00071831,0.000456426,0.000261884,0.000557439,0.00015713,0.000130942,0.000134683,0.000127201,0.000153389,0.000149648,0.000243178,0.000332967,0.000501321,
0.000378592,0.000710752,0.00205725,0.0271693,0.934668,0.0282337,0.00306802,0.00124292,0.000564316,0.000296444,0.000589317,0.000135722,0.000114292,9.28621e-05,6.78608e-05,8.57189e-05,7.14324e-05,0.000139293,0.000103577,0.000210726,
0.000211425,0.000403335,0.000689572,0.00201993,0.0326018,0.932572,0.0250393,0.00302826,0.00121326,0.00061476,0.000601749,0.000188657,0.000143119,0.000152877,9.43283e-05,8.45702e-05,7.80648e-05,6.83067e-05,8.78229e-05,0.000107339,
9.52079e-05,0.00018527,0.000280477,0.00059698,0.0016314,0.026087,0.935037,0.0304022,0.00297975,0.00108331,0.000717919,0.000231587,0.000182696,8.74884e-05,7.20493e-05,5.40369e-05,4.37442e-05,6.94761e-05,7.71956e-05,8.49152e-05,
3.91384e-05,7.64978e-05,0.0001441,0.000249062,0.000558612,0.00150861,0.0290816,0.927567,0.0358935,0.00288735,0.00106207,0.000329118,0.000179681,0.000122752,6.40446e-05,6.04866e-05,2.49062e-05,3.38013e-05,5.69286e-05,6.04866e-05,
2.97202e-05,3.65787e-05,4.45803e-05,0.000104021,0.000205755,0.000408082,0.00134656,0.0349281,0.928901,0.030517,0.0023639,0.000579544,0.000217186,0.000110879,6.51559e-05,3.88649e-05,3.88649e-05,2.74341e-05,1.94325e-05,1.71463e-05,
3.55161e-05,3.05833e-05,4.53817e-05,6.31398e-05,9.175e-05,0.000157849,0.00040153,0.00156863,0.0370423,0.922702,0.0351827,0.00184092,0.00039561,0.000177581,8.08979e-05,5.13011e-05,4.83414e-05,3.15699e-05,3.15699e-05,2.07177e-05,
5.97122e-05,5.26494e-05,6.67749e-05,6.93431e-05,7.89741e-05,0.000114288,0.000185557,0.000344147,0.00132587,0.0327139,0.950725,0.0126224,0.000862937,0.000274804,0.000141255,9.24575e-05,7.89741e-05,7.31955e-05,5.7786e-05,6.03542e-05,
5.25118e-05,6.41811e-05,5.44567e-05,5.64016e-05,7.58504e-05,0.000112803,0.000202268,0.000431764,0.000964661,0.00366999,0.0508159,0.920835,0.0198747,0.00162203,0.000544567,0.000223661,0.000157535,0.000106969,6.6126e-05,6.80709e-05,
7.17814e-05,6.90205e-05,7.17814e-05,8.00638e-05,7.7303e-05,0.000124237,0.000171171,0.000289886,0.00050247,0.00123685,0.00364981,0.032263,0.931429,0.0266971,0.00189392,0.000640511,0.000323016,0.000165649,0.000124237,0.000118715,
0.000131001,7.38979e-05,0.000127642,8.39749e-05,6.38209e-05,0.000120924,0.000131001,0.000191463,0.000372849,0.000648286,0.00169293,0.00368482,0.0366769,0.924412,0.0279972,0.00212624,0.000742338,0.000372849,0.000228412,0.000120924,
0.000104432,7.37164e-05,5.52873e-05,2.98376e-05,5.87976e-05,7.19613e-05,7.72267e-05,7.10837e-05,0.000129881,0.000210618,0.00121895,0.000494953,0.0010136,0.0157016,0.963044,0.0163001,0.000640631,0.000336112,0.000229047,0.000138657,
0.000200493,0.00011591,0.000119043,7.20522e-05,8.14503e-05,9.08484e-05,0.000103379,0.000128441,0.000147237,0.00018483,0.000883423,0.000435446,0.000861494,0.0024905,0.033686,0.937966,0.0198676,0.00166347,0.000610877,0.000291342,
0.000391646,0.000273165,0.00020076,0.00014481,0.00011519,9.21519e-05,7.89874e-05,8.88608e-05,0.00011519,0.000157975,0.00116177,0.000322532,0.000414684,0.000944557,0.00241241,0.0237752,0.947111,0.0198752,0.00158633,0.000737216,
0.00089152,0.000403241,0.000309975,0.000252369,0.00019202,0.000186533,0.000246882,0.000389526,0.0004197,0.000545884,0.00176658,0.00060349,0.000499251,0.00074339,0.00111097,0.00255112,0.0233825,0.943486,0.0200907,0.00192843,
0.00228822,0.00099599,0.000582271,0.000352427,0.000229844,0.000188983,0.00019409,0.000163445,0.000102153,0.000255382,0.000965345,0.000219629,0.000316674,0.000480118,0.000730393,0.0011339,0.00281431,0.0250326,0.940659,0.0222949,
0.0272816,0.0028582,0.00137331,0.000557906,0.0004592,0.000420576,0.000429159,0.000424867,0.000587947,0.000785361,0.0017853,0.000553615,0.0004592,0.000562198,0.000506407,0.000755319,0.00121452,0.00287966,0.0280369,0.928069,


0.930975,0.0260051,0.00310885,0.00142839,0.000768211,0.000444122,0.000318087,0.000264072,0.000240066,0.000228062,0.000612168,0.000240066,0.000192053,0.000186051,0.000282077,0.000354097,0.000600164,0.00120033,0.00279076,0.0297622,
0.0270368,0.940746,0.0193365,0.0021511,0.000982022,0.000701444,0.000433856,0.000355918,0.000478021,0.000602723,0.00171984,0.000483217,0.000306557,0.000298763,0.000254598,0.00026499,0.000355918,0.000548166,0.000813156,0.00213031,
0.00146791,0.0247262,0.950072,0.0165377,0.00183618,0.000928463,0.000501405,0.000300843,0.000214394,0.000171169,0.00111001,0.000129674,0.000121029,0.000124487,0.000126216,0.000155608,0.00018673,0.00028874,0.000392479,0.000608602,
0.000804645,0.00219145,0.0279067,0.935944,0.0252666,0.0028107,0.00123107,0.000671156,0.000456089,0.000300352,0.000812062,0.000118657,0.000126073,0.000100117,0.000100117,0.000129782,0.000126073,0.000177986,0.000318892,0.000407885,
0.000346291,0.000788973,0.00208489,0.0261146,0.935354,0.0287636,0.00284173,0.00109599,0.000692583,0.000314161,0.000489092,0.000196351,8.56803e-05,6.78303e-05,7.14003e-05,0.00010353,0.00011067,9.28203e-05,0.00012495,0.000260611,
0.000184505,0.000295845,0.00073484,0.00197548,0.0316936,0.933597,0.0250991,0.00305706,0.00122792,0.000534429,0.000645769,0.000213136,0.000117702,9.86149e-05,8.58904e-05,5.0898e-05,7.95282e-05,7.95282e-05,8.90716e-05,0.00013997,
0.000107042,0.000176024,0.000304474,0.00062322,0.00172218,0.0262133,0.934833,0.0302262,0.00303523,0.0010609,0.000668416,0.000299717,0.000156994,9.99056e-05,7.84972e-05,8.56333e-05,4.99528e-05,7.84972e-05,7.61185e-05,0.000104663,
8.90209e-05,0.000120144,0.000182161,0.000325418,0.000790661,0.00262097,0.0700743,0.901927,0.0179715,0.00324022,0.00136483,0.000458606,0.000239144,0.000146461,8.81055e-05,7.50613e-05,6.54498e-05,6.6594e-05,7.41459e-05,8.05536e-05,
3.81923e-05,4.91044e-05,4.63764e-05,9.91182e-05,0.000167319,0.000412841,0.00145131,0.0355862,0.930288,0.0284851,0.00221607,0.000561064,0.000233701,0.00012367,6.45632e-05,4.18297e-05,4.54671e-05,3.00083e-05,2.81896e-05,3.18269e-05,
3.25796e-05,2.76433e-05,4.04776e-05,5.3312e-05,0.00010465,0.000168821,0.00037121,0.00151939,0.0360004,0.922455,0.0365227,0.00182347,0.000467961,0.000149076,8.29298e-05,5.13375e-05,3.45541e-05,3.35668e-05,2.36942e-05,3.75159e-05,
5.25653e-05,4.93601e-05,5.51295e-05,6.98734e-05,9.35919e-05,0.000113464,0.000165388,0.000357701,0.00131477,0.0318296,0.951308,0.012983,0.000841045,0.00025898,0.000139747,0.000106413,7.8848e-05,7.30786e-05,6.08988e-05,4.87191e-05,
4.86538e-05,4.67077e-05,7.39538e-05,6.22769e-05,5.06e-05,0.000130392,0.000169315,0.000350308,0.000930262,0.00378138,0.049407,0.922002,0.020168,0.00163672,0.000546869,0.000231592,0.000138177,9.34154e-05,6.22769e-05,7.00615e-05,
9.96236e-05,8.30197e-05,5.25791e-05,6.08811e-05,5.81138e-05,0.000110693,0.000138366,0.00026843,0.000531326,0.00121762,0.00365563,0.0316914,0.931733,0.0270146,0.00193159,0.00058944,0.000356985,0.000193713,0.000127297,8.5787e-05,
0.000122047,9.49255e-05,8.13648e-05,6.10236e-05,8.4755e-05,9.15354e-05,9.15354e-05,0.000227143,0.00033902,0.000627187,0.00154932,0.00322069,0.0357022,0.925389,0.0287285,0.00217312,0.000735673,0.000362751,0.0001729,0.000145779,
0.000110084,7.22424e-05,9.63232e-05,9.28831e-05,6.88023e-05,7.22424e-05,8.60029e-05,0.000110084,0.000230488,0.000330251,0.000756825,0.001063,0.00272801,0.0308613,0.929323,0.0307753,0.00203311,0.000681143,0.000316491,0.000192646,
0.000223022,0.000111511,0.00012135,0.000104951,9.83919e-05,9.18325e-05,8.19933e-05,0.000134469,0.000157427,0.00023942,0.0007281,0.000537876,0.000915045,0.00272874,0.0342568,0.935904,0.0207443,0.00183337,0.000642827,0.000344372,
0.00046769,0.000251833,0.000143905,0.000111199,0.000127552,0.000130822,0.000121011,0.000143905,0.000130822,0.000153716,0.000938651,0.000425173,0.00052656,0.000968086,0.00231883,0.0236952,0.946958,0.0200943,0.00160912,0.000683547,
0.00099432,0.000592828,0.000385809,0.000232112,0.000169379,0.000175653,0.000247796,0.000354442,0.000398355,0.000658697,0.00178476,0.000595964,0.000614784,0.000718294,0.00102255,0.00254383,0.0240926,0.940356,0.0220193,0.00204196,
0.00220964,0.00115052,0.000650527,0.000435477,0.000274189,0.000188169,0.000247308,0.000134406,0.000182793,0.000220427,0.000946221,0.000279565,0.000419348,0.000419348,0.000607517,0.00121503,0.00280103,0.0251286,0.938926,0.0235641,
0.02741,0.00278535,0.00118422,0.000816091,0.000399175,0.000399175,0.000452398,0.000487881,0.000607633,0.00103786,0.00209345,0.000696339,0.000572151,0.000527798,0.000572151,0.000762868,0.00125518,0.00314018,0.0278314,0.926969,


0.931904,0.0258944,0.00325177,0.00118573,0.000742577,0.000437162,0.000257507,0.000221575,0.000179656,0.000239541,0.000634784,0.000167679,0.000191633,0.000221575,0.000287449,0.000377277,0.000718623,0.00113782,0.00281461,0.0291342,
0.026962,0.935731,0.0220534,0.00238989,0.00118851,0.00073114,0.000553992,0.000557213,0.000579759,0.000930835,0.00209679,0.000499237,0.000396168,0.000296321,0.000276996,0.000296321,0.000428377,0.000644176,0.000975927,0.00241244,
0.00187531,0.0250623,0.942149,0.0219756,0.00266736,0.0010716,0.000617337,0.000396027,0.000279549,0.000260136,0.00102501,0.00014754,0.000100948,0.00014754,0.000166953,0.000151422,0.000186366,0.000349436,0.000477562,0.000893003,
0.000852419,0.00206905,0.0252432,0.938595,0.0254718,0.00291372,0.00104615,0.000697434,0.000302221,0.000313845,0.0007943,0.000151111,9.68658e-05,0.000131737,0.000123988,0.000127863,0.000123988,0.000213105,0.000329344,0.000402962,
0.0003639,0.000731169,0.00179928,0.0255067,0.937062,0.0281719,0.00262817,0.00111865,0.000582914,0.000333575,0.000569436,0.000151625,9.43444e-05,9.43444e-05,7.41277e-05,9.0975e-05,0.00011793,0.000111192,0.00011793,0.000279664,
0.000203717,0.000358785,0.000644596,0.00204933,0.0299646,0.935452,0.0249051,0.00297062,0.00114021,0.000571623,0.000717569,0.000270609,0.000130744,0.000115541,7.29732e-05,6.99326e-05,8.81759e-05,7.60137e-05,9.12165e-05,0.000106419,
0.000115634,0.000174735,0.000331483,0.000621852,0.00172423,0.0249666,0.93523,0.031401,0.00281889,0.000986741,0.000665536,0.000236407,0.000192723,0.00013876,7.45195e-05,6.93802e-05,5.6532e-05,6.16713e-05,6.68106e-05,6.68106e-05,
6.84038e-05,8.06814e-05,0.000140315,0.00024906,0.000503382,0.0014663,0.0275615,0.927008,0.0381412,0.00290453,0.00092082,0.000338511,0.000192934,0.000106991,7.54195e-05,5.08643e-05,4.91104e-05,4.73565e-05,5.08643e-05,4.38486e-05,
3.96556e-05,5.35886e-05,5.14451e-05,9.96748e-05,0.000156479,0.000366546,0.00124111,0.0334264,0.930716,0.0304909,0.00225287,0.00056268,0.000203637,0.000103962,6.43063e-05,4.17991e-05,4.17991e-05,1.92919e-05,3.53685e-05,3.21532e-05,
2.09523e-05,1.61256e-05,2.56693e-05,3.22512e-05,5.94562e-05,0.000114744,0.00030123,0.0013076,0.0706234,0.916174,0.010079,0.0008167,0.000199869,8.73194e-05,4.31112e-05,2.79729e-05,2.20493e-05,1.72226e-05,1.45898e-05,1.70032e-05,
5.26481e-05,5.84265e-05,5.97106e-05,6.74152e-05,9.1171e-05,0.000122631,0.000161154,0.000373031,0.00131363,0.0309359,0.951801,0.0133649,0.000821181,0.000283786,0.000147671,9.69495e-05,7.25516e-05,5.97106e-05,6.29209e-05,5.32901e-05,
1.28374e-05,1.35435e-05,1.25165e-05,1.53407e-05,1.8165e-05,2.86275e-05,4.63432e-05,9.40343e-05,0.000299305,0.00128278,0.0712514,0.919358,0.00653907,0.000683851,0.000177478,7.50991e-05,3.56239e-05,2.29148e-05,1.91278e-05,1.34151e-05,
7.17141e-05,8.2747e-05,6.06811e-05,6.61976e-05,8.82634e-05,0.000132395,0.000168252,0.000239966,0.00054613,0.00116673,0.00360501,0.0315542,0.93153,0.0273451,0.00195283,0.000659218,0.000295131,0.000173769,0.000159977,0.000102055,
0.000127154,0.000103731,0.000127154,9.70383e-05,0.000100384,0.000157269,0.000177346,0.000210807,0.000358038,0.000789691,0.00155596,0.00365734,0.0344453,0.925602,0.0291483,0.00191734,0.000692653,0.000341307,0.00023423,0.000157269,
0.000144224,0.000120187,0.000120187,8.92814e-05,6.8678e-05,0.000106451,8.92814e-05,0.000116753,0.00021977,0.000336522,0.000868777,0.00110572,0.00272308,0.0306476,0.928891,0.031221,0.00192985,0.000649007,0.000339956,0.000212902,
0.000135804,7.91726e-05,6.98581e-05,6.74364e-05,6.7809e-05,6.44558e-05,6.72501e-05,8.90459e-05,0.000109538,0.00017213,0.000716093,0.000343702,0.000588299,0.00169578,0.0341785,0.946635,0.0133919,0.000916539,0.000375185,0.000236959,
0.000377759,0.000195625,0.000121423,0.000128168,0.000138287,0.000148405,0.00011805,0.000107931,0.000145033,0.000242845,0.00100174,0.000387878,0.000475572,0.000866823,0.00259035,0.0236471,0.945572,0.0212827,0.0017269,0.000725163,
0.000600134,0.000355525,0.00030799,0.000210938,0.000203016,0.000196083,0.000222822,0.000329777,0.000376322,0.000489218,0.00172712,0.000603105,0.000564483,0.000677379,0.000828898,0.00197767,0.0234954,0.947046,0.0182368,0.00155183,
0.00214688,0.00113076,0.000625306,0.00041166,0.000260544,0.000198014,0.000187592,0.000182381,0.000104218,0.000208435,0.000937959,0.000198014,0.000317864,0.000385605,0.000677415,0.00116203,0.00276177,0.0251634,0.939898,0.0230425,
0.0275916,0.00311999,0.00123141,0.000749289,0.000488266,0.000417637,0.000491337,0.000552754,0.000675589,0.000991887,0.00201755,0.000890549,0.000675589,0.00064488,0.000611101,0.000758502,0.00115464,0.00333188,0.0353701,0.918235,


0.932059,0.0268946,0.00322326,0.00139173,0.00069285,0.000512107,0.000319314,0.000253041,0.000198818,0.000228942,0.000656702,0.000156644,0.000259066,0.000210868,0.000325338,0.000379562,0.000614528,0.00107241,0.0027714,0.0277803,
0.0294265,0.933604,0.0226182,0.00239286,0.00115845,0.000822941,0.00060771,0.000522251,0.000493765,0.000832437,0.0014718,0.000449452,0.000373489,0.000310185,0.000291195,0.00030702,0.000433627,0.000420966,0.000860923,0.00260176,
0.00194178,0.0243767,0.943749,0.0213785,0.00257257,0.00112859,0.000585193,0.000402795,0.000250797,0.000227997,0.00081699,0.000174798,0.000125399,6.45992e-05,9.49989e-05,0.000144398,0.000205198,0.000338196,0.000528194,0.000892989,
0.000872202,0.0021182,0.0250937,0.938833,0.0251655,0.00287336,0.0012158,0.000623001,0.00039268,0.000290734,0.000755153,0.000230322,0.000117049,9.06184e-05,0.000132152,0.000139703,0.000173685,0.000230322,0.000256752,0.000396455,
0.00036374,0.000737679,0.00202267,0.0248329,0.937447,0.02828,0.00262097,0.00114561,0.000523514,0.000312749,0.000567707,9.17849e-05,0.000139377,8.15866e-05,9.85838e-05,8.15866e-05,8.15866e-05,0.000132578,0.000190369,0.000248159,
0.000207738,0.000299387,0.000690422,0.00199489,0.0297156,0.935953,0.025066,0.00279224,0.00106618,0.000574333,0.000638488,0.000186353,0.000122199,0.000116089,6.72092e-05,0.000128309,7.63741e-05,9.16489e-05,8.8594e-05,0.000125254,
0.000113252,0.000159582,0.000301147,0.000563685,0.00195359,0.0237777,0.935374,0.0318443,0.00306294,0.00104243,0.000725841,0.000326886,0.000169878,0.000126121,9.00866e-05,6.43476e-05,8.23649e-05,5.14781e-05,6.43476e-05,0.00010553,
4.6342e-05,0.000101596,0.000126549,0.000203192,0.000499068,0.00151324,0.026939,0.92679,0.0390574,0.00276091,0.0010623,0.000320829,0.000162197,0.000117637,6.59482e-05,6.06011e-05,4.09949e-05,4.27772e-05,4.6342e-05,4.27772e-05,
3.4252e-05,4.22441e-05,5.70866e-05,7.87795e-05,0.000154134,0.000374488,0.00127532,0.0314205,0.930297,0.0327985,0.00231543,0.000593701,0.000245472,9.8189e-05,5.59449e-05,3.53937e-05,3.76772e-05,2.74016e-05,2.16929e-05,3.65354e-05,
3.55703e-05,2.66777e-05,3.85345e-05,5.82958e-05,7.21287e-05,0.00015809,0.000385345,0.00156509,0.0342097,0.922695,0.0380513,0.00186349,0.000411035,0.000176863,7.11406e-05,5.82958e-05,4.34748e-05,3.65584e-05,1.67971e-05,2.66777e-05,
2.4951e-05,2.11275e-05,1.85297e-05,1.85584e-05,2.09356e-05,3.18874e-05,5.9581e-05,0.000171236,0.000960947,0.0594637,0.932089,0.0062179,0.000593041,0.000118601,4.89524e-05,2.94513e-05,2.67255e-05,2.82323e-05,2.89108e-05,2.76212e-05,
4.66413e-05,6.21885e-05,7.57922e-05,3.88678e-05,9.13393e-05,0.000110773,0.000196282,0.000357584,0.000956147,0.00372936,0.0464878,0.923533,0.0215774,0.00157609,0.000532489,0.000274018,0.000110773,9.13393e-05,7.9679e-05,7.19054e-05,
8.57268e-05,3.87153e-05,8.0196e-05,6.36037e-05,8.0196e-05,9.67883e-05,0.000165923,0.000223996,0.000519891,0.00111998,0.00354798,0.0306459,0.932212,0.0278529,0.00197448,0.000636037,0.000287599,0.000152096,0.000116146,9.95537e-05,
7.18748e-05,5.97114e-05,5.74999e-05,5.63941e-05,7.51921e-05,7.74037e-05,8.40383e-05,0.000152596,0.000233317,0.000391441,0.00140875,0.00141317,0.0179798,0.958393,0.0177166,0.00091668,0.000400288,0.000206778,0.000186875,0.000118317,
