0.93122,0.0236997,0.00299775,0.0013577,0.000522654,0.000408511,0.000324406,0.000324406,0.000258323,0.000162203,0.000624782,0.000174218,0.000252316,0.000258323,0.000204256,0.000450564,0.000618775,0.00123755,0.00250514,0.0323986,
0.0270973,0.949861,0.0147075,0.00152984,0.000780218,0.000441741,0.00033274,0.000235213,0.000218002,0.000206528,0.00122005,0.000164458,0.000131949,0.000105176,0.000164458,0.000183581,0.000221827,0.000403495,0.000623409,0.00137112,
0.00175858,0.0251332,0.947372,0.0180343,0.00231358,0.000877677,0.000551775,0.000413024,0.000203285,0.000154884,0.000758287,0.000180698,0.000135524,0.000132297,0.000132297,0.000203285,0.000177471,0.000251687,0.000438838,0.000777648,
0.00134921,0.00314532,0.0405055,0.927414,0.0181453,0.00267719,0.00134231,0.000865681,0.000611974,0.000391175,0.00104561,0.000224514,0.000163476,0.000165069,0.000165599,0.000186299,0.000226107,0.000305191,0.000404444,0.000666113,
0.00037404,0.000719581,0.00226917,0.0296845,0.934746,0.0254561,0.00291038,0.00109362,0.000619837,0.000352666,0.000516531,0.000153178,0.000138929,0.000110431,8.54948e-05,0.000110431,0.000128242,0.000121118,0.000188801,0.000220861,
0.000305618,0.000504119,0.0010377,0.00356164,0.0854448,0.887486,0.0153616,0.0027201,0.00117193,0.000596173,0.000591486,0.000220594,0.00014896,0.000118498,0.000102431,0.000102765,9.27231e-05,0.000112138,0.000145947,0.000175069,
0.000238118,0.000306401,0.000568156,0.00145541,0.00526485,0.0764651,0.886712,0.0200741,0.00428962,0.00194302,0.00107065,0.000437279,0.00023199,0.000171147,0.0001265,0.000108554,0.000108991,0.000111618,0.000135692,0.000180339,
6.86695e-05,6.86695e-05,0.000126496,0.000236729,0.000504179,0.00144387,0.0327734,0.927624,0.0323108,0.00297447,0.000939688,0.000363226,0.000186131,9.03546e-05,7.7705e-05,5.42128e-05,3.25277e-05,2.89135e-05,5.24057e-05,4.33702e-05,
4.56705e-05,4.3387e-05,6.50805e-05,8.67739e-05,0.000158705,0.00038249,0.00126621,0.0379784,0.929344,0.0272219,0.00227896,0.00053777,0.000227211,0.00012331,5.70881e-05,5.36628e-05,3.88199e-05,2.85441e-05,3.53946e-05,2.62605e-05,
8.77862e-05,0.000109683,0.000127635,0.00018879,0.000355485,0.000663624,0.00189381,0.00849119,0.0709563,0.893736,0.0195335,0.0020538,0.000767784,0.000356866,0.000213843,0.000130397,9.94253e-05,8.22626e-05,7.89089e-05,7.3188e-05,
0.000112495,0.000116881,0.000121291,0.000125356,0.000153985,0.000230657,0.000407901,0.00122015,0.00688681,0.0594341,0.923733,0.00553925,0.000811613,0.000322309,0.000189611,0.000134866,0.000120478,0.00011215,0.000108701,0.000118014,
5.56395e-05,4.60465e-05,4.22093e-05,8.25e-05,6.52326e-05,0.000115116,0.000180349,0.000393314,0.00100535,0.00352448,0.0571533,0.91641,0.0181231,0.00175552,0.000475814,0.000226395,0.000130465,9.01744e-05,6.3314e-05,6.13954e-05,
0.000271076,0.000210432,0.000167137,0.00014588,0.000166407,0.000227625,0.000385488,0.00085866,0.00227812,0.00807586,0.0208774,0.0728748,0.873138,0.0159213,0.00199975,0.000864078,0.000485989,0.000383612,0.000346934,0.000320936,
0.000270079,0.000226481,0.000178503,0.000158961,0.000155794,0.000194203,0.000282814,0.000501074,0.00108079,0.00277996,0.00569652,0.00760856,0.0434723,0.918937,0.015073,0.00138024,0.000752083,0.000506195,0.000403568,0.000341911,
0.000290937,0.000232702,0.000189163,0.000161414,0.000157037,0.000177673,0.000229185,0.000338384,0.000612827,0.0012842,0.00295588,0.0025312,0.00341956,0.0337672,0.935789,0.015053,0.00125129,0.00072273,0.000469391,0.00036668,
0.000385746,0.000287326,0.000224666,0.000185917,0.000179527,0.000190451,0.000255481,0.000348233,0.000536005,0.000906807,0.00229294,0.00137036,0.00176384,0.00258408,0.0341007,0.935516,0.0161332,0.00147167,0.000750571,0.000516424,
0.000606766,0.000427342,0.000327947,0.000282094,0.000259737,0.000302742,0.000387185,0.000471628,0.000698187,0.00110702,0.00265277,0.00124215,0.00126408,0.00163973,0.00292176,0.0236009,0.938605,0.020211,0.00204059,0.000951516,
0.000804694,0.000522301,0.000368384,0.000293079,0.000230494,0.000225406,0.000255681,0.000308598,0.000373726,0.000488719,0.00184828,0.000588192,0.000680288,0.000817415,0.00135473,0.00275677,0.0235781,0.945646,0.0172372,0.00162236,
0.00198861,0.00109797,0.000598467,0.000367562,0.000249754,0.000216767,0.000240329,0.000226192,0.000292165,0.000245041,0.00108384,0.000197918,0.000405261,0.000400549,0.000589042,0.00115452,0.00240329,0.0248858,0.943179,0.0201782,
0.0273821,0.0031206,0.00128291,0.000708328,0.000475521,0.000539914,0.000515147,0.000500287,0.000579541,0.00103029,0.00191694,0.000812348,0.000728141,0.000728141,0.000609261,0.000817301,0.00123833,0.00360108,0.0314289,0.921985,


0.931054,0.0240434,0.00299791,0.00132438,0.000800645,0.000385273,0.000361193,0.000282935,0.000216716,0.000228756,0.000722387,0.000228756,0.000210696,0.000240796,0.000246815,0.00052373,0.000620049,0.00119796,0.00267283,0.0316405,
0.027057,0.946144,0.0149978,0.00153962,0.000920592,0.000629632,0.000525849,0.000414521,0.000413094,0.000502808,0.00163015,0.000281173,0.000246918,0.000212868,0.000218373,0.000255278,0.000354984,0.000528499,0.00088858,0.00223776,
0.00218072,0.0262636,0.944343,0.0185361,0.00240665,0.00111655,0.000543542,0.000438763,0.000317612,0.000209558,0.00100523,0.000121151,0.000153895,0.000117877,0.000206284,0.000173541,0.000199735,0.000291417,0.00055664,0.000818588,
0.00104666,0.00217841,0.0290171,0.934882,0.024673,0.00313572,0.00118706,0.000663734,0.000387178,0.000314848,0.000774356,0.000182952,0.000114877,0.000110622,0.000119132,0.000102113,0.000157424,0.000195716,0.000268046,0.000489291,
0.000244423,0.000366635,0.00075625,0.0169028,0.96313,0.0143186,0.00116153,0.000559876,0.000324853,0.000231889,0.00122316,0.000121167,7.62518e-05,5.43163e-05,6.16281e-05,7.41627e-05,8.66972e-05,7.72963e-05,9.4009e-05,0.000134746,
0.000218494,0.000345677,0.000720703,0.00209363,0.0357677,0.93049,0.0236919,0.00309152,0.00126857,0.000629392,0.00062287,0.000211971,0.000150011,8.15275e-05,8.47886e-05,0.000107616,8.47886e-05,7.82664e-05,0.000110877,0.000150011,
0.000133342,0.000200013,0.00030002,0.000587219,0.00176678,0.0281788,0.935516,0.0274839,0.00302328,0.00109751,0.000682097,0.000310277,0.000212835,0.000105135,6.41068e-05,6.15426e-05,6.15426e-05,5.38497e-05,6.92354e-05,9.23138e-05,
6.13514e-05,6.13514e-05,0.000129921,0.00026345,0.000505246,0.00151574,0.0323664,0.927974,0.0324639,0.00285464,0.000911248,0.000341041,0.000175032,9.2027e-05,7.5787e-05,6.13514e-05,3.6089e-05,2.70668e-05,4.15024e-05,4.33068e-05,
3.10566e-05,5.06108e-05,7.36157e-05,7.59162e-05,0.000165635,0.000388783,0.00133083,0.0367745,0.929804,0.0279164,0.00227173,0.000573972,0.000203593,0.000104672,7.47659e-05,4.60098e-05,3.56576e-05,2.41551e-05,2.53054e-05,2.87561e-05,
3.7497e-05,1.48015e-05,4.34176e-05,6.80867e-05,8.7822e-05,0.00017071,0.00041148,0.00155119,0.041745,0.920959,0.0322237,0.0018117,0.000437136,0.00016479,8.68352e-05,5.52588e-05,4.73647e-05,2.96029e-05,2.96029e-05,2.46691e-05,
5.52519e-05,5.91066e-05,6.74587e-05,7.70956e-05,8.86599e-05,0.000118856,0.000170253,0.00035464,0.00132733,0.036745,0.947637,0.0117217,0.000819783,0.000252488,0.000137487,0.000102794,7.70956e-05,7.0671e-05,5.07546e-05,6.68162e-05,
0.000206312,0.000165882,0.000133389,0.000126463,0.000149234,0.000245345,0.000533171,0.00134323,0.00502866,0.0320197,0.134741,0.801573,0.0185678,0.00289672,0.000862557,0.000382747,0.000257801,0.000251766,0.000265738,0.00024915,
5.48367e-05,4.66112e-05,6.58041e-05,7.95133e-05,6.58041e-05,0.000131608,0.000167252,0.000274184,0.000559335,0.0011598,0.00353697,0.0349968,0.931698,0.0238266,0.00194122,0.000710136,0.000257733,0.000183703,0.000145317,9.87061e-05,
0.000137637,0.000107424,7.04972e-05,0.000107424,7.72113e-05,0.00010071,0.000114138,0.000234991,0.000298774,0.000493481,0.00157108,0.00332008,0.0416874,0.922483,0.0256744,0.00200749,0.000735186,0.00032563,0.000221563,0.000231634,
0.000146625,8.8657e-05,8.18372e-05,9.54768e-05,8.52471e-05,8.18372e-05,9.88867e-05,0.000156855,0.000177314,0.000327349,0.00088316,0.000978637,0.00269722,0.0337135,0.930507,0.0266551,0.00192318,0.000685387,0.000416006,0.000201183,
0.000267,0.000193149,9.3734e-05,7.66915e-05,8.23723e-05,8.23723e-05,7.95319e-05,0.000122138,0.00013634,0.000204511,0.000747032,0.000471511,0.000908936,0.00230358,0.0337783,0.940283,0.0178208,0.00151395,0.000522638,0.000312447,
0.000379631,0.000203981,0.000181316,0.000141653,7.9326e-05,0.000101991,8.2159e-05,0.000107657,0.000172817,0.000155819,0.000920748,0.000303138,0.000444792,0.00078476,0.00228062,0.0236051,0.950115,0.0178313,0.00149019,0.000617609,
0.000724437,0.000412823,0.000311614,0.000215733,0.000189099,0.000258347,0.000250357,0.000258347,0.000383525,0.000471417,0.00144887,0.000508704,0.000538001,0.000599259,0.00094017,0.00212537,0.0232779,0.946781,0.0184252,0.00188034,
0.00192125,0.000880375,0.000546667,0.000404246,0.000355079,0.000380933,0.000468956,0.000566543,0.000775316,0.00121319,0.00293135,0.00107435,0.00080386,0.000773074,0.000816563,0.00112756,0.00240471,0.0251582,0.937354,0.0200434,
0.0219216,0.00268017,0.00134126,0.000864003,0.00066299,0.000551904,0.000526043,0.000501945,0.000562484,0.000705309,0.0016851,0.000593047,0.000580704,0.000574239,0.00073117,0.00103387,0.00186378,0.00393327,0.0376564,0.921031,


0.930496,0.0245499,0.00311838,0.00116209,0.000724117,0.000525569,0.000315341,0.00017519,0.000251105,0.000256945,0.000665721,0.00016935,0.00016935,0.000198548,0.000268624,0.000391257,0.000636522,0.00124969,0.00287311,0.0318028,
0.0271224,0.937798,0.0213042,0.00237761,0.00104099,0.000562953,0.000456024,0.000437154,0.000490619,0.000761088,0.0017266,0.000490619,0.000355384,0.000336514,0.000327079,0.000342804,0.000380544,0.000578678,0.000924627,0.00218577,
0.00185809,0.0250629,0.946938,0.0181118,0.00233327,0.000983874,0.00059398,0.000402079,0.000249776,0.000152303,0.00120319,0.000112704,0.00010052,9.44276e-05,0.000112704,0.000164487,0.000191901,0.000258914,0.000365526,0.00070973,
0.000893369,0.00217572,0.0297462,0.934045,0.0249331,0.00318022,0.00131227,0.000547135,0.000427449,0.000324861,0.000777957,0.000136784,0.000149607,0.000128235,7.69408e-05,0.000119686,0.000141058,0.00017098,0.000269293,0.000444547,
0.000544128,0.00101089,0.00277207,0.0561843,0.915606,0.0168589,0.0023805,0.00119544,0.000650014,0.000448614,0.000734724,0.000219985,0.000170715,0.00011842,0.000125335,0.00013614,0.000135276,0.000152131,0.000241594,0.000315067,
0.000189543,0.000326798,0.000751636,0.00196406,0.0355622,0.93116,0.023706,0.00304249,0.00111765,0.000607845,0.000562093,0.000186275,0.000150327,0.000114379,6.20917e-05,8.49676e-05,6.86277e-05,0.000101308,8.16996e-05,0.000160131,
0.00010841,0.000154184,0.000286686,0.000592644,0.0017948,0.0289841,0.935505,0.0270014,0.00294877,0.00104315,0.000650463,0.000233685,0.000154184,0.000118047,6.0228e-05,7.22737e-05,6.0228e-05,7.46828e-05,7.70919e-05,7.9501e-05,
6.14368e-05,7.02135e-05,0.000150959,0.000221173,0.000517825,0.00156225,0.0317137,0.927231,0.0337604,0.00278221,0.000984744,0.000344046,0.000173778,0.000112342,6.14368e-05,6.49475e-05,5.96815e-05,3.68621e-05,3.68621e-05,5.44155e-05,
3.68308e-05,3.45289e-05,6.1001e-05,8.74732e-05,0.000168041,0.000397082,0.00130404,0.035971,0.929925,0.0285726,0.00237328,0.000547858,0.000189909,0.000124304,4.94914e-05,4.25856e-05,3.91327e-05,2.07173e-05,1.84154e-05,3.68308e-05,
3.16012e-05,2.86386e-05,4.14766e-05,6.6165e-05,8.78908e-05,0.000154056,0.000381189,0.00155636,0.0405345,0.921651,0.0328652,0.00174103,0.000441429,0.000149118,7.80154e-05,6.22149e-05,3.65389e-05,3.25887e-05,2.27134e-05,3.8514e-05,
4.50586e-05,5.4714e-05,5.60014e-05,6.9519e-05,8.94735e-05,0.000116509,0.000182809,0.000389435,0.00133631,0.0360469,0.948155,0.0119096,0.000792387,0.000281294,0.000139682,9.52667e-05,6.69442e-05,6.82316e-05,5.66451e-05,4.82771e-05,
5.3225e-05,4.56214e-05,3.61169e-05,6.08285e-05,8.7441e-05,0.000125459,0.000159675,0.000336458,0.000952347,0.00372955,0.054451,0.918132,0.0189937,0.00172221,0.000505637,0.000226206,0.000146369,9.69455e-05,8.17383e-05,5.70267e-05,
6.83691e-05,5.74301e-05,6.56344e-05,8.2043e-05,7.65735e-05,0.000144943,0.000136738,0.000273477,0.000514136,0.00115407,0.0036974,0.0341353,0.931352,0.0249602,0.00193348,0.00064267,0.000317233,0.000175025,0.00012033,9.2982e-05,
0.000123367,0.000116699,0.000113364,8.66904e-05,0.000100027,9.33589e-05,0.000136704,0.000260071,0.000386772,0.000796884,0.00167713,0.00336759,0.0398542,0.923809,0.0254936,0.00207057,0.000703526,0.000370101,0.000273408,0.000166712,
0.000109988,9.96766e-05,9.62394e-05,7.90538e-05,8.2491e-05,9.62394e-05,0.000116862,0.000134048,0.000247473,0.000329964,0.000831784,0.00110675,0.00281844,0.0337491,0.929556,0.0275417,0.00180793,0.000622119,0.000357461,0.000216539,
0.000178098,0.000149828,0.000115905,8.48085e-05,0.000121559,8.76355e-05,7.63277e-05,9.61163e-05,0.000169617,0.000234637,0.00103466,0.000537121,0.000845258,0.00236616,0.0338754,0.939254,0.0183243,0.00152655,0.000624756,0.00029683,
0.000363727,0.000299711,0.00016586,0.000107663,0.000101844,0.000130942,0.000101844,9.31142e-05,0.000125122,0.00015422,0.00116102,0.000352088,0.000439383,0.000832208,0.00210671,0.0232611,0.950399,0.0176364,0.00156257,0.000605242,
0.000780202,0.000487626,0.000309226,0.000171264,0.000156992,0.000147477,0.000235488,0.000240245,0.000290197,0.000413888,0.00155327,0.000492383,0.000442432,0.000637482,0.000861076,0.00222643,0.0234679,0.946218,0.0189532,0.00191482,
0.0022313,0.00104704,0.0005286,0.000350706,0.000233804,0.000218556,0.000198225,0.000172812,0.000162646,0.000147398,0.00109786,0.000279548,0.000376119,0.000371037,0.000635337,0.00114869,0.00280565,0.0260183,0.939511,0.0224655,
0.0275403,0.00342393,0.00116692,0.000677103,0.000475413,0.000403381,0.000494622,0.000470611,0.000845179,0.00107088,0.00208413,0.000797157,0.000744333,0.000710718,0.00058106,0.000830772,0.00147906,0.0035728,0.0309979,0.921634,


0.931348,0.0242549,0.00346757,0.00133878,0.000560842,0.000458323,0.000283436,0.000229161,0.00021107,0.0002171,0.000699545,0.000156795,0.000168856,0.000138703,0.0002171,0.000283436,0.000627179,0.00133275,0.00276803,0.0312383,
0.0270357,0.952523,0.013353,0.00111394,0.00064364,0.000480243,0.000316847,0.000187551,0.0001364,0.000163396,0.00126739,9.6617e-05,9.80378e-05,0.000126455,0.0001364,0.000147767,0.000217388,0.00037368,0.000481664,0.00110115,
0.00181933,0.0246521,0.951847,0.0140643,0.00146798,0.000840834,0.000554144,0.000399095,0.000273943,0.000248681,0.00139173,0.000167332,0.000125615,0.000130714,0.000152036,0.00015389,0.00021044,0.000292716,0.000451241,0.000756704,
0.00104871,0.00219793,0.0286517,0.934892,0.0249331,0.00314614,0.00126719,0.000642337,0.000393267,0.000327723,0.000764686,0.000152937,0.000126719,0.000100502,0.00011798,0.000170416,0.000170416,0.000174785,0.000279657,0.000441333,
0.000364013,0.0006852,0.00198779,0.0279505,0.934767,0.0273402,0.00306556,0.00115984,0.000670925,0.000331894,0.000556725,0.000149888,0.000117769,0.000117769,6.78063e-05,7.1375e-05,8.565e-05,0.0001142,0.000203419,0.000192713,
0.000149995,0.000322816,0.000743456,0.00199885,0.03415,0.931834,0.0243547,0.00288904,0.00132061,0.000583678,0.000557592,0.000224993,0.000140213,0.000107605,0.000117388,0.000101084,9.45623e-05,9.45623e-05,0.000117388,9.78231e-05,
0.000143622,0.000141057,0.000302632,0.000612957,0.00183631,0.0271112,0.935406,0.0287577,0.00301349,0.00108229,0.000628345,0.000253903,0.000130798,0.000138492,5.64228e-05,8.20696e-05,6.41169e-05,4.87288e-05,8.46343e-05,0.000105152,
6.32233e-05,6.66408e-05,0.000140117,0.000271689,0.000502369,0.00156691,0.0315245,0.927291,0.0338228,0.00279037,0.00105771,0.00031099,0.000153786,0.000117903,8.03107e-05,5.12622e-05,3.41748e-05,4.61359e-05,5.12622e-05,5.63884e-05,
4.25035e-05,4.0206e-05,4.4801e-05,8.9602e-05,0.000161973,0.000396317,0.00127051,0.0349609,0.930529,0.0290586,0.00228485,0.000568628,0.000220559,9.30483e-05,5.74372e-05,4.36523e-05,2.75699e-05,4.0206e-05,2.87186e-05,4.13548e-05,
3.75262e-05,4.6414e-05,2.9626e-05,6.51771e-05,8.98654e-05,0.000180718,0.000358474,0.00162449,0.039364,0.922196,0.0334428,0.00174102,0.000365387,0.000170843,8.49278e-05,5.72769e-05,3.85138e-05,3.75262e-05,3.45636e-05,3.45636e-05,
7.38598e-05,5.90879e-05,7.19331e-05,7.06485e-05,8.22092e-05,0.000123314,0.000183686,0.00038664,0.00132498,0.0348644,0.948864,0.0123076,0.00080732,0.000265895,0.000129736,8.92741e-05,8.28515e-05,8.6705e-05,6.22992e-05,6.35837e-05,
5.22053e-05,4.06041e-05,5.80059e-05,5.02718e-05,6.9607e-05,0.000110211,0.000183685,0.000378972,0.000995768,0.00369111,0.0530541,0.919364,0.0190723,0.00171697,0.000506585,0.000233957,0.000181752,0.000104411,8.31417e-05,5.22053e-05,
7.11148e-05,8.47907e-05,6.01741e-05,7.11148e-05,8.75259e-05,0.000101202,0.000161376,0.000281724,0.000560713,0.00117886,0.00343539,0.0332079,0.93188,0.0254673,0.0020678,0.000623622,0.000287194,0.000177787,9.57315e-05,9.84667e-05,
0.000110773,8.05621e-05,0.000117486,0.000117486,6.04215e-05,0.0001242,0.000181265,0.000204762,0.000288681,0.000490086,0.0013897,0.00328962,0.0401165,0.923466,0.0265217,0.00202748,0.000728415,0.000308821,0.000241686,0.00013427,
0.000172539,6.55647e-05,8.62694e-05,5.52124e-05,6.90155e-05,6.55647e-05,8.28186e-05,0.00017599,0.00022085,0.000300217,0.000697056,0.000973118,0.00258463,0.0324614,0.93046,0.0284896,0.00178405,0.000655647,0.000420995,0.00017944,
0.000139623,0.00016087,8.49881e-05,7.89175e-05,7.58822e-05,0.000121412,7.28469e-05,0.000115341,0.000179082,0.000257999,0.000716328,0.000409764,0.000922728,0.00244037,0.0334853,0.939021,0.0191527,0.00164209,0.000576705,0.000346023,
0.000385775,0.000284098,0.000200364,9.27056e-05,9.86866e-05,8.97151e-05,7.47626e-05,0.000104668,0.000125601,0.000200364,0.00114835,0.000367832,0.000511376,0.000816407,0.00201261,0.0238014,0.948886,0.0187295,0.00138161,0.000687815,
0.000939689,0.000502691,0.000342744,0.000282763,0.000211359,0.000245633,0.000245633,0.000299901,0.000365593,0.000659781,0.00174514,0.000639788,0.000599801,0.000651213,0.00114819,0.00239064,0.0233922,0.944464,0.0190194,0.00185367,
0.00216673,0.00100479,0.000485728,0.000271436,0.000180958,0.00025715,0.000142861,0.000133337,0.000190482,0.000176196,0.00109527,0.000204768,0.000300009,0.00044287,0.00067621,0.00107146,0.00285246,0.0246007,0.942894,0.020853,
0.0137885,0.000895491,0.000463156,0.000300495,0.000257689,0.000184064,0.000142114,0.000171222,0.000165229,0.000238855,0.00164801,0.000203754,0.00020461,0.000195193,0.000319329,0.000324466,0.000468292,0.000946858,0.014952,0.964131,


0.915477,0.0194283,0.00254806,0.00127147,0.000838856,0.000648332,0.000508195,0.000488513,0.000523547,0.000623926,0.00129194,0.000401124,0.000361366,0.00034995,0.000420806,0.000567635,0.000833739,0.0013565,0.00363216,0.0484285,
0.0271478,0.941828,0.0187703,0.00199784,0.000940741,0.000492651,0.000465419,0.000415906,0.00043076,0.000581774,0.00172552,0.000341637,0.000279747,0.000314405,0.00021538,0.000269844,0.000381248,0.000509981,0.000859045,0.0020325,
0.00134419,0.0248622,0.951278,0.0160662,0.00170107,0.000683848,0.000433816,0.000267128,0.000243621,0.000130359,0.00110271,0.000102577,6.83848e-05,7.05219e-05,0.000106851,0.000115399,0.000185921,0.000277813,0.000326965,0.00063256,
0.000822877,0.00216977,0.0272327,0.93645,0.0248623,0.00307862,0.00140831,0.000622275,0.000417579,0.000237447,0.000826971,0.000163757,0.000171944,0.000171944,0.000139193,0.000102348,0.00018832,0.000192414,0.000262011,0.000478988,
0.000378646,0.000857311,0.00194324,0.0274947,0.935277,0.0274054,0.00293986,0.00111093,0.000607262,0.000360785,0.00053582,0.000175034,0.000125025,0.000110736,7.85869e-05,0.000114308,6.07262e-05,0.000103592,0.000142885,0.000178607,
0.000205972,0.000353095,0.000630993,0.0020728,0.0332236,0.932611,0.0242654,0.00316477,0.00122602,0.000529642,0.00064734,0.000205972,0.000166739,9.80818e-05,0.000111159,8.50043e-05,6.21185e-05,0.000111159,0.000120968,0.00010789,
9.75763e-05,0.000169475,0.000336381,0.000606,0.00184881,0.0261967,0.935435,0.0296349,0.00298635,0.00103739,0.000680466,0.000251644,0.0001515,0.000123254,5.39237e-05,7.70339e-05,5.13559e-05,7.96017e-05,0.000100144,8.21695e-05,
7.98706e-05,8.69703e-05,0.000117144,0.00026801,0.000498748,0.00147849,0.0304183,0.927213,0.0351537,0.00282032,0.000944249,0.000347881,0.000200564,9.40699e-05,5.85718e-05,3.01734e-05,4.43726e-05,5.67969e-05,4.08228e-05,4.79224e-05,
3.68057e-05,3.45053e-05,5.52085e-05,9.77651e-05,0.000171376,0.000365756,0.00130315,0.0340844,0.930477,0.0298759,0.00235901,0.000563587,0.00019553,0.000118468,6.09594e-05,5.06078e-05,5.1758e-05,2.30036e-05,3.79559e-05,3.68057e-05,
2.17307e-05,3.55593e-05,4.64247e-05,6.81554e-05,8.29717e-05,0.000179772,0.000400042,0.00155177,0.0383073,0.922216,0.0343987,0.00184711,0.000374361,0.000187674,8.29717e-05,5.729e-05,4.14859e-05,3.55593e-05,2.4694e-05,4.04981e-05,
5.4667e-05,5.72395e-05,5.72395e-05,7.20317e-05,8.36083e-05,0.000128628,0.000183938,0.000349225,0.00134416,0.0338594,0.949878,0.0123792,0.000769196,0.000288127,0.000124126,0.000106761,7.71769e-05,7.782e-05,5.40238e-05,5.53101e-05,
3.50333e-05,3.69796e-05,6.42277e-05,7.59055e-05,6.03351e-05,0.000110939,0.000179059,0.00038342,0.000975093,0.00360454,0.0526395,0.919636,0.0194007,0.00171274,0.00050409,0.000198522,0.000147918,9.53684e-05,8.36906e-05,5.64425e-05,
7.64159e-05,7.36867e-05,8.18742e-05,6.0041e-05,7.9145e-05,0.000106436,0.000166477,0.00025381,0.000483058,0.00124722,0.00368434,0.0330444,0.931542,0.0258477,0.00183398,0.000698659,0.000357517,0.000163748,0.000111895,8.73324e-05,
0.000127507,9.39522e-05,0.000100663,7.7175e-05,8.38859e-05,0.000127507,0.000140928,0.000201326,0.000332188,0.000577135,0.00143613,0.00316417,0.0381614,0.924355,0.027528,0.00209044,0.000684509,0.000375809,0.000204682,0.000137573,
0.000151773,6.55385e-05,6.20891e-05,6.55385e-05,7.24373e-05,8.62348e-05,0.00011383,0.000175919,0.000231109,0.000262154,0.000807158,0.00104862,0.00266638,0.0326382,0.929284,0.0289784,0.0019834,0.000707126,0.000334591,0.000265603,
0.000232503,0.000130202,7.75011e-05,8.37012e-05,9.92014e-05,8.68013e-05,9.61014e-05,0.000105402,0.000164302,0.000254204,0.000613809,0.000508407,0.000985814,0.00247074,0.0338773,0.937956,0.0195117,0.00169882,0.000641709,0.000406106,
0.000339986,0.000264797,0.000176531,9.48038e-05,0.000120957,0.000127495,0.000104611,9.80729e-05,0.000147109,0.000137302,0.00101996,0.000385753,0.000477288,0.00101996,0.00228837,0.0234394,0.947531,0.0197617,0.00171628,0.000748623,
0.000911312,0.000486237,0.000284403,0.000293577,0.000204892,0.000220183,0.00020795,0.000247706,0.000431191,0.000675839,0.00172171,0.000544341,0.000565747,0.000694187,0.000951067,0.002474,0.0234892,0.941187,0.0222966,0.00211314,
0.00236024,0.0010733,0.000549367,0.000422198,0.00023399,0.000193296,0.000137342,0.000111908,0.000183122,0.000162775,0.00101735,0.000284857,0.000376418,0.000467979,0.000635841,0.00116995,0.00271631,0.0250471,0.94134,0.0215169,
0.02659,0.00325258,0.00133117,0.000740936,0.000510702,0.000468841,0.000552563,0.000560935,0.000573493,0.000895821,0.00205118,0.000870705,0.000657214,0.000556749,0.000644656,0.000778611,0.00133117,0.00341165,0.0373273,0.916894,


0.931936,0.0252783,0.00290187,0.00139362,0.000742059,0.000476607,0.000271485,0.000211155,0.000211155,0.000193056,0.000736026,0.00018099,0.000193056,0.000187023,0.000271485,0.000404211,0.000573135,0.00119453,0.00267865,0.0299659,
0.0270628,0.943399,0.0181509,0.00179366,0.000891189,0.000570812,0.000417392,0.000415136,0.000428673,0.00059563,0.00168536,0.000367757,0.000236898,0.000243667,0.000257204,0.000207568,0.000302327,0.000485078,0.000665572,0.00182299,
0.00215416,0.025044,0.94251,0.0214865,0.00266518,0.00121073,0.000644674,0.000365578,0.000306613,0.000239787,0.000884462,0.000192616,0.000137583,0.000129721,0.000121859,0.000200478,0.000196547,0.000259442,0.000400956,0.000849083,
0.00104968,0.00255136,0.0375607,0.925618,0.0252671,0.00292118,0.0011356,0.000724692,0.000448263,0.000265222,0.000541651,0.000153157,0.000130743,0.000134479,0.000127008,0.000153157,0.000149421,0.000239074,0.000332462,0.000496825,
0.000374734,0.000706641,0.00204854,0.0272449,0.93465,0.028205,0.00306211,0.00123841,0.000567454,0.000296218,0.000585298,0.000139187,0.000114205,9.27912e-05,6.78089e-05,8.56534e-05,7.13778e-05,0.000135618,0.000103498,0.000210565,
0.000211251,0.000403002,0.000685753,0.00201176,0.0324806,0.932702,0.0250674,0.00301601,0.00120576,0.000617503,0.000598003,0.000188501,0.000146251,0.000152751,9.42504e-05,8.45004e-05,7.80003e-05,6.17503e-05,8.77504e-05,0.00010725,
9.5089e-05,0.000185038,0.000280127,0.000601374,0.00162679,0.0263345,0.934818,0.0303977,0.00296832,0.00107939,0.000714453,0.000236438,0.000172188,8.99491e-05,7.19593e-05,5.39695e-05,4.36896e-05,6.93893e-05,7.70992e-05,8.48091e-05,
3.96541e-05,7.75057e-05,0.000145999,0.000252344,0.000564169,0.00153569,0.0290953,0.92731,0.036069,0.00291998,0.00105624,0.00032985,0.000178443,0.00012437,6.48885e-05,5.94811e-05,2.3432e-05,3.42467e-05,5.76787e-05,6.12836e-05,
2.99374e-05,3.79974e-05,4.4906e-05,0.000104781,0.000206107,0.00040876,0.00135294,0.033288,0.930291,0.0307491,0.00237196,0.000581476,0.000218773,0.000107084,6.44805e-05,4.03003e-05,3.91489e-05,2.76345e-05,1.8423e-05,1.72716e-05,
3.64984e-05,3.05798e-05,4.34036e-05,6.51053e-05,9.17393e-05,0.000155858,0.000404442,0.00156746,0.0370992,0.922657,0.0351648,0.00184071,0.000398523,0.00017756,8.18749e-05,5.12951e-05,4.83358e-05,3.15662e-05,3.25527e-05,2.17018e-05,
6.04758e-05,5.46856e-05,6.56227e-05,7.26997e-05,7.78465e-05,0.000112588,0.000186574,0.000334547,0.0013221,0.0327277,0.950698,0.012642,0.000869179,0.000272785,0.000141539,8.87837e-05,8.042e-05,7.3343e-05,5.98325e-05,5.91891e-05,
5.26236e-05,6.43177e-05,5.65216e-05,5.65216e-05,7.60118e-05,0.000113043,0.000196851,0.000428785,0.000960868,0.0036817,0.05085,0.920811,0.0198703,0.00161964,0.000541828,0.000224137,0.000155922,0.000107196,6.43177e-05,6.82157e-05,
7.11228e-05,6.83873e-05,6.83873e-05,7.93293e-05,7.65938e-05,0.000131304,0.000172336,0.000292698,0.000497859,0.00123918,0.00364094,0.0319259,0.931673,0.0268297,0.00187381,0.000642841,0.000309111,0.000166865,0.000123097,0.000117626,
0.000130172,7.34305e-05,0.000130172,8.34438e-05,6.00795e-05,0.000123497,0.000130172,0.000190252,0.000373828,0.00063751,0.00167555,0.00365817,0.0379168,0.923412,0.0278368,0.0021128,0.000737643,0.000367153,0.000226967,0.000123497,
0.000102845,7.29582e-05,5.62569e-05,2.90075e-05,5.80149e-05,7.29582e-05,7.82323e-05,7.29582e-05,0.000128336,0.0002136,0.00121831,0.000491369,0.00101614,0.0155832,0.963152,0.0163119,0.000640801,0.000334904,0.000227665,0.000138884,
0.000198184,0.000116394,0.00011954,7.2353e-05,8.17903e-05,8.80819e-05,0.000103811,0.000125831,0.000147852,0.000182455,0.000868236,0.000427826,0.000874527,0.00249146,0.0334868,0.938176,0.0198719,0.00166097,0.000616573,0.000289412,
0.000392689,0.000273892,0.000201294,0.000148496,0.000115497,9.23973e-05,7.91977e-05,8.90974e-05,0.000112197,0.000158395,0.00114177,0.000323391,0.000419088,0.000947073,0.00241883,0.0235745,0.947324,0.0198687,0.00158065,0.000739179,
0.000892811,0.000406572,0.00031317,0.000252734,0.000192298,0.000186803,0.000244493,0.00039009,0.000420308,0.000549422,0.00175815,0.000604364,0.00049448,0.000736225,0.00111258,0.00255206,0.0233394,0.94355,0.0200731,0.00193122,
0.00229326,0.0010033,0.000583553,0.000342965,0.00023035,0.000194518,0.000194518,0.000163804,0.000102378,0.000255944,0.000962351,0.000214993,0.000317371,0.000486294,0.000732001,0.00112615,0.00281027,0.0248522,0.940795,0.0223388,
0.0272633,0.00286237,0.00137325,0.000557882,0.00045918,0.000424849,0.00042914,0.000424849,0.000583631,0.000789618,0.00177664,0.000553591,0.00045918,0.000562174,0.000514968,0.000750996,0.00121018,0.00287524,0.0282203,0.927909,


0.931015,0.0259619,0.00311952,0.00143329,0.000752781,0.000445646,0.000307135,0.000264979,0.00024089,0.00024089,0.000626314,0.00024089,0.000192712,0.000180667,0.000283046,0.00034929,0.000608247,0.00120445,0.00280034,0.0297318,
0.0269035,0.940919,0.0193393,0.00214708,0.000974763,0.000701829,0.000434094,0.000358713,0.000478284,0.000603053,0.00168439,0.000483482,0.000304126,0.000301527,0.000254738,0.000262536,0.000353514,0.000548467,0.000816201,0.00213148,
0.00146821,0.0246863,0.950112,0.0165325,0.00183829,0.000930385,0.000503238,0.000295717,0.000212709,0.000169475,0.00111197,0.000129701,0.000122783,0.000124513,0.000127971,0.00015737,0.000185039,0.0002888,0.00039256,0.000610457,
0.000803067,0.00217975,0.0279334,0.935914,0.0252615,0.00280888,0.00122496,0.000680942,0.000466297,0.000299762,0.000825272,0.000114724,0.000125826,9.99208e-05,9.99208e-05,0.000129527,0.000125826,0.000177637,0.000318266,0.000410786,
0.000342499,0.000788461,0.00207997,0.0262689,0.935246,0.028695,0.00283989,0.00110955,0.000699268,0.00032466,0.000488774,0.000199791,8.91924e-05,6.77862e-05,7.13539e-05,0.000103463,0.000110599,8.91924e-05,0.000124869,0.000260442,
0.00018107,0.000292254,0.000736988,0.00197589,0.0316301,0.933697,0.0250671,0.00306231,0.00122302,0.000536857,0.000644864,0.000212837,0.000120713,9.84768e-05,8.57701e-05,5.08267e-05,7.94168e-05,7.94168e-05,8.57701e-05,0.000139774,
0.000106905,0.000173424,0.000306462,0.000620051,0.00172474,0.0264579,0.934667,0.0301972,0.00302186,0.00105955,0.000655686,0.000287457,0.000154419,9.97783e-05,8.31486e-05,8.55243e-05,4.98892e-05,7.12703e-05,7.36459e-05,0.00010453,
8.90567e-05,0.00012065,0.000182005,0.000326236,0.000791666,0.00262408,0.0702563,0.901773,0.0179302,0.00324244,0.00136744,0.000460164,0.000240384,0.000146749,8.81409e-05,7.53204e-05,6.52472e-05,6.61629e-05,7.41757e-05,8.03571e-05,
3.84168e-05,4.84784e-05,4.6649e-05,9.97008e-05,0.000169217,0.000413438,0.00145618,0.0344608,0.931198,0.0286727,0.00222818,0.000565276,0.000235074,0.000126227,6.49427e-05,4.02462e-05,4.57343e-05,2.927e-05,2.927e-05,3.2014e-05,
3.15867e-05,2.86254e-05,4.04704e-05,5.33025e-05,0.000105618,0.00016583,0.000373118,0.0015211,0.0360246,0.922455,0.0364945,0.00182512,0.000466891,0.00014905,8.48892e-05,5.03413e-05,3.5535e-05,3.35609e-05,2.369e-05,3.75092e-05,
5.46017e-05,5.07475e-05,5.46017e-05,7.25881e-05,9.50712e-05,0.000117554,0.000166375,0.000359086,0.00131494,0.0318469,0.951261,0.0130016,0.000840866,0.000264015,0.000136183,0.000104064,7.70848e-05,7.25881e-05,6.10254e-05,4.94627e-05,
4.87535e-05,4.68033e-05,6.82549e-05,6.24044e-05,5.26537e-05,0.000130659,0.000169662,0.000349075,0.000920466,0.00378717,0.0494555,0.921969,0.0201566,0.00164202,0.000547989,0.000230116,0.00013651,9.36067e-05,6.24044e-05,7.0205e-05,
9.87178e-05,8.22648e-05,4.93589e-05,6.03275e-05,6.30697e-05,0.000106944,0.00013985,0.000271474,0.000529237,0.00121203,0.0036361,0.031321,0.931918,0.0272653,0.0019058,0.00058408,0.000356481,0.000189209,0.000126139,8.5007e-05,
0.000121266,9.09492e-05,8.08437e-05,6.40013e-05,8.42122e-05,9.09492e-05,9.43177e-05,0.00022232,0.000346954,0.00062317,0.00156972,0.00321354,0.0366694,0.924627,0.0285378,0.0021592,0.000727594,0.00035706,0.000175161,0.000144845,
0.000113723,7.23689e-05,9.64918e-05,8.95996e-05,7.23689e-05,7.23689e-05,8.95996e-05,0.000110276,0.000230891,0.000330829,0.000768489,0.00105107,0.00273279,0.0307637,0.929451,0.0307292,0.00204011,0.000678889,0.000313598,0.000192984,
0.000227339,0.000112022,0.000121906,0.000105432,0.000102138,9.22534e-05,8.23691e-05,0.000131791,0.000158149,0.000237223,0.000708374,0.000540341,0.000919239,0.00273465,0.0340876,0.936049,0.0207636,0.00183518,0.000645773,0.00034595,
0.000472275,0.000252536,0.000144306,0.000111509,0.000127908,0.000131188,0.000124628,0.000141027,0.000124628,0.000154145,0.000934711,0.000413241,0.00052803,0.000967508,0.0023253,0.0235646,0.947108,0.0200783,0.00161033,0.000685455,
0.00100232,0.000600116,0.000383052,0.000229831,0.000172374,0.000172374,0.000245792,0.000354324,0.000395821,0.000670342,0.00175885,0.000596923,0.000603308,0.000721416,0.00103424,0.00256007,0.0236343,0.940847,0.0219617,0.00205572,
0.00221976,0.00115298,0.000657306,0.000436408,0.000269388,0.000199347,0.000247837,0.000134694,0.000177796,0.000220898,0.000959021,0.000280163,0.000420245,0.000414857,0.000603429,0.00121763,0.00279625,0.0249615,0.938994,0.0236361,
0.0273846,0.00278592,0.0011889,0.000811822,0.000399257,0.000399257,0.000452491,0.000483544,0.000607757,0.00103807,0.00208057,0.000696481,0.000572268,0.000527906,0.000572268,0.000763024,0.00125988,0.00314082,0.0278947,0.926941,


0.931849,0.0258062,0.00326334,0.00118995,0.000745219,0.000444728,0.000258423,0.000222364,0.000180295,0.000240393,0.000631032,0.000168275,0.000192315,0.000222364,0.000282462,0.000378619,0.00072719,0.00114187,0.00281861,0.0292378,
0.0267843,0.935823,0.022122,0.00238599,0.00118332,0.000728694,0.000554581,0.000554581,0.0005836,0.00093505,0.00210547,0.000499768,0.00039659,0.000299861,0.000274066,0.000303085,0.000432057,0.000641637,0.000976966,0.00241501,
0.0018638,0.0249943,0.942238,0.0219617,0.00267144,0.0010678,0.000617382,0.000396057,0.000283452,0.000260155,0.0010212,0.00014755,9.70727e-05,0.000155316,0.000163082,0.00014755,0.000182497,0.000349462,0.000485363,0.000896952,
0.00085083,0.00205746,0.0251768,0.938713,0.0254282,0.00290829,0.00103647,0.000692266,0.000309393,0.000317128,0.000804421,0.000158564,9.66852e-05,0.000135359,0.000123757,0.000127625,0.000123757,0.000212708,0.000324862,0.000402211,
0.000363699,0.000734133,0.00180166,0.0255128,0.937046,0.0281698,0.00263345,0.0011113,0.000589327,0.000340126,0.000582592,0.000151541,9.42923e-05,9.09247e-05,7.40868e-05,8.75571e-05,0.00011113,0.00011113,0.000117865,0.000276142,
0.000200449,0.000364453,0.000646903,0.00204397,0.0299519,0.935468,0.0249194,0.00297029,0.00113588,0.000567938,0.000710682,0.000267265,0.00013667,0.000118447,7.28905e-05,6.98534e-05,8.50389e-05,7.59276e-05,9.11131e-05,0.000103262,
0.000115452,0.000171895,0.000336093,0.000620874,0.00171382,0.0250428,0.935239,0.031349,0.0027965,0.000985189,0.000654227,0.000246297,0.00019242,0.000135977,7.95335e-05,6.92711e-05,5.64431e-05,6.15743e-05,6.67055e-05,6.67055e-05,
7.11149e-05,8.356e-05,0.000138674,0.00025068,0.000504916,0.00148275,0.0276264,0.926858,0.0381549,0.0029406,0.000920938,0.000341352,0.000195566,0.000112006,7.28928e-05,5.33362e-05,4.62247e-05,4.80026e-05,5.33362e-05,4.44468e-05,
3.77771e-05,5.2888e-05,4.96499e-05,9.92998e-05,0.000157585,0.000370216,0.00125096,0.0322994,0.931596,0.030702,0.00226771,0.000567736,0.000208314,0.000103617,6.47608e-05,4.31738e-05,3.99358e-05,1.94282e-05,3.56184e-05,3.34597e-05,
2.07325e-05,1.61253e-05,2.57786e-05,3.22506e-05,5.94552e-05,0.000114852,0.000301445,0.00130736,0.0706292,0.916171,0.010076,0.000816906,0.000199976,8.7318e-05,4.30008e-05,2.79725e-05,2.21586e-05,1.72223e-05,1.45896e-05,1.70029e-05,
5.14742e-05,5.98387e-05,5.98387e-05,7.33507e-05,8.81495e-05,0.000120321,0.000164074,0.000375118,0.00131002,0.0309656,0.95175,0.0133904,0.000819082,0.000283108,0.000146058,9.58706e-05,7.20638e-05,6.04821e-05,6.43427e-05,5.08307e-05,
1.28383e-05,1.35444e-05,1.25815e-05,1.52776e-05,1.82304e-05,2.86936e-05,4.61537e-05,9.37838e-05,0.000299068,0.0012828,0.0712534,0.919358,0.00653771,0.000683832,0.000177425,7.5104e-05,3.55621e-05,2.29164e-05,1.91291e-05,1.3416e-05,
7.10821e-05,7.92839e-05,6.28804e-05,6.56143e-05,8.74857e-05,0.000136696,0.000169504,0.000237852,0.000538584,0.00116192,0.00356231,0.0312078,0.931644,0.0276564,0.00193836,0.000650675,0.000295264,0.000172238,0.000161302,0.000101155,
0.000133034,0.000106428,0.000126383,9.97758e-05,9.97758e-05,0.000156315,0.000179597,0.000202878,0.000355867,0.000788229,0.0015565,0.00364182,0.0352841,0.924962,0.0289849,0.00190572,0.000685127,0.000339238,0.000236136,0.000156315,
0.00014453,0.000117001,0.000117001,8.9471e-05,7.2265e-05,0.000106677,8.9471e-05,0.000117001,0.000216795,0.000330354,0.000849974,0.00110806,0.00273231,0.0306266,0.928912,0.0312288,0.00194083,0.000646944,0.000340678,0.000213354,
0.000136214,7.95983e-05,7.00689e-05,6.76399e-05,6.80136e-05,6.44634e-05,6.68925e-05,8.8754e-05,0.000109121,0.000171342,0.00070779,0.000343244,0.000588766,0.00169959,0.0340643,0.946763,0.0133804,0.000917996,0.000375943,0.0002373,
0.000375482,0.000196198,0.000125161,0.000125161,0.000138692,0.000145457,0.000118395,0.000108247,0.000145457,0.000243556,0.000987755,0.00038563,0.000473581,0.000869359,0.00259455,0.0234727,0.945738,0.0213044,0.00172519,0.000727285,
0.000601387,0.000356671,0.000308124,0.00021103,0.000202114,0.000195178,0.000222919,0.000329921,0.000375495,0.000489432,0.00172292,0.000602378,0.00056572,0.000677675,0.00082827,0.00197754,0.0234838,0.947071,0.0182269,0.00155152,
0.0021557,0.0011431,0.000621134,0.00041235,0.000260981,0.000198345,0.000177467,0.000182687,0.000104392,0.000208785,0.000976068,0.000193126,0.000318397,0.000396691,0.00067855,0.00116919,0.0027403,0.0250959,0.939834,0.0231333,
0.0275935,0.00311643,0.00123429,0.000746101,0.00048819,0.000417571,0.000494331,0.000552668,0.000675483,0.000988661,0.00201724,0.000887339,0.000675483,0.000641709,0.000607934,0.000755313,0.00115446,0.00333136,0.0354352,0.918187,


0.932072,0.0267683,0.00324098,0.00141491,0.00069536,0.000507915,0.00032047,0.000260004,0.000199538,0.000229771,0.00067722,0.000157212,0.000266051,0.000211631,0.000326517,0.00037489,0.000610707,0.0010763,0.00278144,0.0278083,
0.0270999,0.935196,0.023164,0.00244727,0.0011811,0.000834296,0.000605273,0.000530023,0.000503849,0.000853926,0.00139376,0.000464588,0.00039261,0.000310816,0.000301001,0.000310816,0.000435142,0.000428599,0.000886644,0.00265993,
0.00194151,0.0242556,0.943924,0.0213338,0.00256082,0.00113223,0.000585113,0.00040654,0.000243164,0.000227966,0.000828277,0.000174774,0.000125381,6.45904e-05,9.87853e-05,0.000144379,0.00020517,0.00033815,0.000524322,0.000885268,
0.000870877,0.00211499,0.0251348,0.93885,0.0251159,0.00286899,0.00120264,0.000618285,0.000388313,0.000297832,0.000761546,0.000229972,0.000116871,9.42507e-05,0.000131951,0.000139491,0.000180961,0.000229972,0.000260132,0.000392083,
0.000366808,0.000726823,0.00202424,0.0248988,0.937422,0.0282306,0.0026152,0.00114797,0.000526437,0.000322655,0.000563797,9.50984e-05,0.000139251,8.15129e-05,0.000101891,8.15129e-05,8.15129e-05,0.000132458,0.000193593,0.000247935,
0.0002105,0.000298971,0.000695565,0.00199212,0.0296347,0.936008,0.0250586,0.00278531,0.0010647,0.000576587,0.000662007,0.000186094,0.00012508,0.000112877,7.01667e-05,0.00012813,7.93188e-05,9.15217e-05,9.15217e-05,0.00012813,
0.000113056,0.000161875,0.000300626,0.000560141,0.00194508,0.0238522,0.935427,0.0317147,0.00306793,0.00104834,0.000734863,0.000331459,0.000164445,0.000123334,8.73614e-05,6.42363e-05,8.22225e-05,5.1389e-05,6.42363e-05,0.000105348,
4.51625e-05,0.00010297,0.000128261,0.000207747,0.000504013,0.00153552,0.0270433,0.926701,0.0389752,0.00278562,0.00106945,0.000314331,0.000166198,0.000115616,6.8647e-05,6.1421e-05,4.15495e-05,4.3356e-05,4.6969e-05,4.3356e-05,
3.33553e-05,4.25567e-05,5.63589e-05,7.93625e-05,0.000156425,0.00037956,0.0012859,0.0304545,0.930976,0.0330574,0.00232567,0.000593494,0.000244989,9.77654e-05,5.52087e-05,3.56556e-05,3.7956e-05,2.87545e-05,2.18534e-05,3.68058e-05,
3.55661e-05,2.76625e-05,3.853e-05,5.82889e-05,7.21202e-05,0.000161036,0.000387276,0.00156195,0.034266,0.922668,0.0380202,0.00186228,0.000410986,0.000177831,7.11323e-05,5.82889e-05,4.24818e-05,3.65541e-05,1.67951e-05,2.66746e-05,
2.49255e-05,2.11133e-05,1.84967e-05,1.85506e-05,2.09399e-05,3.18898e-05,5.95784e-05,0.000171086,0.000960948,0.0594695,0.932084,0.00621783,0.000593087,0.000118557,4.89064e-05,2.93792e-05,2.66935e-05,2.82325e-05,2.88959e-05,2.76112e-05,
4.67473e-05,6.23297e-05,7.59643e-05,3.89561e-05,9.15467e-05,0.000109077,0.000196728,0.000356448,0.000954423,0.00373589,0.0465817,0.923451,0.0215563,0.00158356,0.000535646,0.000270745,0.000111025,9.15467e-05,7.79121e-05,7.20687e-05,
8.76727e-05,3.83568e-05,7.94534e-05,6.57545e-05,8.49329e-05,9.31522e-05,0.000164386,0.000227401,0.000509597,0.00111235,0.00352335,0.0303156,0.932207,0.0282635,0.00195346,0.000624668,0.000287676,0.000147948,0.00011507,9.86318e-05,
7.19301e-05,5.97573e-05,5.53308e-05,5.64375e-05,7.525e-05,7.74632e-05,7.96764e-05,0.000149393,0.000230176,0.000390636,0.00140983,0.00140872,0.018257,0.958235,0.0176218,0.000910746,0.000400595,0.000204724,0.000187018,0.000118408,
