0.931363,0.0237614,0.00300862,0.00136262,0.000524548,0.000409992,0.000325582,0.000325582,0.000259259,0.000162791,0.000608958,0.000174849,0.00025323,0.000259259,0.000204996,0.000452197,0.000621017,0.00124203,0.00251421,0.0321663,
0.0269306,0.949988,0.0147398,0.0015344,0.000780625,0.000437304,0.000333732,0.000235914,0.000216734,0.000207144,0.00121985,0.000164948,0.000132342,0.00010549,0.000164948,0.00018221,0.000222488,0.000404698,0.000623349,0.0013752,
0.00176733,0.0244118,0.948024,0.0181111,0.00232185,0.0008788,0.000544791,0.000408593,0.000204297,0.000155655,0.000745845,0.000181597,0.000136198,0.000132955,0.000132955,0.000204297,0.000171869,0.000249696,0.000441021,0.00077503,
0.00135103,0.00314852,0.0403902,0.927508,0.0181635,0.00267868,0.00134413,0.000865257,0.000612271,0.000391173,0.00104065,0.000224818,0.000163697,0.000165292,0.000165292,0.00018602,0.000226413,0.000305604,0.000403397,0.000666482,
0.000375742,0.000722856,0.00227592,0.0290109,0.935337,0.0255576,0.00292005,0.00109144,0.00061908,0.000347114,0.000493832,0.000153875,0.000139561,0.000110933,8.23054e-05,0.000110933,0.000128826,0.00011809,0.000186082,0.000218288,
0.000305878,0.000504213,0.00103791,0.00356433,0.0854462,0.887473,0.0153716,0.00272175,0.00117192,0.00059601,0.000588639,0.000220447,0.000148416,0.000118599,0.000102518,0.000102853,9.2467e-05,0.000112233,0.000146071,0.000174883,
0.000238539,0.000306943,0.00056916,0.00145754,0.00527416,0.0764254,0.886703,0.0201017,0.00429677,0.00194514,0.00106992,0.000436298,0.0002324,0.000171011,0.000126285,0.000108746,0.000109184,0.000111377,0.000135932,0.000180658,
6.91218e-05,6.73028e-05,0.00012733,0.000238288,0.0005075,0.00144974,0.0318397,0.928352,0.0325073,0.00298133,0.000931326,0.000365618,0.000185538,8.73118e-05,7.82168e-05,5.45699e-05,3.27419e-05,2.91039e-05,5.27509e-05,4.36559e-05,
4.47788e-05,4.36307e-05,6.5446e-05,8.72613e-05,0.000159596,0.000383491,0.00126873,0.0377796,0.929415,0.0273472,0.00228142,0.000539642,0.000223894,0.000122855,5.51124e-05,5.39642e-05,3.78898e-05,2.87044e-05,3.55934e-05,2.6408e-05,
8.75393e-05,0.000109869,0.000127456,0.000188713,0.00035569,0.000663758,0.00189622,0.00850376,0.07076,0.893889,0.0195588,0.00205569,0.000767303,0.000357271,0.000213612,0.000130617,9.93957e-05,8.24016e-05,7.90423e-05,7.33117e-05,
0.000112507,0.000116771,0.00012133,0.000125372,0.000153911,0.00023051,0.00040781,0.00122025,0.00688882,0.059446,0.923719,0.00554029,0.000811602,0.000322314,0.000189549,0.000134885,0.000120492,0.000112162,0.000108711,0.000118052,
5.59097e-05,4.62701e-05,4.24142e-05,8.29005e-05,6.55492e-05,0.000113747,0.000179296,0.000395223,0.0010083,0.00353388,0.0567521,0.916724,0.0181938,0.00176212,0.000474268,0.000225567,0.000131098,9.06122e-05,6.16934e-05,6.16934e-05,
0.000271159,0.000210484,0.00016722,0.0001459,0.00016649,0.000227686,0.000385471,0.000859087,0.00227915,0.00807936,0.0208868,0.0728761,0.873117,0.0159248,0.00200064,0.000864299,0.000486126,0.000383803,0.000347054,0.000321043,
0.000270655,0.000226885,0.00017859,0.00015934,0.000156098,0.000194328,0.000283083,0.00050166,0.00108255,0.00278551,0.00570678,0.00762554,0.0428775,0.919459,0.0151013,0.00138313,0.000753807,0.000507131,0.000404395,0.000342726,
0.000290959,0.000232783,0.000189073,0.000161392,0.000157013,0.000177656,0.000228951,0.000338423,0.000612961,0.00128449,0.0029558,0.00253199,0.00341988,0.033736,0.935817,0.0150546,0.00125157,0.00072298,0.000469241,0.000366807,
0.000385848,0.000287401,0.000224623,0.000185966,0.000179574,0.000190398,0.000255548,0.000348222,0.000536043,0.00090684,0.00229292,0.00137041,0.0017641,0.00258465,0.034081,0.935534,0.0161336,0.00147164,0.000750666,0.000516457,
0.000606827,0.000427385,0.00032798,0.00028198,0.000259621,0.000302773,0.000387224,0.000471676,0.000697972,0.00110713,0.00265246,0.00124228,0.00126407,0.0016399,0.00292205,0.0235922,0.938612,0.020212,0.0020408,0.000951611,
0.000804942,0.000522462,0.000368497,0.000292914,0.000230565,0.000225475,0.000255759,0.000308693,0.000373841,0.000488615,0.00184834,0.000588374,0.000680244,0.000817666,0.00135438,0.00275762,0.0235433,0.945676,0.0172389,0.00162286,
0.00199217,0.00109782,0.000600964,0.000364364,0.000250796,0.000217672,0.000241332,0.000227136,0.000293384,0.000246064,0.00107416,0.000198744,0.000406952,0.00040222,0.000586768,0.00115934,0.00240859,0.0246679,0.943344,0.0202198,
0.0274893,0.00313453,0.00128864,0.000706513,0.000477643,0.000537348,0.000517446,0.00050252,0.000582127,0.00103489,0.00191057,0.000815973,0.000731391,0.000731391,0.00061198,0.000820949,0.00124386,0.00361715,0.0307333,0.922512,


0.931194,0.0241032,0.00300837,0.00132296,0.000803441,0.000386618,0.000356414,0.000283923,0.000217473,0.000223514,0.000706786,0.000229555,0.000211432,0.000241636,0.000247677,0.000525559,0.000622214,0.00120214,0.00268216,0.0314308,
0.0270418,0.946158,0.0149986,0.0015401,0.000920879,0.00062942,0.000525401,0.000414651,0.000413019,0.000502965,0.00162944,0.000281261,0.000246996,0.000212934,0.000218441,0.00025495,0.000355094,0.000528664,0.000888654,0.00223846,
0.0021934,0.0246724,0.945819,0.0186538,0.00242132,0.00111652,0.000535136,0.000442643,0.000317117,0.000211412,0.000977779,0.000122222,0.000155255,0.000115616,0.000204805,0.000171772,0.000201502,0.000287388,0.000554955,0.000825827,
0.00105398,0.00219365,0.0285903,0.935146,0.0248242,0.00315337,0.0011868,0.000668378,0.000389887,0.000317051,0.00072836,0.000184232,0.000115681,0.000107112,0.000119965,0.000102827,0.000158525,0.000197086,0.000269922,0.000492714,
0.000243696,0.000366066,0.000757234,0.0166905,0.963331,0.0143331,0.00116304,0.000560604,0.00032423,0.000231145,0.00122162,0.000121325,7.6351e-05,5.33411e-05,6.17083e-05,7.42592e-05,8.681e-05,7.73969e-05,9.30854e-05,0.000133876,
0.00021651,0.000347728,0.00072498,0.00210605,0.0355929,0.930563,0.0238062,0.00310003,0.00126625,0.000629847,0.000603603,0.000200108,0.00014434,8.20113e-05,8.52918e-05,0.000108255,8.52918e-05,7.87309e-05,0.000111535,0.00014762,
0.000134759,0.000199547,0.000303208,0.000590866,0.00178556,0.0275712,0.935829,0.0277344,0.00304763,0.00110399,0.000668612,0.000305799,0.000215096,0.000103661,6.4788e-05,6.21965e-05,6.21965e-05,5.44219e-05,6.9971e-05,9.32947e-05,
6.17729e-05,6.17729e-05,0.000130813,0.00026526,0.000508718,0.0015207,0.031457,0.928669,0.0326652,0.00286699,0.000904792,0.000341568,0.000172601,9.08425e-05,7.63077e-05,6.17729e-05,3.27033e-05,2.72528e-05,4.17876e-05,4.36044e-05,
3.12331e-05,5.08984e-05,7.4034e-05,7.51908e-05,0.000166576,0.000389835,0.00133724,0.0365936,0.929844,0.028045,0.00227539,0.000573763,0.00020475,0.00010411,7.4034e-05,4.62712e-05,3.58602e-05,2.42924e-05,2.54492e-05,2.89195e-05,
3.67026e-05,1.38875e-05,4.36463e-05,6.84453e-05,8.72926e-05,0.000170617,0.000410672,0.0015544,0.0409819,0.921561,0.0323786,0.00181727,0.000436463,0.000165658,8.63006e-05,5.55498e-05,4.76141e-05,2.97588e-05,2.97588e-05,2.4799e-05,
5.44144e-05,5.76534e-05,6.8018e-05,7.57915e-05,8.48606e-05,0.000115954,0.00016713,0.000349807,0.00133186,0.0368748,0.947443,0.0118021,0.000818807,0.000252638,0.000137332,0.000101703,7.77349e-05,6.93136e-05,5.05277e-05,6.60746e-05,
0.000206378,0.000165935,0.000133432,0.000126414,0.000149223,0.000245394,0.000533105,0.00134351,0.00502989,0.0320298,0.134736,0.801562,0.0185714,0.00289753,0.000862805,0.000382871,0.000257795,0.000251847,0.000265794,0.00024923,
5.56407e-05,4.72946e-05,6.67689e-05,8.0679e-05,6.67689e-05,0.000133538,0.000169704,0.00027264,0.000564753,0.00116567,0.00356379,0.0348589,0.931573,0.0240006,0.00196412,0.000720547,0.000261511,0.000186396,0.000147448,0.000100153,
0.00013907,0.000101758,6.78389e-05,0.00010515,7.80148e-05,0.000101758,0.000115326,0.000230652,0.000301883,0.000491832,0.00157386,0.00334446,0.0393432,0.924556,0.0259009,0.00202499,0.000739444,0.000329019,0.000220477,0.000234044,
0.000146968,8.88643e-05,8.20286e-05,9.57e-05,8.54464e-05,8.20286e-05,9.91179e-05,0.000153804,0.000174311,0.000328114,0.000878389,0.000980925,0.00270011,0.0335565,0.930628,0.0266866,0.00192767,0.000686989,0.000416979,0.000201654,
0.00026735,0.000193402,9.38569e-05,7.6792e-05,8.24803e-05,8.24803e-05,7.96362e-05,0.000122298,0.000136519,0.000204779,0.000745167,0.000472129,0.000910128,0.00230376,0.0337401,0.940318,0.0178214,0.00151593,0.000520479,0.000312856,
0.000380357,0.000204371,0.000181663,0.000141924,7.94775e-05,0.000102185,8.2316e-05,0.000107862,0.000173147,0.000156116,0.000913991,0.000303718,0.000445642,0.000786259,0.00228498,0.0234856,0.950224,0.0178342,0.00149304,0.000618789,
0.000725566,0.000413466,0.0003121,0.000216069,0.000189394,0.000258749,0.000250747,0.000258749,0.000384123,0.000472151,0.00144313,0.000509496,0.000536172,0.000594857,0.000941635,0.00212601,0.0231994,0.946868,0.0184219,0.00187793,
0.00192136,0.000879893,0.000546589,0.0004043,0.000354977,0.000380983,0.000469017,0.000566617,0.000775418,0.00121335,0.00293069,0.00107435,0.000803667,0.000773176,0.00081667,0.0011277,0.00240487,0.0251531,0.937358,0.0200449,
0.0219314,0.00268041,0.00134197,0.000864459,0.00066334,0.000551607,0.00052632,0.000500445,0.00056278,0.000705093,0.00168364,0.00059336,0.000579834,0.000574542,0.000730967,0.00103382,0.00186476,0.00393535,0.0375834,0.921093,


0.930634,0.024579,0.00312877,0.00116011,0.000726531,0.000515603,0.000310534,0.000175774,0.000251942,0.000257801,0.000638644,0.000169915,0.000169915,0.00019921,0.00026952,0.000392561,0.000638644,0.00125385,0.00288269,0.0316451,
0.0269353,0.937944,0.0213479,0.00238919,0.00103658,0.000562535,0.000458244,0.000436122,0.000493008,0.000761634,0.00169708,0.000493008,0.000357115,0.000331832,0.000328672,0.000344473,0.000382397,0.000581496,0.00092281,0.00219641,
0.0018638,0.0244957,0.947431,0.0181851,0.00234429,0.00098546,0.000590664,0.000400917,0.000250956,0.000153022,0.00118745,0.000113236,9.79339e-05,9.48735e-05,0.000113236,0.000165263,0.000189747,0.000260137,0.000364192,0.000713081,
0.000899424,0.00217755,0.0294099,0.934247,0.0250591,0.00319747,0.00132116,0.00054654,0.000430346,0.00032276,0.000748803,0.000137711,0.000150621,0.000129104,7.74623e-05,0.000120497,0.000137711,0.000167835,0.000271118,0.00044756,
0.000544293,0.00101108,0.00277516,0.0559635,0.915799,0.0168813,0.00238415,0.00119597,0.000649515,0.000449031,0.000731353,0.000220402,0.000171039,0.000117779,0.00012514,0.000136398,0.000135532,0.000152419,0.000241619,0.000315231,
0.000190666,0.000325447,0.000752802,0.00197569,0.0354146,0.931176,0.0238267,0.00306052,0.00112098,0.000608159,0.000542412,0.000187379,0.000151218,0.00011177,6.24595e-05,8.54709e-05,6.57469e-05,0.000101908,7.88962e-05,0.00016108,
0.000109475,0.000153265,0.0002895,0.000596029,0.00180998,0.0285583,0.935685,0.0272032,0.00297285,0.00104609,0.000642251,0.000235979,0.000155697,0.000119206,5.83865e-05,7.29831e-05,5.83865e-05,7.54159e-05,7.78487e-05,8.02814e-05,
6.18253e-05,7.06575e-05,0.000151914,0.000220805,0.000521099,0.00157036,0.0309233,0.927813,0.0339474,0.00279627,0.000982139,0.000344455,0.000173111,0.000109519,6.18253e-05,6.53582e-05,5.82925e-05,3.70952e-05,3.70952e-05,5.47596e-05,
3.70367e-05,3.47219e-05,6.1342e-05,8.68048e-05,0.000167823,0.000398144,0.00131133,0.0358423,0.929928,0.0286861,0.00237382,0.000550921,0.00019097,0.000123841,4.97681e-05,4.28237e-05,3.81941e-05,2.08331e-05,1.85183e-05,3.70367e-05,
3.17649e-05,2.87869e-05,4.06988e-05,6.65078e-05,8.83461e-05,0.000154854,0.000382172,0.00155946,0.0399017,0.92213,0.0330097,0.00174806,0.000439745,0.000147905,7.84196e-05,6.05519e-05,3.67282e-05,3.27576e-05,2.2831e-05,3.87135e-05,
4.54396e-05,5.51767e-05,5.45275e-05,6.94577e-05,8.76335e-05,0.000115546,0.000181758,0.000387535,0.00133852,0.0361959,0.94793,0.0119928,0.000793895,0.000281076,0.000137617,9.54232e-05,6.55629e-05,6.81594e-05,5.58258e-05,4.80362e-05,
5.34808e-05,4.58407e-05,3.62906e-05,6.1121e-05,8.78614e-05,0.000126062,0.000156622,0.000336165,0.000955015,0.00373984,0.0541207,0.918396,0.0190392,0.00172667,0.000508068,0.000227294,0.000147072,9.74115e-05,8.21313e-05,5.73009e-05,
6.93845e-05,5.8283e-05,6.66091e-05,8.32614e-05,7.21599e-05,0.00014432,0.000135994,0.000271987,0.000521771,0.00116844,0.00373289,0.0340789,0.931146,0.0251366,0.00195942,0.000643888,0.000319169,0.000177624,0.000122117,9.15875e-05,
0.000124732,0.000117989,0.000114618,8.76492e-05,9.77626e-05,9.10203e-05,0.000138216,0.000256205,0.000380937,0.000795585,0.00166871,0.00339809,0.0377128,0.925663,0.0257385,0.00208673,0.000711307,0.000374195,0.000276432,0.000165185,
0.000110225,9.98912e-05,9.64466e-05,7.9224e-05,8.26685e-05,9.64466e-05,0.000117114,0.000134336,0.000248006,0.000330674,0.000819796,0.00110914,0.00282106,0.0336805,0.929608,0.0275665,0.00181182,0.000623459,0.000347897,0.000217005,
0.000178327,0.00014719,0.000116054,8.49175e-05,0.000121715,8.77481e-05,7.64258e-05,9.62399e-05,0.000169835,0.000234938,0.00103599,0.000537811,0.000843514,0.00236637,0.0338028,0.939332,0.0183167,0.00152852,0.000625559,0.000297211,
0.000364465,0.00030032,0.000166196,0.000104966,0.00010205,0.000128292,0.00010205,9.33032e-05,0.000125376,0.000154533,0.00116337,0.000349887,0.000440274,0.000833897,0.00211098,0.0231217,0.950514,0.0176547,0.00156574,0.000603555,
0.000781408,0.00048838,0.000307322,0.000171529,0.000157235,0.000147705,0.000235852,0.000238234,0.000290646,0.000414528,0.00154376,0.000493145,0.000443116,0.000638468,0.000862408,0.00222749,0.0233803,0.946297,0.0189634,0.00191779,
0.00224323,0.00105232,0.000528726,0.000354195,0.000230997,0.00022073,0.000200197,0.000174531,0.000164264,0.000143731,0.00106258,0.000282329,0.000364461,0.000374728,0.000636524,0.00115498,0.00281816,0.0251478,0.940249,0.0225966,
0.0276276,0.00343898,0.00117205,0.000680079,0.000477502,0.000405153,0.000496795,0.000467855,0.000848892,0.00107559,0.00207882,0.00080066,0.000747604,0.000704195,0.000583613,0.000834423,0.00148074,0.0035885,0.0303575,0.922133,


0.931437,0.024306,0.00347833,0.00134294,0.000562583,0.000459745,0.000284316,0.000229873,0.000205675,0.000217774,0.000689618,0.000157281,0.00016333,0.000139133,0.000217774,0.000284316,0.000629125,0.00133689,0.00277057,0.0310872,
0.0269729,0.952579,0.0133647,0.00111491,0.000645025,0.000479853,0.000317529,0.000186531,0.000136694,0.0001609,0.00126157,9.6825e-05,9.82489e-05,0.000125303,0.000136694,0.000148085,0.000216432,0.000374485,0.000481277,0.00110352,
0.00181972,0.0246159,0.95188,0.0140681,0.00146825,0.000840886,0.000554331,0.00039923,0.000274036,0.000248765,0.00139058,0.000167389,0.000125658,0.000130758,0.000151856,0.000153942,0.000210279,0.000292583,0.000451162,0.00075696,
0.00105578,0.00219073,0.0283124,0.935123,0.0250527,0.00316733,0.00126253,0.000646663,0.000395916,0.00032993,0.000739043,0.000153967,0.000127573,0.000101179,0.000114376,0.000171564,0.000162765,0.000171564,0.000277141,0.000444306,
0.000362072,0.000688295,0.00199319,0.0275175,0.93511,0.0274386,0.00307224,0.0011615,0.000673956,0.000329808,0.000537731,0.000150565,0.000114716,0.000118301,6.81126e-05,7.16974e-05,8.60369e-05,0.000107546,0.000204338,0.000193583,
0.000150899,0.000324762,0.000747936,0.0020109,0.0340803,0.931787,0.0244621,0.00290645,0.00131217,0.000583915,0.000541269,0.000223069,0.000141058,0.000108254,0.000114815,9.84126e-05,9.51322e-05,9.51322e-05,0.000118095,9.84126e-05,
0.000145127,0.000142535,0.000298028,0.000614196,0.00185555,0.0266178,0.935616,0.0289942,0.00303729,0.00108327,0.000624563,0.000256563,0.000132169,0.000137352,5.7014e-05,8.29295e-05,6.47887e-05,4.92394e-05,8.5521e-05,0.000106253,
6.36319e-05,6.70715e-05,0.000139302,0.000273445,0.000505616,0.0015736,0.0307858,0.927822,0.0340104,0.00279981,0.00105079,0.000313,0.00015478,0.000118665,8.08298e-05,5.15935e-05,3.43956e-05,4.64341e-05,5.15935e-05,5.67528e-05,
4.27374e-05,4.04272e-05,4.50475e-05,8.89399e-05,0.000161709,0.000397342,0.00127288,0.0348922,0.930494,0.0291619,0.00228587,0.000568291,0.000219462,9.125e-05,5.77532e-05,4.15823e-05,2.77215e-05,4.04272e-05,2.88766e-05,4.15823e-05,
3.77141e-05,4.66464e-05,2.97743e-05,6.4511e-05,8.93229e-05,0.000181623,0.000360269,0.00162667,0.0388237,0.92259,0.0335834,0.00174775,0.000364239,0.000168721,8.43605e-05,5.65712e-05,3.77141e-05,3.77141e-05,3.47367e-05,3.47367e-05,
7.38317e-05,5.89358e-05,6.99458e-05,7.12411e-05,8.03082e-05,0.000122405,0.000181989,0.000382111,0.00133156,0.0350144,0.948638,0.0123895,0.000811501,0.000263592,0.000129529,8.87276e-05,8.28988e-05,8.6137e-05,6.08788e-05,6.21741e-05,
5.24534e-05,4.07971e-05,5.82815e-05,5.05106e-05,6.99378e-05,0.000110735,0.000182615,0.000380773,0.000996614,0.00370476,0.0527992,0.919552,0.0191183,0.00171736,0.000507049,0.000235069,0.000182615,0.000104907,8.35368e-05,5.24534e-05,
7.21984e-05,8.60827e-05,6.10909e-05,7.21984e-05,8.88595e-05,0.000102744,0.000161058,0.00028324,0.000563703,0.00119127,0.0034683,0.0332085,0.931706,0.0255582,0.00209098,0.00062757,0.00029157,0.000180496,9.16364e-05,9.44132e-05,
0.000111951,7.80264e-05,0.000118736,0.000118736,6.10641e-05,0.000122128,0.000183192,0.00020694,0.000281574,0.000488513,0.00138751,0.00332121,0.0382465,0.925047,0.0267529,0.00204565,0.000736162,0.000312106,0.000244257,0.000135698,
0.000172921,6.57098e-05,8.30019e-05,5.18762e-05,6.91683e-05,6.57098e-05,8.30019e-05,0.000176379,0.000221338,0.000300882,0.000695141,0.000971814,0.00259035,0.0323673,0.930507,0.0285319,0.001788,0.000657098,0.000421926,0.000179837,
0.000139816,0.000161092,8.20656e-05,7.90262e-05,7.29472e-05,0.000121579,7.29472e-05,0.0001155,0.000179329,0.000258355,0.000717314,0.000410328,0.000923998,0.00244373,0.033425,0.939077,0.0191517,0.00164435,0.000577499,0.000346499,
0.000384901,0.000285669,0.000198465,9.32182e-05,9.92323e-05,8.41971e-05,7.2169e-05,0.000102239,0.000126296,0.000195458,0.00114268,0.000366859,0.000511197,0.000814908,0.00201772,0.0235722,0.949142,0.0187158,0.00138324,0.000691619,
0.00093847,0.000500708,0.000343343,0.000283258,0.000206006,0.000246062,0.000246062,0.000300425,0.000363371,0.000660935,0.00174246,0.000640906,0.00060085,0.000652351,0.00114734,0.00239482,0.023313,0.944533,0.0190298,0.00185691,
0.00217592,0.00100427,0.000487789,0.000272588,0.000181725,0.000258241,0.000143467,0.000133903,0.00019129,0.000176943,0.001076,0.000205636,0.000301281,0.000439966,0.000679078,0.00106644,0.00286456,0.0244994,0.942967,0.0208745,
0.0138276,0.00089821,0.000463731,0.000297683,0.000258106,0.000183255,0.000141958,0.00016949,0.000165188,0.000240039,0.00163209,0.000203044,0.000202183,0.000196161,0.000320912,0.000324354,0.000467172,0.000950691,0.0140169,0.965041,


0.915495,0.0194343,0.00254825,0.00127235,0.000839436,0.00064878,0.000508152,0.00048885,0.000523909,0.000624358,0.00129086,0.000401401,0.000360828,0.000350192,0.000421097,0.000567634,0.000833527,0.00135744,0.00363427,0.0483993,
0.02701,0.941922,0.0187919,0.00200295,0.000944318,0.000494524,0.000467189,0.000417488,0.000429913,0.000581501,0.00172462,0.000342936,0.00028081,0.000315601,0.000216199,0.00027087,0.000382697,0.000511919,0.000859826,0.00203277,
0.00134873,0.0245667,0.95154,0.0160948,0.00170254,0.000686161,0.000435283,0.000268032,0.000240156,0.000130799,0.0011,0.000102924,6.64718e-05,7.07603e-05,0.000107213,0.00011579,0.000182261,0.000278753,0.000328071,0.000634699,
0.000828282,0.00218403,0.0269336,0.93661,0.0249638,0.00309885,0.00141344,0.000626362,0.000416201,0.000239007,0.000811799,0.000160711,0.000168953,0.000173074,0.000140107,0.00010302,0.000189557,0.000193678,0.000263732,0.000482134,
0.000376771,0.00086119,0.00195203,0.0271024,0.935533,0.0275258,0.00295317,0.00111596,0.00061001,0.000358829,0.000527479,0.000175826,0.000122002,0.000111237,7.89425e-05,0.000111237,6.1001e-05,0.000100472,0.000143532,0.000179415,
0.00020718,0.000351876,0.000634693,0.00208495,0.0331323,0.932588,0.0243485,0.00318004,0.00123321,0.000532748,0.000637982,0.00020718,0.000167717,9.8657e-05,0.000111811,8.55027e-05,5.91942e-05,0.000108523,0.000121677,0.000108523,
9.86027e-05,0.000171257,0.00033992,0.000607185,0.00186567,0.0257664,0.935612,0.0298377,0.00300998,0.0010483,0.00066946,0.000251696,0.000153094,0.000119361,5.4491e-05,7.78442e-05,5.18962e-05,8.0439e-05,0.000101198,8.30338e-05,
8.04024e-05,8.75492e-05,0.000116137,0.000269795,0.000502068,0.00148476,0.0297935,0.927609,0.035361,0.00283195,0.000939814,0.000346624,0.000201899,9.46961e-05,5.89617e-05,3.03742e-05,4.4668e-05,5.7175e-05,4.10945e-05,4.82414e-05,
3.70235e-05,3.47095e-05,5.43783e-05,9.71867e-05,0.000171234,0.000366764,0.00130971,0.0340038,0.930453,0.0299763,0.00235678,0.000565765,0.00019553,0.000116855,6.13202e-05,5.09073e-05,5.20643e-05,2.19827e-05,3.81805e-05,3.70235e-05,
2.18398e-05,3.57379e-05,4.56651e-05,6.84977e-05,8.33885e-05,0.000180675,0.000401059,0.00155559,0.0378584,0.922509,0.0345407,0.0018544,0.000374256,0.000188617,8.33885e-05,5.75778e-05,3.97088e-05,3.57379e-05,2.4818e-05,4.07015e-05,
5.44777e-05,5.57748e-05,5.51263e-05,6.93942e-05,8.36622e-05,0.000126466,0.000181592,0.00034762,0.00134767,0.0340246,0.949652,0.0124592,0.000769173,0.000284711,0.000123223,0.000105713,7.58797e-05,7.65282e-05,5.18835e-05,5.57748e-05,
3.52e-05,3.71555e-05,6.45333e-05,7.62666e-05,6.06222e-05,0.000111467,0.000172089,0.000385244,0.00097191,0.00361386,0.0524949,0.919742,0.0194284,0.00171893,0.000506489,0.000197511,0.000148622,9.58222e-05,8.21333e-05,5.67111e-05,
7.75698e-05,7.47995e-05,8.31105e-05,5.81774e-05,8.03402e-05,0.000105273,0.000166221,0.000257643,0.000490352,0.00125497,0.00370396,0.0330558,0.931456,0.0258474,0.00185614,0.000700899,0.000362916,0.000166221,0.000113584,8.86513e-05,
0.000128834,9.49304e-05,9.83208e-05,7.45882e-05,8.47593e-05,0.000128834,0.000135615,0.00018647,0.000328866,0.000579753,0.00143413,0.00319034,0.0365889,0.925659,0.0277637,0.0021122,0.000691636,0.000379722,0.000200032,0.000139005,
0.000152132,6.56935e-05,6.22359e-05,6.22359e-05,7.26086e-05,8.29812e-05,0.000110642,0.000176335,0.000231656,0.000262774,0.00080561,0.00104764,0.00266923,0.0325771,0.929338,0.0289881,0.00198463,0.000708798,0.000335383,0.000266231,
0.000226635,0.000124183,7.76147e-05,8.38239e-05,9.93468e-05,8.69284e-05,9.31376e-05,0.000105556,0.000164543,0.000254576,0.000611604,0.000509152,0.000984154,0.00247436,0.0338369,0.938001,0.0195154,0.00170131,0.00064265,0.000406701,
0.000340726,0.000265373,0.000176915,9.501e-05,0.00012122,0.000127772,9.82862e-05,9.82862e-05,0.000147429,0.000137601,0.00101562,0.000386592,0.000478326,0.00102218,0.00228352,0.0233364,0.94764,0.0197588,0.00172001,0.000750251,
0.000909932,0.000487135,0.000284928,0.000294119,0.000205271,0.000217526,0.000208335,0.000248163,0.000431988,0.000677087,0.00171876,0.000545346,0.000566793,0.00069547,0.000952824,0.00247857,0.0234162,0.941231,0.0223133,0.00211705,
0.00237019,0.00107271,0.000551682,0.00041887,0.000234976,0.000189002,0.00013792,0.00011238,0.000183894,0.000163461,0.000990984,0.000286057,0.000378004,0.000469951,0.000638521,0.00117488,0.00272776,0.0249891,0.941414,0.0214952,
0.0266734,0.00325644,0.00133199,0.000743729,0.000504223,0.000470608,0.000554645,0.000563049,0.000575654,0.000899197,0.0020379,0.000873986,0.000659692,0.000558847,0.000647086,0.000781545,0.00133199,0.00342451,0.0368629,0.917249,


0.931989,0.0253075,0.00290543,0.00139824,0.000744516,0.000478185,0.000266331,0.000211854,0.000211854,0.000193695,0.000708198,0.000181589,0.000193695,0.000187642,0.000272384,0.000405549,0.000575033,0.00119849,0.00268147,0.0298896,
0.027033,0.943414,0.0181609,0.00179752,0.000889706,0.000572762,0.000412027,0.000414291,0.000430138,0.000597665,0.00168206,0.000369013,0.000237708,0.000239972,0.000258083,0.000208277,0.00030336,0.000484471,0.000665581,0.00182922,
0.00216372,0.0245604,0.942913,0.0215621,0.00267795,0.00121437,0.00064081,0.000367872,0.000308538,0.000237337,0.00086628,0.000193825,0.000138447,0.00012658,0.000122624,0.000197781,0.000197781,0.000257115,0.000403473,0.000850458,
0.00105569,0.0025622,0.0373586,0.925689,0.0253666,0.00293789,0.00113834,0.000725081,0.000447071,0.000262983,0.000529723,0.000154033,0.000131491,0.000135248,0.000127735,0.000154033,0.000150276,0.000240442,0.000334364,0.000499668,
0.000376378,0.000706156,0.00205395,0.0268626,0.934905,0.0283215,0.00307554,0.00124384,0.000569944,0.000293933,0.000569944,0.000136213,0.000114706,9.31983e-05,6.81065e-05,8.60292e-05,7.1691e-05,0.000136213,0.000103952,0.000211488,
0.000212489,0.000402095,0.000689772,0.00202028,0.0324128,0.932677,0.0251326,0.00303042,0.00121282,0.000617853,0.000588431,0.000189606,0.000143839,0.000153646,9.48028e-05,8.49956e-05,7.84575e-05,6.21122e-05,8.82647e-05,0.000107879,
9.60647e-05,0.000181744,0.000280405,0.000602352,0.00164349,0.0260309,0.934954,0.0305382,0.0029858,0.00109046,0.000701013,0.000233671,0.000173955,8.82757e-05,7.01013e-05,5.45232e-05,4.15415e-05,7.01013e-05,7.78903e-05,8.56793e-05,
3.99235e-05,7.80323e-05,0.000146991,0.000252244,0.000568002,0.00153887,0.0284945,0.927686,0.0362723,0.00293801,0.00105253,0.000326647,0.000179656,0.000125215,6.53294e-05,5.98852e-05,2.35912e-05,3.26647e-05,5.80705e-05,6.16999e-05,
3.01099e-05,3.70583e-05,4.51648e-05,0.000105385,0.000206137,0.000409958,0.00135958,0.0332645,0.930232,0.0308175,0.00237636,0.000583668,0.000218876,0.000106543,6.4852e-05,3.93745e-05,3.93745e-05,2.77937e-05,1.85292e-05,1.73711e-05,
3.56894e-05,3.07326e-05,4.36204e-05,6.34479e-05,9.21977e-05,0.000156637,0.000405472,0.00157331,0.0367046,0.9229,0.0353087,0.00184693,0.000396549,0.000177456,8.12926e-05,5.15514e-05,4.75859e-05,3.17239e-05,3.17239e-05,2.08188e-05,
6.09767e-05,5.44898e-05,6.48688e-05,7.0707e-05,7.65452e-05,0.000112872,0.000184227,0.00033602,0.00132851,0.0328989,0.950458,0.0127136,0.000871188,0.0002718,0.000139468,8.82216e-05,7.91399e-05,7.33018e-05,5.77332e-05,5.96793e-05,
5.28749e-05,6.46249e-05,5.67916e-05,5.67916e-05,7.63749e-05,0.000111625,0.000197791,0.000430833,0.000959582,0.00369145,0.0507462,0.92086,0.0199064,0.00162346,0.000542458,0.000225208,0.000156666,0.000107708,6.46249e-05,6.85416e-05,
7.21974e-05,6.94205e-05,6.94205e-05,8.05278e-05,7.7751e-05,0.000124957,0.000172163,0.000294343,0.000502605,0.00124402,0.00365985,0.0319751,0.931574,0.0268102,0.00189935,0.000646999,0.000313781,0.000169386,0.000124957,0.000119403,
0.00013156,7.42135e-05,0.000128187,8.43335e-05,6.07201e-05,0.00012144,0.00013156,0.000188907,0.000374441,0.000644308,0.0016698,0.00369381,0.0365198,0.924538,0.0280392,0.00213195,0.000745508,0.000371068,0.000229387,0.00012144,
0.000103005,7.30719e-05,5.45838e-05,2.90527e-05,5.81053e-05,7.21915e-05,7.65934e-05,7.13111e-05,0.000127656,0.000212173,0.00121669,0.000492135,0.00101508,0.015522,0.963229,0.0163038,0.0006418,0.000334546,0.000228019,0.000139101,
0.000198478,0.000116566,0.000119717,7.24601e-05,8.19114e-05,8.82123e-05,0.000103965,0.000126018,0.000148071,0.000182726,0.000866371,0.00042846,0.000872672,0.00249515,0.0334703,0.938201,0.0198572,0.00166343,0.000617486,0.00028984,
0.00039358,0.000274514,0.000198444,0.000145525,0.000115759,9.2607e-05,7.93774e-05,8.92996e-05,0.000112451,0.000158755,0.00113774,0.000320817,0.000416731,0.000949222,0.00242432,0.0234924,0.947393,0.019884,0.00158424,0.000737549,
0.000894258,0.000407231,0.000310926,0.000253144,0.000192609,0.000187106,0.000244889,0.000390722,0.000420989,0.000547561,0.00174724,0.000605344,0.000495281,0.000737418,0.00111438,0.00255345,0.0233057,0.943593,0.0200644,0.00193435,
0.00230314,0.00100248,0.000575785,0.000344443,0.00022106,0.000190215,0.000195356,0.00016451,0.000102819,0.000257047,0.000951074,0.000215919,0.000318738,0.000483248,0.000735154,0.00113101,0.00281723,0.0248102,0.940818,0.0223631,
0.027331,0.00286924,0.00137862,0.000555754,0.000460974,0.000422201,0.000430817,0.000426509,0.000585911,0.000788396,0.00177497,0.000555754,0.000460974,0.000564371,0.000508364,0.00075393,0.0012149,0.00288217,0.0277748,0.92826,


0.931056,0.0259834,0.00312477,0.00143848,0.000755506,0.00044726,0.000308246,0.000265938,0.000241762,0.000229674,0.000592317,0.000241762,0.00019341,0.000181321,0.00028407,0.000350555,0.000610449,0.00120881,0.00281048,0.0296763,
0.0268216,0.940979,0.0193369,0.00215116,0.000976374,0.000702258,0.000435974,0.000357656,0.000480355,0.000605665,0.00168385,0.000485576,0.000305443,0.000300222,0.000255841,0.000263673,0.000355045,0.000548231,0.000817126,0.0021381,
0.00147046,0.0245122,0.950265,0.0165565,0.0018398,0.000929439,0.000502868,0.000296519,0.000213285,0.000169935,0.00110631,0.000130052,0.000121382,0.00012485,0.000126584,0.000156063,0.000185541,0.000289583,0.000393624,0.000610378,
0.000804143,0.00219278,0.0277839,0.935981,0.0253342,0.00282195,0.00123227,0.000670119,0.000461638,0.000297831,0.000811589,0.000115409,0.000126578,0.000100518,0.000100518,0.000130301,0.000126578,0.000178698,0.000320168,0.000409517,
0.000343996,0.000788324,0.00208548,0.0259108,0.93554,0.0287917,0.00284513,0.00110365,0.000695159,0.00031533,0.000469411,0.000193498,8.5999e-05,6.80825e-05,7.16658e-05,0.000103915,0.000111082,8.95823e-05,0.000125415,0.00026158,
0.000182128,0.000293961,0.000741292,0.00198423,0.031588,0.933654,0.0251496,0.00306742,0.00122697,0.000530407,0.000626264,0.00021408,0.000118223,9.9052e-05,8.62711e-05,5.11236e-05,7.98806e-05,7.98806e-05,8.62711e-05,0.00014059,
0.000107917,0.000175065,0.000309362,0.000625919,0.00173627,0.0262023,0.934763,0.0303151,0.00304566,0.00106238,0.0006499,0.000290177,0.000153482,0.000100723,7.91392e-05,8.15373e-05,5.03613e-05,7.19447e-05,7.43428e-05,0.000105519,
8.92911e-05,0.000120509,0.000182484,0.000326177,0.000793291,0.00262869,0.0701064,0.901884,0.0179608,0.00324868,0.00136508,0.000459539,0.000238951,0.000146676,8.81434e-05,7.52892e-05,6.54189e-05,6.63371e-05,7.41415e-05,8.05686e-05,
3.85911e-05,4.86982e-05,4.68606e-05,0.000100153,0.000169066,0.000415313,0.00146187,0.0344581,0.931156,0.0287053,0.00223093,0.000566921,0.000235222,0.000124962,6.52373e-05,4.04287e-05,4.59417e-05,2.94027e-05,2.84839e-05,3.21592e-05,
3.07574e-05,2.77808e-05,4.06791e-05,5.35773e-05,0.000104178,0.000166685,0.000373057,0.00152398,0.0357014,0.922617,0.0366499,0.00183155,0.000467313,0.000148826,8.23503e-05,5.06008e-05,3.4726e-05,3.37339e-05,2.38121e-05,3.77026e-05,
5.37602e-05,4.98739e-05,5.37602e-05,7.18961e-05,9.32707e-05,0.000113997,0.000163871,0.000355594,0.00132069,0.0320152,0.951039,0.0130728,0.000840084,0.000259085,0.000135372,0.000102339,7.77255e-05,7.25438e-05,6.0885e-05,4.85785e-05,
4.89869e-05,4.70274e-05,6.85816e-05,6.27032e-05,5.29058e-05,0.000131285,0.000166555,0.000348786,0.000924872,0.00379746,0.0493337,0.922064,0.020163,0.00164596,0.000550612,0.000229258,0.000137163,9.40548e-05,6.27032e-05,7.05411e-05,
0.00010022,8.35168e-05,5.01101e-05,6.12457e-05,5.84618e-05,0.000105788,0.000139195,0.000270038,0.00052894,0.00122213,0.00366082,0.0314163,0.931939,0.0270762,0.00193202,0.00059297,0.000359122,0.000192089,0.000125275,8.63007e-05,
0.000122562,9.19218e-05,8.17082e-05,6.12812e-05,8.17082e-05,9.19218e-05,9.19218e-05,0.000224698,0.000340451,0.000619621,0.00154905,0.00323428,0.0356418,0.925411,0.0287579,0.00218229,0.000735374,0.000360878,0.00017363,0.000146394,
0.000110545,7.25454e-05,9.67272e-05,8.98181e-05,6.90908e-05,7.25454e-05,8.63635e-05,0.000110545,0.000231454,0.000331636,0.00075309,0.00105364,0.002736,0.0307247,0.929458,0.0307731,0.00204163,0.000680545,0.000314363,0.000193454,
0.000227672,0.000112186,0.000122085,0.000105587,9.89877e-05,8.90889e-05,8.24897e-05,0.000131984,0.00015838,0.00023757,0.000709412,0.000537833,0.000920585,0.00273866,0.0340584,0.936097,0.0207412,0.00183787,0.00064672,0.000346457,
0.000473304,0.000253086,0.000144621,0.000111752,0.000128187,0.000131473,0.000121613,0.000141334,0.0001249,0.000154481,0.000923601,0.000414141,0.000529181,0.000969616,0.00232379,0.0235042,0.947171,0.0200793,0.00161384,0.000686949,
0.00100535,0.000601931,0.000384211,0.000230527,0.000169693,0.000172895,0.000246536,0.000355396,0.000397019,0.000669168,0.00174176,0.00059873,0.000605133,0.000723598,0.00103097,0.00256141,0.0235265,0.940985,0.0219321,0.00206193,
0.00221359,0.0011528,0.000654875,0.000438388,0.00027061,0.000189427,0.000248961,0.000135305,0.000178602,0.0002219,0.000925485,0.000281434,0.000422151,0.000416739,0.000606166,0.00122316,0.00280893,0.0249177,0.939102,0.0235917,
0.0274722,0.00279665,0.00119348,0.000814949,0.000400794,0.000400794,0.000454234,0.000485407,0.000610098,0.00104207,0.00207077,0.000699164,0.000574472,0.000525486,0.000574472,0.000757056,0.00126028,0.00314846,0.0275747,0.927144,


0.931915,0.0258175,0.00326941,0.00119436,0.000741952,0.000446377,0.000259381,0.000223189,0.000180964,0.000241285,0.000615277,0.0001689,0.000193028,0.000223189,0.00028351,0.000373992,0.000723855,0.00114007,0.00282907,0.0291593,
0.0267564,0.935863,0.0221005,0.00239765,0.00117938,0.000732254,0.000554051,0.000557291,0.000583211,0.000936378,0.00209632,0.00050221,0.000398528,0.000298086,0.000275405,0.000298086,0.000430928,0.000644772,0.000978499,0.00241709,
0.00187112,0.0246526,0.942542,0.0220042,0.00267581,0.00107423,0.000617195,0.000398442,0.000281253,0.000261722,0.00100392,0.000148439,9.76574e-05,0.000148439,0.000164064,0.000148439,0.000183596,0.000351567,0.000480474,0.000894542,
0.000856161,0.00206646,0.0250583,0.938753,0.0254902,0.00292262,0.00104296,0.00068882,0.00030744,0.000315223,0.000793895,0.000151774,9.7291e-05,0.000132316,0.000124533,0.000128424,0.000124533,0.00021404,0.000326898,0.000404731,
0.000365233,0.000733847,0.00180587,0.0252552,0.937251,0.0282345,0.00263441,0.00111599,0.000591812,0.000334797,0.000557994,0.00015218,9.46899e-05,9.13081e-05,7.43992e-05,8.79264e-05,0.000111599,0.000111599,0.000118362,0.000277306,
0.000201538,0.00036338,0.000647366,0.00205203,0.0299223,0.93545,0.024948,0.00298338,0.00113289,0.000571025,0.000711492,0.000268718,0.000131305,0.000116037,7.32867e-05,7.02331e-05,8.55011e-05,7.63403e-05,9.16084e-05,0.000103823,
0.000116658,0.00017369,0.000337011,0.000622174,0.00173172,0.0248766,0.935265,0.0314431,0.00282052,0.000992886,0.000648098,0.0002385,0.000194429,0.000137397,7.77718e-05,6.99946e-05,5.70326e-05,6.22174e-05,6.74022e-05,6.74022e-05,
7.15747e-05,8.23109e-05,0.000139571,0.000252301,0.00050818,0.00148875,0.0272234,0.927074,0.0383318,0.00295245,0.000917945,0.00033998,0.000195041,0.000109151,7.3364e-05,5.18916e-05,4.47342e-05,4.83129e-05,5.18916e-05,4.29448e-05,
3.79791e-05,5.31707e-05,4.99154e-05,9.98307e-05,0.000158427,0.00037111,0.00125548,0.032292,0.931567,0.0307327,0.00226898,0.000569686,0.000205087,0.000104171,6.5107e-05,4.23195e-05,4.01493e-05,1.95321e-05,3.47237e-05,3.25535e-05,
2.07442e-05,1.61344e-05,2.56833e-05,3.2159e-05,5.93788e-05,0.000114806,0.000301175,0.00130787,0.0706173,0.916182,0.0100769,0.000816925,0.000199759,8.7367e-05,4.30249e-05,2.79882e-05,2.20613e-05,1.72319e-05,1.45977e-05,1.70124e-05,
5.12565e-05,5.96911e-05,6.03399e-05,6.87745e-05,8.62925e-05,0.000120031,0.000160906,0.000370474,0.00131515,0.0311523,0.951513,0.0134551,0.000820103,0.000280937,0.000145335,9.5376e-05,7.00721e-05,5.96911e-05,6.42328e-05,5.12565e-05,
1.28404e-05,1.34824e-05,1.25194e-05,1.528e-05,1.81691e-05,2.8634e-05,4.61611e-05,9.37989e-05,0.000299116,0.00128282,0.0712553,0.919359,0.00653536,0.000683814,0.000177454,7.51161e-05,3.55678e-05,2.292e-05,1.91321e-05,1.34182e-05,
7.21333e-05,8.04563e-05,6.10358e-05,6.65845e-05,8.87794e-05,0.000133169,0.000169236,0.00023582,0.000540999,0.00117078,0.00359834,0.0313447,0.931718,0.0273635,0.00196147,0.000660297,0.000296856,0.000174784,0.000160913,0.000102651,
0.000127697,0.000104174,0.000127697,9.74528e-05,0.000100813,0.000157941,0.000178103,0.000204987,0.000359567,0.000793064,0.0015458,0.00367296,0.0343706,0.925633,0.029172,0.00192217,0.000692251,0.000342765,0.000238591,0.000157941,
0.000144832,0.000113796,0.000117245,8.96576e-05,6.89674e-05,0.000106899,8.96576e-05,0.000117245,0.000213799,0.000331044,0.000848299,0.00111038,0.00273456,0.0305802,0.928943,0.0312457,0.00194143,0.000648294,0.000341389,0.000213799,
0.000136038,7.9418e-05,7.00747e-05,6.76455e-05,6.80192e-05,6.44687e-05,6.6898e-05,8.87613e-05,0.00010913,0.000171356,0.000707848,0.000343273,0.000588814,0.00169973,0.0340636,0.946767,0.0133774,0.000917698,0.000375974,0.00023732,
0.000376346,0.000193259,0.000118668,0.000125449,0.000139011,0.000145792,0.000118668,0.000108496,0.000145792,0.000240726,0.000983248,0.000386518,0.000474671,0.000871361,0.00260052,0.0234488,0.945782,0.0212822,0.00172916,0.000728959,
0.000600747,0.000355888,0.000308304,0.000211154,0.000202232,0.000194301,0.00022305,0.000330113,0.000375715,0.000489718,0.00172194,0.00060273,0.000565059,0.000678071,0.000828753,0.0019787,0.0234688,0.947092,0.0182217,0.00155143,
0.00216013,0.00114298,0.000618679,0.0004142,0.000262152,0.000199236,0.000178263,0.000183506,0.000104861,0.000209722,0.000912289,0.000188749,0.000319826,0.000393228,0.000681595,0.0011692,0.0027526,0.025067,0.940035,0.0230065,
0.0276367,0.00312514,0.00123774,0.000748187,0.000489555,0.000418739,0.000492634,0.000554213,0.000677371,0.000991425,0.00201672,0.000889819,0.000677371,0.000643503,0.000609634,0.000757424,0.00115769,0.00334067,0.035288,0.918247,


0.932104,0.0267642,0.00325223,0.00141375,0.000697773,0.000509678,0.000321582,0.000254839,0.000200231,0.000230569,0.000661368,0.000157757,0.000260906,0.000212366,0.00032765,0.000376191,0.000612827,0.00108003,0.00278503,0.0277774,
0.0270837,0.935225,0.0231348,0.00245289,0.00118041,0.000835166,0.000605002,0.000526089,0.000506361,0.000858183,0.00138427,0.000466904,0.000394567,0.000312365,0.000302501,0.000312365,0.000437312,0.000427447,0.000881199,0.00267319,
0.00195299,0.0239633,0.944139,0.0213912,0.00257214,0.00113893,0.000580929,0.000408943,0.000244602,0.000229314,0.000806421,0.000175807,0.000126123,6.49723e-05,9.55475e-05,0.000145232,0.000206383,0.000340149,0.000527422,0.000890503,
0.000875992,0.00212741,0.025017,0.938893,0.0251762,0.00288584,0.0012097,0.000621916,0.000386802,0.000291997,0.000739474,0.000231323,0.000117557,9.10122e-05,0.000132726,0.00014031,0.000178232,0.000231323,0.000257868,0.000394386,
0.000365062,0.000730124,0.00203002,0.0246809,0.937568,0.0283076,0.00262708,0.00115319,0.000522004,0.000317297,0.000556122,9.21184e-05,0.000139884,8.1883e-05,9.8942e-05,8.1883e-05,8.1883e-05,0.00013306,0.000187649,0.000245649,
0.000208589,0.000300613,0.000693252,0.00200307,0.0296564,0.935988,0.0250675,0.00279755,0.00107055,0.000576687,0.000641104,0.000184049,0.000119632,0.000113497,6.74847e-05,0.000128834,7.66871e-05,9.20245e-05,8.89571e-05,0.000125767,
0.000114255,0.000163592,0.000303813,0.000563483,0.0019631,0.023713,0.935399,0.0318329,0.00309266,0.00104906,0.000732268,0.000324587,0.000166188,0.000122045,8.82876e-05,6.49174e-05,8.30942e-05,5.19339e-05,6.49174e-05,0.000106464,
4.54656e-05,0.000103662,0.000127304,0.000207323,0.000507396,0.00154219,0.0267047,0.926848,0.0391477,0.00280068,0.00106571,0.000314622,0.000165495,0.000114573,6.72891e-05,6.18332e-05,4.18284e-05,4.3647e-05,4.72842e-05,4.3647e-05,
3.23839e-05,4.2793e-05,5.66718e-05,7.86466e-05,0.000156137,0.000379354,0.00128842,0.0304594,0.930947,0.0330732,0.00232933,0.000596789,0.000246349,9.71517e-05,5.55153e-05,3.58536e-05,3.81667e-05,2.77576e-05,2.19748e-05,3.70102e-05,
3.57493e-05,2.6812e-05,3.87284e-05,5.85892e-05,7.24917e-05,0.000159879,0.000387284,0.00156801,0.0340383,0.922733,0.0381674,0.00187088,0.000413103,0.000177754,7.14987e-05,5.75961e-05,4.27006e-05,3.67424e-05,1.68816e-05,2.6812e-05,
2.49199e-05,2.10972e-05,1.8482e-05,1.85173e-05,2.09036e-05,3.18294e-05,5.95128e-05,0.00017105,0.000960971,0.0594752,0.932078,0.00621798,0.00059305,0.00011853,4.88884e-05,2.93674e-05,2.66831e-05,2.82189e-05,2.8879e-05,2.76059e-05,
4.69686e-05,6.26248e-05,7.63239e-05,3.91405e-05,9.19801e-05,0.000109593,0.000197659,0.000358135,0.000958942,0.0037477,0.0464969,0.923521,0.0215429,0.00158519,0.000538182,0.000272026,0.00011155,9.19801e-05,7.8281e-05,7.24099e-05,
8.62165e-05,3.89365e-05,8.06541e-05,6.67482e-05,8.06541e-05,9.456e-05,0.000164089,0.000225275,0.000517299,0.00111803,0.00355991,0.0305012,0.932348,0.0278451,0.00198298,0.000634108,0.000289242,0.000150184,0.000116809,0.000100122,
7.21817e-05,5.99664e-05,5.44139e-05,5.66349e-05,7.44027e-05,7.77342e-05,7.99551e-05,0.000147695,0.000228761,0.000390892,0.00140477,0.00141365,0.0179266,0.958534,0.0176512,0.000913932,0.000400886,0.00020544,0.000187672,0.000118822,
