0.931215,0.0237031,0.00299743,0.00135755,0.000522598,0.000408467,0.000324371,0.000324371,0.000258295,0.000162186,0.000624715,0.000174199,0.000252289,0.000258295,0.000204234,0.000450515,0.000618708,0.00123742,0.00250487,0.0324011,
0.027104,0.949851,0.0147079,0.00152968,0.000782048,0.000441694,0.000332705,0.000235188,0.000217979,0.000206506,0.00121992,0.00016444,0.000133847,0.000105165,0.00016444,0.000183561,0.000221803,0.000403452,0.000623344,0.00137097,
0.00175785,0.025168,0.947339,0.0180301,0.00231263,0.000877315,0.000551547,0.000412854,0.000203202,0.00015482,0.000764425,0.000180624,0.000135468,0.000132242,0.000132242,0.000203202,0.000177398,0.000251583,0.000438657,0.000777327,
0.00134894,0.0031447,0.0405033,0.927422,0.0181417,0.00267666,0.00134204,0.00086551,0.000611853,0.000391098,0.0010454,0.00022447,0.000163444,0.000165036,0.000165567,0.000186262,0.000226062,0.000305131,0.000404364,0.000665981,
0.000373818,0.000722716,0.00226783,0.029998,0.934446,0.025441,0.00290866,0.00109653,0.000619471,0.000352457,0.000516226,0.000153088,0.000138847,0.000110365,8.54442e-05,0.000110365,0.000128166,0.000121046,0.000188689,0.000220731,
0.000305949,0.000504113,0.00103768,0.00356159,0.0854451,0.887486,0.0153614,0.00272007,0.00117191,0.000596165,0.000591479,0.000220591,0.000148958,0.000118497,0.000102429,0.000102764,9.27219e-05,0.000112137,0.000145945,0.000175067,
0.000238104,0.000306384,0.000568124,0.00145533,0.00526456,0.076467,0.886712,0.0200734,0.00428938,0.00194291,0.00107059,0.000437254,0.000231977,0.000171138,0.000126493,0.000108548,0.000108985,0.000111611,0.000135685,0.000180329,
6.84928e-05,6.84928e-05,0.000126171,0.000237922,0.000502881,0.00144015,0.0327522,0.927722,0.0322403,0.00296682,0.000942677,0.000364093,0.000187454,9.01221e-05,7.7505e-05,5.40732e-05,3.42464e-05,2.88391e-05,5.22708e-05,4.32586e-05,
4.55532e-05,4.32755e-05,6.49132e-05,8.6551e-05,0.000158297,0.000381508,0.00126296,0.0386655,0.928733,0.0271542,0.00227652,0.000536388,0.000226627,0.000122994,5.80803e-05,5.3525e-05,3.9859e-05,2.84707e-05,3.53037e-05,2.61931e-05,
8.7743e-05,0.000110024,0.000127572,0.000188697,0.00035531,0.000663298,0.00189288,0.00848781,0.0710448,0.89366,0.0195267,0.00205299,0.000767801,0.00035669,0.000213738,0.000130333,9.93764e-05,8.22221e-05,7.88701e-05,7.3152e-05,
0.00011249,0.000116875,0.00012131,0.00012535,0.000154027,0.000230646,0.000407881,0.00122012,0.00688652,0.0594315,0.923736,0.00553901,0.000811623,0.000322294,0.000189627,0.00013486,0.000120521,0.000112145,0.000108696,0.000118009,
5.56337e-05,4.60417e-05,4.22049e-05,8.24913e-05,6.52257e-05,0.000115104,0.00018033,0.000393273,0.00100524,0.00352411,0.0571914,0.916375,0.0181212,0.00175534,0.000475764,0.000226372,0.000130451,9.01649e-05,6.33073e-05,6.13889e-05,
0.000271126,0.00021043,0.000167135,0.000145878,0.000166406,0.000227622,0.000385484,0.000858651,0.0022781,0.00807578,0.0208772,0.072874,0.87314,0.0159213,0.00199973,0.000864069,0.000485984,0.000383608,0.00034693,0.000320933,
0.000270064,0.000226468,0.000178493,0.000158952,0.000155785,0.000194193,0.000282799,0.000501114,0.00108073,0.00277981,0.00569641,0.00760815,0.0434804,0.91893,0.0150724,0.00138017,0.000752109,0.000506167,0.000403546,0.000341892,
0.000290892,0.000232667,0.000189291,0.00016139,0.000157013,0.000177646,0.00022915,0.000338411,0.000612812,0.00128408,0.0029559,0.00253081,0.00341912,0.033803,0.935756,0.0150515,0.00125126,0.00072262,0.00046932,0.000366625,
0.000385743,0.000287324,0.000224665,0.000185915,0.000179526,0.00019045,0.000255479,0.00034823,0.000536001,0.000906801,0.00229292,0.00137035,0.00176382,0.00258406,0.0341004,0.935516,0.0161333,0.00147176,0.000750566,0.00051642,
0.000606736,0.000427321,0.000328073,0.00028208,0.000259725,0.000302727,0.000387166,0.000471605,0.000698294,0.00110696,0.00265306,0.00124209,0.00126402,0.00163965,0.00292162,0.0236076,0.938599,0.02021,0.00204049,0.000951469,
0.000804666,0.000522282,0.000368625,0.000293068,0.000230486,0.000225398,0.000255672,0.000308587,0.000373713,0.000488702,0.00184821,0.000588172,0.000680519,0.000817386,0.00135468,0.00275667,0.0235818,0.945642,0.0172374,0.00162231,
0.00198823,0.00109777,0.000598354,0.000367493,0.000249707,0.000216727,0.000240284,0.000226149,0.00029211,0.000244995,0.00108363,0.000197881,0.000405184,0.000400473,0.000588931,0.00115902,0.00240284,0.0249047,0.943156,0.0201791,
0.0273803,0.0031204,0.00128283,0.000708282,0.00047549,0.000539879,0.000515114,0.000500255,0.000579503,0.00103023,0.00191682,0.000812295,0.000728094,0.000728094,0.000609222,0.000817248,0.00123826,0.00360085,0.0314418,0.921975,


0.93105,0.0240407,0.00299756,0.00132422,0.000800554,0.000385229,0.000361152,0.000282902,0.000216691,0.00022873,0.000722304,0.00022873,0.000210672,0.000240768,0.000252806,0.000523671,0.000619978,0.00119782,0.00267253,0.0316429,
0.0270581,0.946143,0.0149976,0.0015396,0.000920578,0.000629622,0.000525841,0.000414515,0.000413088,0.000502801,0.00163013,0.000281169,0.000246915,0.000212865,0.00021837,0.000255274,0.000354978,0.000528695,0.000888771,0.00223773,
0.00217983,0.0263052,0.944303,0.0185285,0.00240894,0.0011161,0.000546593,0.000441857,0.000317482,0.000209473,0.00100481,0.000121101,0.000153832,0.000117828,0.0002062,0.00017347,0.000199654,0.000291298,0.000556412,0.000818253,
0.00104519,0.00217535,0.0289976,0.934926,0.0246469,0.00313132,0.0011854,0.000662803,0.000386635,0.000314407,0.000786017,0.000182696,0.000114716,0.000110467,0.000118965,0.000106218,0.000157203,0.000195442,0.00026767,0.000488605,
0.000243819,0.000368855,0.000760633,0.0180968,0.961954,0.0142874,0.00116075,0.00056266,0.000326134,0.000231316,0.00122639,0.00012191,7.71053e-05,5.41821e-05,6.14758e-05,7.50213e-05,8.64829e-05,7.71053e-05,9.37767e-05,0.000134413,
0.000218467,0.000345635,0.000720616,0.00209337,0.0357732,0.930488,0.023689,0.00309115,0.00126841,0.000629316,0.000622795,0.000211946,0.000149992,8.15177e-05,8.47784e-05,0.000107603,8.47784e-05,7.8257e-05,0.000110864,0.000149992,
0.000133305,0.000199958,0.000299937,0.000587056,0.0017663,0.0281864,0.935514,0.0274814,0.00302244,0.00109721,0.000681908,0.000310191,0.000212776,0.000105106,6.40891e-05,6.15255e-05,6.15255e-05,5.38348e-05,6.92162e-05,9.22883e-05,
6.1195e-05,6.1195e-05,0.000131389,0.000262779,0.000503959,0.00151188,0.0323344,0.928073,0.0324118,0.00284737,0.000908926,0.000340172,0.000174586,9.17925e-05,7.55938e-05,6.1195e-05,3.59971e-05,2.69978e-05,4.13966e-05,4.49963e-05,
3.09774e-05,5.04817e-05,7.34279e-05,7.80172e-05,0.000165213,0.000387791,0.00132744,0.0374104,0.929242,0.0278498,0.00226709,0.000572508,0.000204221,0.000105553,7.45752e-05,4.58925e-05,3.55667e-05,2.40935e-05,2.52408e-05,2.98301e-05,
3.74926e-05,1.47997e-05,4.34125e-05,6.80786e-05,8.78116e-05,0.00017069,0.000411432,0.00155101,0.0417677,0.920941,0.0322199,0.00181148,0.000437084,0.00016477,8.68249e-05,5.52522e-05,4.7359e-05,2.95994e-05,2.95994e-05,2.46662e-05,
5.51833e-05,5.90333e-05,6.7375e-05,7.82833e-05,8.855e-05,0.000118708,0.000170042,0.000356767,0.00132632,0.0367123,0.947679,0.0117091,0.000819408,0.000253458,0.000137958,0.000103308,7.7e-05,7.05833e-05,5.06917e-05,6.67333e-05,
0.000206306,0.000165877,0.000133415,0.000126459,0.00014923,0.000245337,0.000533185,0.00134325,0.0050286,0.0320188,0.134745,0.801571,0.0185673,0.00289663,0.000862531,0.000382766,0.000257793,0.000251758,0.00026573,0.000249143,
5.48113e-05,4.65896e-05,6.57736e-05,7.94764e-05,6.57736e-05,0.000131547,0.000167175,0.000274057,0.000559076,0.00115926,0.00353533,0.0349806,0.931722,0.0238237,0.00194032,0.000709807,0.000257613,0.000183618,0.00014525,9.86604e-05,
0.000137262,0.000107132,7.03051e-05,0.000107132,7.70008e-05,0.000100436,0.000113827,0.00023435,0.00029796,0.000492136,0.0015735,0.00331438,0.0420458,0.922199,0.0256145,0.00200202,0.000733182,0.000328091,0.000220959,0.000231003,
0.000146572,8.86247e-05,8.18074e-05,9.88506e-05,8.86247e-05,8.18074e-05,9.88506e-05,0.000156798,0.000177249,0.00032723,0.000882838,0.00097828,0.00269624,0.0338001,0.930416,0.0266522,0.00192588,0.000685137,0.000415854,0.00020111,
0.000266932,0.0001931,9.37103e-05,7.66721e-05,8.23515e-05,8.23515e-05,7.95118e-05,0.000122107,0.000136306,0.000204459,0.000752522,0.000471391,0.000908706,0.002303,0.0337783,0.94027,0.0178305,0.00151356,0.000522506,0.000312368,
0.00037927,0.000203787,0.000181144,0.000141519,7.92505e-05,0.000101894,8.20809e-05,0.000107554,0.000172653,0.000155671,0.000931194,0.00030285,0.000444369,0.000784014,0.00227845,0.0237327,0.949999,0.0178144,0.00149161,0.000617022,
0.000724223,0.000412701,0.000311522,0.000215669,0.000189043,0.000258271,0.000250283,0.000258271,0.000383412,0.000471277,0.00144845,0.000508554,0.000537842,0.000599081,0.000939892,0.00212474,0.0233269,0.94674,0.0184198,0.00187978,
0.00192124,0.000880668,0.000546663,0.000404244,0.000355077,0.00038093,0.000468952,0.000566539,0.000775311,0.00121318,0.00293133,0.00107435,0.000803854,0.000773069,0.000816557,0.00112755,0.00240469,0.025159,0.937353,0.0200433,
0.021925,0.00268273,0.00134107,0.000864469,0.000663484,0.000551826,0.000525968,0.000501874,0.000562404,0.000705209,0.00168486,0.000592963,0.000580622,0.000574158,0.000731067,0.00103372,0.0018641,0.00393448,0.0376646,0.921015,


0.930471,0.0245523,0.00312962,0.00116193,0.000724016,0.000525495,0.000315297,0.000175165,0.00025107,0.000256909,0.000665627,0.000169326,0.000169326,0.00019852,0.000268586,0.000391202,0.000636433,0.00124951,0.00287855,0.03181,
0.027137,0.937783,0.0213071,0.00237724,0.00104083,0.000562865,0.000455952,0.000437085,0.000490541,0.000760968,0.00172633,0.000490541,0.000355328,0.000336461,0.000327028,0.00034275,0.000380484,0.000578587,0.000924482,0.00218542,
0.00185734,0.0251107,0.946892,0.0181076,0.00233234,0.000983479,0.000593741,0.000401917,0.000249676,0.000152241,0.00120271,0.000112659,0.000100479,9.43896e-05,0.000115703,0.000164421,0.000191824,0.00025881,0.000365379,0.000712489,
0.000891844,0.002172,0.0297594,0.934072,0.0248948,0.00317479,0.0013143,0.000550468,0.000426719,0.000324307,0.000785164,0.00013655,0.000149352,0.000128016,7.68095e-05,0.000119481,0.000140817,0.000170688,0.000268833,0.000443788,
0.000544094,0.00101083,0.00277233,0.0562102,0.915581,0.0168578,0.00238036,0.0011958,0.000649974,0.000448586,0.000734678,0.000219971,0.000170705,0.000118413,0.000125327,0.000136132,0.000135267,0.000152122,0.000241579,0.000315047,
0.000189523,0.000326764,0.000751558,0.00196385,0.0355585,0.931164,0.0237035,0.00304218,0.00111753,0.000607782,0.000562035,0.000186256,0.000150312,0.000114367,6.20852e-05,8.49587e-05,7.18881e-05,0.000101297,8.16911e-05,0.000160115,
0.00010838,0.000154141,0.000286605,0.000592478,0.00179429,0.0289905,0.935504,0.0269963,0.00294794,0.00104286,0.000650281,0.00023362,0.000154141,0.000118014,6.02112e-05,7.22535e-05,6.02112e-05,7.46619e-05,7.70704e-05,8.18873e-05,
6.12857e-05,7.00408e-05,0.000150588,0.000220628,0.000516551,0.00155841,0.0316882,0.927324,0.0337054,0.00277712,0.000984073,0.0003432,0.000173351,0.000112065,6.12857e-05,6.65387e-05,5.95347e-05,3.67714e-05,3.67714e-05,5.42816e-05,
3.67335e-05,3.44376e-05,6.08398e-05,8.7242e-05,0.000167596,0.000396033,0.00130174,0.0365291,0.92945,0.0285017,0.00236701,0.00054641,0.000189407,0.000123975,5.05085e-05,4.24731e-05,3.90293e-05,2.06626e-05,1.83667e-05,3.67335e-05,
3.15952e-05,2.86332e-05,4.14687e-05,6.61525e-05,8.78742e-05,0.000154027,0.000382104,0.00155606,0.0405643,0.921627,0.032859,0.0017407,0.000441345,0.00014909,7.80007e-05,6.22031e-05,3.6532e-05,3.25826e-05,2.27091e-05,3.85067e-05,
4.50038e-05,5.46475e-05,5.59333e-05,6.94345e-05,8.93648e-05,0.000116367,0.00018323,0.000389605,0.00133661,0.0360101,0.948202,0.0118971,0.000792067,0.000281595,0.000139512,9.64368e-05,6.75058e-05,6.81487e-05,5.65762e-05,4.82184e-05,
5.32177e-05,4.56152e-05,3.6112e-05,6.08202e-05,8.7429e-05,0.000125442,0.000159653,0.000336412,0.000952216,0.00372904,0.0544721,0.918113,0.018993,0.00172197,0.000505568,0.000226175,0.000146349,9.69322e-05,8.17271e-05,5.70189e-05,
6.83359e-05,5.74021e-05,6.56024e-05,8.20031e-05,7.65362e-05,0.000144872,0.000136672,0.000273344,0.000516619,0.00115351,0.00369834,0.0341215,0.931372,0.0249535,0.00193254,0.000642357,0.000317078,0.00017494,0.000120271,9.29368e-05,
0.000123026,0.000116376,0.000113051,8.64505e-05,9.97506e-05,9.31006e-05,0.000136326,0.000259352,0.000385702,0.00079468,0.00168911,0.00335827,0.0401496,0.923571,0.0254431,0.00206816,0.000704904,0.000369077,0.000272652,0.000166251,
0.000109953,9.96451e-05,9.6209e-05,7.90288e-05,8.24649e-05,9.6209e-05,0.000116825,0.000134005,0.000247395,0.000329859,0.000834957,0.0011064,0.00281755,0.0338175,0.929496,0.027533,0.00180736,0.000621923,0.000357348,0.00021647,
0.000178058,0.000149795,0.000115879,8.47894e-05,0.000121531,8.76157e-05,7.63104e-05,9.60946e-05,0.000169579,0.000234584,0.00103726,0.000536999,0.000845067,0.00236562,0.0338733,0.939251,0.0183258,0.00152621,0.000627441,0.000296763,
0.000363385,0.000299429,0.000165703,0.000107562,0.000101748,0.000130819,0.000101748,9.30265e-05,0.000125004,0.000154075,0.00116574,0.000351756,0.000438969,0.000831424,0.00210763,0.0233787,0.950298,0.0176198,0.0015611,0.000604672,
0.000782331,0.000487471,0.000309128,0.000171209,0.000156942,0.00014743,0.000235413,0.000240169,0.000290105,0.000413756,0.00155515,0.000492227,0.000442291,0.000637279,0.000860802,0.00222572,0.0234818,0.946207,0.0189495,0.00191421,
0.00226035,0.00104908,0.000532144,0.000349695,0.000243266,0.000217926,0.000202722,0.000182449,0.000167245,0.000146973,0.0010947,0.000278742,0.000380103,0.000380103,0.000638573,0.00115044,0.00280769,0.0263133,0.939118,0.0224869,
0.0275376,0.00342359,0.00116681,0.000677035,0.000475365,0.00040334,0.000494572,0.000470563,0.000845093,0.00107077,0.00208392,0.000797077,0.000744258,0.000710647,0.000581002,0.000830688,0.00147891,0.00357244,0.0310236,0.921613,


0.931339,0.0242519,0.00346713,0.00133862,0.000560771,0.000458265,0.000283401,0.000229132,0.000211043,0.000217073,0.000699457,0.000156775,0.000168834,0.000138685,0.000217073,0.000283401,0.000627099,0.00133862,0.00277371,0.0312404,
0.0270349,0.952522,0.0133534,0.00111385,0.000643587,0.000480204,0.000316821,0.000187535,0.000136389,0.000163383,0.00126728,9.66092e-05,9.80299e-05,0.000126444,0.000136389,0.000147755,0.000217371,0.00037365,0.000481625,0.00110248,
0.00181929,0.024654,0.951846,0.0140641,0.00146795,0.000840812,0.00055413,0.000399085,0.000273936,0.000248675,0.0013917,0.000167328,0.000125612,0.000130711,0.000152032,0.000153886,0.000210435,0.000292708,0.00045123,0.000756685,
0.00104681,0.0021983,0.0286477,0.934941,0.0248966,0.00314043,0.0012649,0.000641171,0.000392554,0.000327128,0.000767661,0.00015266,0.00012649,0.000100319,0.000117766,0.000170107,0.000170107,0.000174468,0.000279149,0.000444894,
0.000363839,0.000684873,0.00198684,0.0281797,0.934555,0.0273271,0.00306409,0.00115929,0.000670605,0.000331735,0.000556459,0.000149816,0.000117713,0.000117713,6.77739e-05,7.13409e-05,8.56091e-05,0.000114145,0.000203322,0.000192621,
0.000149982,0.000322788,0.00074339,0.00199868,0.034147,0.931836,0.0243525,0.00289205,0.0013205,0.000583627,0.000557543,0.000224973,0.000140201,0.000107596,0.000117377,0.000101075,9.4554e-05,9.4554e-05,0.000117377,9.78145e-05,
0.000143583,0.000141019,0.000302549,0.000612791,0.00183581,0.0271218,0.935398,0.0287524,0.00301524,0.001082,0.000630739,0.000253834,0.000130763,0.000138455,5.64075e-05,8.20473e-05,6.40994e-05,4.87156e-05,8.46113e-05,0.000105123,
6.30759e-05,6.64854e-05,0.00013979,0.000271056,0.000501198,0.00156326,0.0314919,0.927371,0.0337899,0.00278386,0.00105695,0.000310265,0.000155133,0.000117628,8.01234e-05,5.11426e-05,3.40951e-05,4.60284e-05,5.11426e-05,5.62569e-05,
4.2395e-05,4.01034e-05,4.58324e-05,9.0519e-05,0.000161559,0.00039645,0.00126956,0.0354433,0.930119,0.028989,0.00228016,0.000567176,0.000222287,9.28106e-05,5.72905e-05,4.35408e-05,2.86453e-05,4.01034e-05,2.86453e-05,4.12492e-05,
3.75203e-05,4.64067e-05,2.96213e-05,6.51669e-05,8.98513e-05,0.00018069,0.000358418,0.00162424,0.0393924,0.922173,0.0334385,0.00174075,0.00036533,0.000170816,8.49145e-05,5.72679e-05,3.85077e-05,3.75203e-05,3.45582e-05,3.45582e-05,
7.37692e-05,5.90154e-05,7.24863e-05,7.05619e-05,8.27498e-05,0.000123163,0.000183461,0.000386166,0.00132464,0.0348325,0.94891,0.0122938,0.000806971,0.000265569,0.000129577,8.91645e-05,8.33913e-05,8.65986e-05,6.22227e-05,6.41471e-05,
5.2199e-05,4.05992e-05,5.79989e-05,5.02657e-05,6.95987e-05,0.000110198,0.000183663,0.00038086,0.000995648,0.00369066,0.0530748,0.919345,0.01907,0.00171677,0.000506524,0.000233929,0.00018173,0.000104398,8.31318e-05,5.2199e-05,
7.10781e-05,8.47469e-05,6.0143e-05,7.10781e-05,8.74807e-05,0.00010115,0.000161293,0.000281578,0.000560423,0.00117826,0.00343635,0.0331935,0.931885,0.0254733,0.00206673,0.0006233,0.00028978,0.000177695,9.84158e-05,9.84158e-05,
0.000110448,8.03261e-05,0.000117142,0.000117142,6.02446e-05,0.000123836,0.000180734,0.000204162,0.000291182,0.000488651,0.00139232,0.00328333,0.0403538,0.923309,0.0264574,0.00202154,0.000726282,0.000307917,0.000240978,0.000133877,
0.000172452,6.55319e-05,8.62262e-05,5.51848e-05,6.8981e-05,6.55319e-05,8.27772e-05,0.000175901,0.000220739,0.000300067,0.000703606,0.000972632,0.00258334,0.0325383,0.930388,0.0284822,0.00178316,0.000655319,0.000420784,0.000179351,
0.000139592,0.000160835,8.49692e-05,7.89e-05,7.58654e-05,0.000121385,7.28308e-05,0.000115315,0.000179042,0.000257942,0.000716169,0.000409673,0.000922523,0.00243983,0.0334809,0.939019,0.0191606,0.00164173,0.000576577,0.000345946,
0.000385386,0.000283812,0.000203149,9.26122e-05,9.85872e-05,8.96247e-05,7.46873e-05,0.000104562,0.000125475,0.000200162,0.00115616,0.000367461,0.000510861,0.000815585,0.00201058,0.0238999,0.948791,0.0187196,0.00138321,0.000687123,
0.000939407,0.000505395,0.000342641,0.000282679,0.000211295,0.000245559,0.000245559,0.000302666,0.000365484,0.000659584,0.00174747,0.000639596,0.000599621,0.000651017,0.00114785,0.00238992,0.0234252,0.944429,0.0190166,0.00185312,
0.0021711,0.00100461,0.000490401,0.000271387,0.000180925,0.000257104,0.000147597,0.000133313,0.000190447,0.000176164,0.00109507,0.000204731,0.000299954,0.00044279,0.000676087,0.00107127,0.00285195,0.0246058,0.942866,0.0208635,
0.0137892,0.00089548,0.00046315,0.000300491,0.000257686,0.000184061,0.000142113,0.00017122,0.000165227,0.000238852,0.00164799,0.000203752,0.000204608,0.000195191,0.000320181,0.000324462,0.000468287,0.000946846,0.0149526,0.964129,


0.915477,0.0194285,0.00254803,0.00127185,0.000838847,0.000648325,0.000508189,0.000488507,0.000523541,0.000623919,0.00129193,0.000401119,0.000361362,0.000349946,0.000420801,0.000567629,0.00083373,0.00135648,0.00363212,0.0484284,
0.0271525,0.941826,0.0187683,0.00199763,0.000940645,0.000492601,0.000465372,0.000415864,0.000430717,0.000581715,0.00172534,0.000341603,0.000279718,0.000314374,0.000215358,0.000269817,0.000381209,0.000509929,0.000858958,0.00203229,
0.0013439,0.0248802,0.951261,0.0160627,0.0017007,0.000683699,0.000433722,0.00026707,0.000243568,0.00013033,0.0011046,0.000102555,6.83699e-05,7.05065e-05,0.000108965,0.000115374,0.000185881,0.000277753,0.000326894,0.000632422,
0.000821535,0.00216624,0.0272006,0.936501,0.0248545,0.0030736,0.00140601,0.00062126,0.000420986,0.00023706,0.000829709,0.00016349,0.000171664,0.000171664,0.000138966,0.000102181,0.000188013,0.0001921,0.000261583,0.000478207,
0.000378451,0.000864011,0.00194224,0.0276626,0.935113,0.0273949,0.00293835,0.00111036,0.00060695,0.0003606,0.000539114,0.000174944,0.00012496,0.000110679,7.85465e-05,0.000114249,6.0695e-05,0.000103539,0.000142812,0.000178515,
0.000205952,0.00035306,0.000630931,0.00207259,0.0332236,0.932615,0.0242631,0.00316446,0.0012259,0.00052959,0.000647277,0.000205952,0.000166723,9.80722e-05,0.000111149,8.49959e-05,6.21124e-05,0.000111149,0.000120956,0.000107879,
9.75457e-05,0.000169421,0.000336276,0.00060581,0.00184823,0.0261987,0.93544,0.0296282,0.00298541,0.00103706,0.00068282,0.000251565,0.000151453,0.000123216,5.39068e-05,7.70098e-05,5.13398e-05,7.95768e-05,0.000100113,8.21437e-05,
7.96694e-05,8.67511e-05,0.000116848,0.000267335,0.000497491,0.00147654,0.0303718,0.927285,0.0351378,0.00281499,0.00094187,0.000348775,0.000200059,9.56033e-05,5.84242e-05,3.00973e-05,4.42608e-05,5.66538e-05,4.24904e-05,4.78017e-05,
3.67092e-05,3.5562e-05,5.50637e-05,9.75087e-05,0.000172074,0.000364797,0.00129973,0.0345307,0.930103,0.0298078,0.00235512,0.000564403,0.000195017,0.000120452,6.07995e-05,5.04751e-05,5.27694e-05,2.29432e-05,3.78563e-05,3.67092e-05,
2.17277e-05,3.55544e-05,4.64182e-05,6.81459e-05,8.29602e-05,0.000179747,0.000399987,0.00155155,0.0383227,0.922204,0.0343949,0.00184784,0.000374308,0.000187648,8.29602e-05,5.7282e-05,4.14801e-05,3.55544e-05,2.46905e-05,4.04925e-05,
5.45997e-05,5.71691e-05,5.71691e-05,7.19431e-05,8.35054e-05,0.000129112,0.000183712,0.000350723,0.00134444,0.0338235,0.949921,0.0123665,0.000770819,0.000289057,0.000124616,0.000107915,7.70819e-05,7.77242e-05,5.39573e-05,5.5242e-05,
3.50293e-05,3.69754e-05,6.42205e-05,7.58969e-05,6.03283e-05,0.000110926,0.000179039,0.000383377,0.000974983,0.00360413,0.0526549,0.919621,0.0194004,0.00171255,0.000504033,0.0001985,0.000147902,9.53576e-05,8.36812e-05,5.64362e-05,
7.63711e-05,7.36435e-05,8.18261e-05,6.00058e-05,7.90986e-05,0.000106374,0.00016638,0.000253661,0.000482774,0.00124648,0.0036849,0.0330278,0.931563,0.0258461,0.00183291,0.00069825,0.000357307,0.000163652,0.000111829,8.72812e-05,
0.000127166,9.37013e-05,0.000100394,7.69689e-05,8.36618e-05,0.000127166,0.000140552,0.000204135,0.000337994,0.000575593,0.00143564,0.00315572,0.0383305,0.924256,0.0274712,0.00208485,0.000682681,0.000374805,0.000204135,0.000137205,
0.000151718,6.55145e-05,6.20664e-05,6.55145e-05,7.24108e-05,8.62033e-05,0.000113788,0.000175855,0.000234473,0.000265506,0.000810311,0.00104823,0.00266541,0.0326642,0.929255,0.0289747,0.00198268,0.000706867,0.000334469,0.000265506,
0.000232449,0.000130172,7.74831e-05,8.36817e-05,9.91784e-05,8.67811e-05,9.6079e-05,0.000105377,0.000167363,0.000254145,0.000613666,0.000508289,0.000985585,0.00247016,0.0338694,0.937948,0.0195257,0.00169843,0.00064156,0.000406011,
0.000339622,0.000264513,0.000176342,9.47022e-05,0.000120827,0.000127358,0.000104499,9.79678e-05,0.000150217,0.000137155,0.00103193,0.00038534,0.000476777,0.00101887,0.00228592,0.0235286,0.947434,0.0197601,0.00171444,0.000751087,
0.000910972,0.000486056,0.000287354,0.000293468,0.000204816,0.000220101,0.000207873,0.000247613,0.000431031,0.000675587,0.00172107,0.000544138,0.000565536,0.000693929,0.000950713,0.00247308,0.0235233,0.94116,0.0222913,0.00211236,
0.0023649,0.0010731,0.000549266,0.000422121,0.000233947,0.00019326,0.000137317,0.000111888,0.000183089,0.000162746,0.00101716,0.000284805,0.000376349,0.000467893,0.000635725,0.00116973,0.00271582,0.0250476,0.94134,0.0215129,
0.0265886,0.00325242,0.00133111,0.000740899,0.000510676,0.000468817,0.000552535,0.000560906,0.000573464,0.000895776,0.00205108,0.000870661,0.000657181,0.000556721,0.000644624,0.000778572,0.00133111,0.00341148,0.0373254,0.916898,


0.93192,0.0252811,0.00290151,0.00139345,0.000741965,0.000476547,0.000271451,0.000211128,0.000211128,0.000193032,0.000735933,0.000180967,0.000193032,0.000186999,0.000271451,0.00040416,0.000573062,0.00119438,0.00268435,0.0299742,
0.0270705,0.943391,0.018153,0.00179342,0.000891071,0.000570736,0.000417337,0.000415081,0.000428616,0.000595551,0.00168514,0.000367708,0.000236867,0.000243634,0.00025717,0.00020754,0.000302287,0.000485013,0.000665483,0.00182275,
0.00215321,0.025088,0.942465,0.0214849,0.00266401,0.0012102,0.000644391,0.000365417,0.000306478,0.000239682,0.000891931,0.000192531,0.000137522,0.000129664,0.000121806,0.00020039,0.000196461,0.000259328,0.00040078,0.00084871,
0.00105195,0.0025478,0.037527,0.925651,0.0252766,0.0029171,0.00113402,0.000723681,0.000447638,0.000264852,0.000544626,0.000152943,0.000130561,0.000134291,0.000126831,0.000152943,0.000149213,0.00023874,0.000331998,0.000496132,
0.00037452,0.000706237,0.00204738,0.0274327,0.93448,0.0281889,0.00306036,0.0012377,0.00056713,0.000296049,0.000588531,0.000139107,0.000114139,9.27382e-05,6.77702e-05,8.56045e-05,7.13371e-05,0.00013554,0.000103439,0.000210444,
0.000211229,0.00040296,0.000685682,0.00201155,0.032487,0.932696,0.025068,0.0030157,0.00120563,0.000617438,0.00059794,0.000188481,0.000146235,0.000152735,9.42406e-05,8.44916e-05,7.79922e-05,6.17438e-05,8.77412e-05,0.000107239,
9.50675e-05,0.000184996,0.000280064,0.000601238,0.00162643,0.026344,0.934815,0.0303908,0.00297022,0.00107915,0.000714291,0.000236384,0.000172149,8.99287e-05,7.1943e-05,5.39573e-05,4.36797e-05,6.93736e-05,7.70818e-05,8.479e-05,
3.95536e-05,7.73093e-05,0.000145629,0.000251705,0.00056274,0.0015318,0.0290539,0.92739,0.0360441,0.00291258,0.00105716,0.000329014,0.000177991,0.000125852,6.47241e-05,5.93304e-05,2.33726e-05,3.41599e-05,5.75325e-05,6.11283e-05,
3.10089e-05,3.78998e-05,4.59391e-05,0.000104511,0.000206726,0.000408858,0.00135176,0.0337032,0.929951,0.0306747,0.00236931,0.00058113,0.000219359,0.000106808,6.43147e-05,4.01967e-05,4.01967e-05,2.75635e-05,1.83756e-05,1.72272e-05,
3.64929e-05,3.05751e-05,4.33969e-05,6.50954e-05,9.17253e-05,0.000155834,0.00040438,0.00156722,0.0371221,0.922639,0.0351604,0.00184042,0.000398463,0.000177533,8.18624e-05,5.12873e-05,4.83284e-05,3.15614e-05,3.25477e-05,2.16985e-05,
6.10435e-05,5.46178e-05,6.6184e-05,7.32522e-05,7.77501e-05,0.000112448,0.000188271,0.000334133,0.00132304,0.0326923,0.950741,0.0126296,0.000868745,0.000274374,0.000141364,8.86737e-05,8.16055e-05,7.32522e-05,5.97583e-05,5.91158e-05,
5.26168e-05,6.43094e-05,5.65143e-05,5.65143e-05,7.60021e-05,0.000113029,0.000196826,0.00042873,0.000960744,0.00368123,0.0508668,0.920798,0.0198677,0.00161943,0.000541758,0.000224109,0.000155902,0.000107182,6.43094e-05,6.8207e-05,
7.10897e-05,6.83555e-05,6.83555e-05,7.92924e-05,7.65582e-05,0.000131243,0.000172256,0.000292562,0.000497628,0.0012386,0.00363925,0.0319138,0.931683,0.0268364,0.00187294,0.000642542,0.000308967,0.000166787,0.00012304,0.000117571,
0.000129817,7.32301e-05,0.000129817,8.3216e-05,5.99155e-05,0.00012316,0.000129817,0.000189732,0.000376136,0.00063577,0.00167763,0.00364819,0.0380796,0.923308,0.0277908,0.00210703,0.000735629,0.000369479,0.000229676,0.00012316,
0.000102834,7.29507e-05,5.62511e-05,2.90045e-05,5.8009e-05,7.29507e-05,7.82242e-05,7.29507e-05,0.000128323,0.000213578,0.00121819,0.000491318,0.00101604,0.0155947,0.963141,0.0163111,0.000640735,0.00033487,0.000227641,0.00013887,
0.000198144,0.00011637,0.000119515,7.23382e-05,8.17736e-05,8.80639e-05,0.00010379,0.000125806,0.000147822,0.000182418,0.000874349,0.000427739,0.000874349,0.00249095,0.0334863,0.938157,0.0198867,0.00166063,0.000616447,0.000289353,
0.000392242,0.000273581,0.000201065,0.000148327,0.000115365,9.22923e-05,7.91077e-05,8.89961e-05,0.000112069,0.000158215,0.00114706,0.000323023,0.000418611,0.000945996,0.00241608,0.023673,0.947242,0.0198527,0.00157886,0.000741634,
0.000892448,0.000406407,0.000313043,0.000252631,0.00019222,0.000186728,0.000244393,0.000392677,0.000420137,0.000549199,0.00175744,0.000604118,0.000494279,0.000735926,0.00111213,0.00255103,0.0233464,0.943548,0.0200705,0.00193043,
0.00229289,0.00100314,0.000583457,0.000342909,0.000230312,0.000194486,0.000194486,0.000163778,0.000102361,0.000255902,0.000962193,0.000214958,0.000317319,0.000486215,0.000731881,0.00112597,0.00280981,0.0248737,0.940779,0.0223352,
0.0272785,0.00286645,0.00137315,0.000557842,0.000459147,0.000424818,0.000429109,0.000424818,0.000583588,0.000789561,0.00177651,0.000553551,0.000459147,0.000562133,0.000514931,0.000750941,0.00121009,0.00287503,0.0282225,0.927888,


0.93101,0.0259592,0.0031192,0.00143315,0.000752704,0.000445601,0.000307103,0.000264952,0.000240865,0.000240865,0.000626249,0.000240865,0.000192692,0.000180649,0.000283017,0.000349255,0.000608185,0.00120433,0.00280608,0.0297348,
0.0269075,0.940912,0.0193418,0.00214678,0.000974626,0.000701731,0.000434033,0.000361261,0.000478216,0.000602969,0.00168415,0.000483414,0.000304083,0.000301484,0.000254702,0.000262499,0.000353464,0.00054839,0.000816087,0.00213118,
0.00146789,0.0246965,0.950102,0.0165306,0.00183789,0.000930181,0.000503128,0.000295652,0.000214391,0.000169438,0.00111345,0.000129672,0.000122756,0.000124485,0.000127943,0.000157335,0.000184999,0.000288737,0.000392474,0.000610323,
0.000801966,0.00217677,0.0279099,0.935935,0.0252601,0.00280873,0.00122328,0.000683704,0.000465658,0.000299351,0.000831532,0.000114567,0.000129349,9.97838e-05,9.97838e-05,0.000129349,0.000125654,0.000177393,0.00031783,0.000410222,
0.000342294,0.000787988,0.00208229,0.0264279,0.935103,0.0286778,0.00283818,0.00110889,0.000698849,0.000324466,0.000492047,0.000199671,8.91389e-05,6.77456e-05,7.13112e-05,0.000103401,0.000110532,8.91389e-05,0.000124795,0.000260286,
0.000181052,0.000292224,0.000736913,0.00197569,0.0316301,0.933697,0.0250646,0.003062,0.00122289,0.000536803,0.000647975,0.000212815,0.000120701,9.84668e-05,8.57614e-05,5.08216e-05,7.94087e-05,7.94087e-05,8.57614e-05,0.000139759,
0.000106879,0.000173381,0.000306386,0.000622273,0.00172431,0.0264632,0.934657,0.0302016,0.00302111,0.00105929,0.000655524,0.000287386,0.000154381,9.97537e-05,8.31281e-05,8.55032e-05,4.98769e-05,7.12526e-05,7.36277e-05,0.000104504,
8.90268e-05,0.00012061,0.000181944,0.000326127,0.000791629,0.0026232,0.0702369,0.90179,0.0179356,0.00324136,0.00136744,0.000460239,0.000240304,0.0001467,8.81114e-05,7.52952e-05,6.52253e-05,6.61408e-05,7.41509e-05,8.03301e-05,
3.83394e-05,4.83807e-05,4.6555e-05,9.94999e-05,0.000168876,0.000412605,0.00145507,0.0346963,0.931016,0.0286259,0.00222551,0.000564137,0.000234601,0.000125972,6.48119e-05,4.01651e-05,4.56422e-05,2.9211e-05,3.01238e-05,3.19495e-05,
3.15813e-05,2.86206e-05,4.04636e-05,5.32935e-05,0.0001056,0.000165802,0.000373054,0.00152281,0.0360481,0.922428,0.0364932,0.0018258,0.000467798,0.000149024,8.48748e-05,5.03327e-05,3.65159e-05,3.35552e-05,2.3686e-05,3.75028e-05,
5.45368e-05,5.06871e-05,5.45368e-05,7.31434e-05,9.55997e-05,0.000118698,0.000166818,0.000359301,0.00131337,0.0318129,0.951306,0.0129874,0.000840508,0.000265626,0.000136021,0.000104582,7.69931e-05,7.31434e-05,6.09528e-05,4.94039e-05,
4.87481e-05,4.67982e-05,6.82474e-05,6.23976e-05,5.2648e-05,0.000130645,0.000169644,0.000349037,0.000920365,0.00378676,0.0494599,0.921968,0.0201544,0.00164184,0.000547929,0.000230091,0.000136495,9.35964e-05,6.23976e-05,7.01973e-05,
9.86639e-05,8.22199e-05,4.9332e-05,6.02946e-05,6.30353e-05,0.000106886,0.000139774,0.000271326,0.000528948,0.00121137,0.00363412,0.0313094,0.931919,0.0272806,0.00190476,0.000583762,0.000356286,0.000189106,0.000126071,8.49606e-05,
0.000120944,9.07081e-05,8.06294e-05,6.38316e-05,8.3989e-05,9.07081e-05,9.40677e-05,0.000221731,0.000346035,0.000621519,0.00157899,0.00320502,0.0368073,0.924561,0.028479,0.00215348,0.000725665,0.000356113,0.000174697,0.000144461,
0.000113686,7.57907e-05,9.64609e-05,8.95709e-05,7.23457e-05,7.23457e-05,8.95709e-05,0.000110241,0.000230817,0.000330723,0.000771687,0.00105074,0.00273191,0.030802,0.929415,0.0307228,0.00203946,0.000678671,0.000313498,0.000192922,
0.00022728,0.000111993,0.000121875,0.000105405,0.000102111,9.22297e-05,8.23479e-05,0.000131757,0.000158108,0.000237162,0.000708192,0.000540202,0.000919003,0.00273395,0.0340822,0.936039,0.020778,0.00183801,0.000645608,0.000345861,
0.000471751,0.000252256,0.000144146,0.000114662,0.000127766,0.000131042,0.00012449,0.00014087,0.00012449,0.000153974,0.000940225,0.000412782,0.000527443,0.00096971,0.00232272,0.0236072,0.947072,0.0200691,0.00160854,0.000684694,
0.000998909,0.000599345,0.000386879,0.000228322,0.000171242,0.000171242,0.000244178,0.000351997,0.000396393,0.000665939,0.00177901,0.000596174,0.000602517,0.000719849,0.00102745,0.00254643,0.0239675,0.940585,0.0219157,0.00204539,
0.0022193,0.00115274,0.000657172,0.000436319,0.000269333,0.000199306,0.000247786,0.000134666,0.00017776,0.000220853,0.000958824,0.000280106,0.000420159,0.000414772,0.000603305,0.00121738,0.00279567,0.0249618,0.939002,0.0236313,
0.0273825,0.00278571,0.00118881,0.00081176,0.000399226,0.000399226,0.000452457,0.000483508,0.000607711,0.00103799,0.00208041,0.000696428,0.000572224,0.000527866,0.000572224,0.000762966,0.00125978,0.00314058,0.0279148,0.926924,


0.931843,0.0258096,0.00326301,0.00118983,0.000745143,0.000444682,0.000258396,0.000222341,0.000180277,0.000240369,0.000636977,0.000168258,0.000192295,0.000222341,0.000282433,0.000378581,0.000727115,0.00114175,0.00281832,0.0292348,
0.026787,0.935823,0.0221221,0.00238565,0.00118315,0.00072859,0.000554502,0.000554502,0.000583517,0.000934917,0.00210517,0.000499697,0.000396534,0.000299818,0.000274027,0.000303042,0.000431996,0.000641546,0.000976827,0.00241466,
0.00186292,0.0250175,0.942215,0.0219631,0.00267019,0.0010673,0.000617092,0.000395871,0.000283319,0.000260033,0.00102461,0.000147481,9.70271e-05,0.000155243,0.000163006,0.000147481,0.000182411,0.000349298,0.000485135,0.00089653,
0.000849519,0.00205429,0.0251535,0.938742,0.0254277,0.00290381,0.00103487,0.0006912,0.000312778,0.000316639,0.000810905,0.000158319,9.65363e-05,0.000135151,0.000123566,0.000127428,0.000123566,0.00021238,0.000324362,0.000401591,
0.000363505,0.000733742,0.0018007,0.0256675,0.936908,0.0281548,0.00263205,0.00111071,0.000592379,0.000339945,0.000582282,0.000151461,9.42421e-05,9.08764e-05,7.40474e-05,8.75106e-05,0.000111071,0.000111071,0.000117803,0.000275995,
0.000200428,0.000364414,0.000646834,0.00204375,0.0299548,0.935465,0.0249198,0.00296997,0.00113576,0.000567878,0.000710607,0.000267237,0.000136655,0.000118434,7.28828e-05,6.9846e-05,8.50299e-05,7.59195e-05,9.11034e-05,0.000103251,
0.000115423,0.000171852,0.000336009,0.00062072,0.00171596,0.0250391,0.935245,0.0313463,0.0027958,0.000984944,0.000654064,0.000246236,0.000192372,0.000135943,7.95137e-05,6.92539e-05,5.64291e-05,6.1559e-05,6.66889e-05,6.66889e-05,
7.09435e-05,8.33586e-05,0.00013834,0.000250076,0.000503699,0.00147917,0.0275811,0.926879,0.0381924,0.00293529,0.000920492,0.000340529,0.000195095,0.000111736,7.27171e-05,5.32076e-05,4.61133e-05,4.78869e-05,5.49812e-05,4.43397e-05,
3.76853e-05,5.27594e-05,4.95293e-05,9.90585e-05,0.000157202,0.000369316,0.00125115,0.0325515,0.931412,0.0306403,0.00226327,0.000567433,0.000208884,0.000103365,6.46034e-05,4.41456e-05,3.98387e-05,1.9381e-05,3.55319e-05,3.33784e-05,
2.07322e-05,1.6125e-05,2.57781e-05,3.22501e-05,5.95639e-05,0.00011485,0.00030144,0.00130733,0.0706301,0.91617,0.010076,0.000816892,0.000199972,8.73165e-05,4.30001e-05,2.7972e-05,2.21582e-05,1.7222e-05,1.45893e-05,1.70026e-05,
5.14105e-05,5.97647e-05,5.97647e-05,7.45452e-05,8.93257e-05,0.000120172,0.000163871,0.000374654,0.00130968,0.0309343,0.951789,0.0133783,0.000819997,0.000284686,0.00014652,9.5752e-05,7.26173e-05,6.04073e-05,6.42631e-05,5.07678e-05,
1.28382e-05,1.35443e-05,1.25815e-05,1.52775e-05,1.82303e-05,2.86935e-05,4.61535e-05,9.37834e-05,0.000299067,0.0012828,0.0712537,0.919358,0.00653768,0.000683829,0.000177425,7.51037e-05,3.55619e-05,2.29163e-05,1.9129e-05,1.3416e-05,
7.10489e-05,7.92469e-05,6.2851e-05,6.55836e-05,8.74448e-05,0.000136633,0.000169424,0.000237741,0.000541065,0.00116411,0.00356611,0.0311959,0.931626,0.0276763,0.00193745,0.000650371,0.000295126,0.00017489,0.000161226,0.000101108,
0.000132675,0.000109457,0.000126041,9.95061e-05,0.000102823,0.000155893,0.000179111,0.000202329,0.000354905,0.000786098,0.00156556,0.00363197,0.0353976,0.924909,0.0289331,0.00190057,0.000683275,0.000338321,0.000235498,0.000155893,
0.00014448,0.00011696,0.00011696,8.94402e-05,7.22402e-05,0.00010664,8.94402e-05,0.00011696,0.000216721,0.000330241,0.000853122,0.00111112,0.00273137,0.0306539,0.928892,0.0312181,0.00194016,0.000646722,0.000340561,0.00021328,
0.000136211,7.95968e-05,7.00676e-05,6.76386e-05,6.80123e-05,6.44622e-05,6.68912e-05,8.87523e-05,0.000109119,0.000171339,0.000707776,0.000343238,0.000588755,0.00169956,0.0340639,0.946762,0.0133812,0.000917979,0.000375936,0.000237296,
0.000375043,0.000195968,0.000125014,0.000125014,0.000138529,0.000145287,0.000121636,0.000108121,0.000148666,0.000243271,0.0009866,0.000385179,0.000473027,0.000868343,0.00259151,0.0235297,0.945676,0.0213133,0.00172317,0.000726435,
0.000601312,0.000357617,0.000308086,0.000211995,0.000202088,0.000195154,0.000222892,0.00032988,0.000375449,0.000489371,0.0017237,0.000602303,0.00056565,0.000677591,0.000828166,0.00197829,0.0234888,0.947063,0.0182276,0.00155133,
0.00216046,0.00114285,0.000621001,0.000412261,0.000260925,0.000198303,0.000177429,0.000182647,0.00010437,0.00020874,0.000975859,0.000193084,0.000318328,0.000396606,0.000678405,0.00116894,0.00273971,0.0251062,0.939825,0.0231284,
0.0275919,0.00311626,0.00123422,0.00074606,0.000488163,0.000417548,0.000494303,0.000552637,0.000675445,0.000988606,0.00201713,0.00088729,0.000675445,0.000641673,0.000607901,0.000755271,0.0011544,0.00333117,0.0354363,0.918188,


0.932067,0.0267778,0.00324067,0.00141477,0.000695293,0.000507866,0.000320439,0.000259979,0.000199519,0.000229749,0.000677155,0.000157197,0.000266025,0.000211611,0.000326485,0.000374853,0.000610648,0.00107619,0.00278117,0.0278057,
0.0270987,0.935181,0.0231765,0.00245014,0.00118091,0.000834159,0.000605174,0.000529937,0.000503767,0.000853787,0.00139681,0.000464512,0.000392546,0.000310765,0.000300952,0.000310765,0.000435071,0.000428529,0.000886499,0.0026595,
0.00194067,0.0242527,0.943922,0.0213246,0.00256731,0.00113174,0.00058486,0.000406364,0.000243059,0.000227867,0.000835514,0.000174698,0.000125327,6.45624e-05,9.87426e-05,0.000144316,0.000208878,0.000338003,0.000524095,0.000884885,
0.000869637,0.00211198,0.0251103,0.938839,0.0251555,0.00286491,0.00120093,0.000617405,0.000391525,0.000297408,0.000764227,0.000229644,0.000116705,9.41166e-05,0.000135528,0.000139293,0.000180704,0.000229644,0.000259762,0.000391525,
0.000366656,0.000726522,0.0020234,0.0250277,0.937302,0.0282189,0.00261412,0.0011475,0.000526219,0.000322522,0.000566959,9.5059e-05,0.000139193,8.14791e-05,0.000101849,8.48741e-05,8.14791e-05,0.000132404,0.000193513,0.000247832,
0.000210478,0.000301989,0.000695491,0.00199191,0.0296407,0.936003,0.025056,0.00278501,0.00106459,0.000576525,0.000661937,0.000186074,0.000125066,0.000112865,7.01592e-05,0.000128117,7.93104e-05,9.1512e-05,9.1512e-05,0.000128117,
0.00011303,0.000161838,0.000300557,0.000560013,0.00194463,0.0238596,0.935426,0.0317101,0.00306722,0.0010481,0.000734695,0.000331384,0.000164407,0.000123306,8.73414e-05,6.42216e-05,8.22037e-05,5.13773e-05,6.42216e-05,0.000105323,
4.50522e-05,0.000102719,0.000127948,0.00020724,0.000502782,0.00153177,0.0269917,0.926693,0.0390494,0.00277882,0.00106684,0.000313563,0.000165792,0.000117136,6.84793e-05,6.1271e-05,4.1448e-05,4.50522e-05,4.68543e-05,4.32501e-05,
3.32704e-05,4.24484e-05,5.62155e-05,7.91606e-05,0.000156027,0.000378594,0.00128378,0.0307063,0.930794,0.0329973,0.00232204,0.000591983,0.000244365,9.75167e-05,5.50682e-05,3.55649e-05,3.78594e-05,2.98286e-05,2.17978e-05,3.67122e-05,
3.55609e-05,2.76585e-05,3.85243e-05,5.82804e-05,7.21097e-05,0.000161012,0.000387219,0.00156172,0.0342797,0.922658,0.0380176,0.00186201,0.000410926,0.000177805,7.11219e-05,5.82804e-05,4.24756e-05,3.65487e-05,1.67927e-05,2.66707e-05,
2.49275e-05,2.11189e-05,1.85024e-05,1.85731e-05,2.09489e-05,3.18914e-05,5.95819e-05,0.000171123,0.000960934,0.0594664,0.932087,0.00621767,0.000593085,0.000118617,4.89189e-05,2.93894e-05,2.67089e-05,2.82411e-05,2.88944e-05,2.76097e-05,
4.67419e-05,6.23225e-05,7.59556e-05,3.89516e-05,9.15362e-05,0.000109064,0.000196705,0.000356407,0.000956261,0.00373546,0.04659,0.923443,0.0215558,0.00158338,0.000535584,0.000270713,0.000111012,9.15362e-05,7.79032e-05,7.20604e-05,
8.76235e-05,3.83353e-05,7.94088e-05,6.57176e-05,8.48852e-05,9.30999e-05,0.000164294,0.000227273,0.000509311,0.00111446,0.00352411,0.0302985,0.93219,0.0282969,0.00195236,0.000624317,0.000287514,0.000147865,0.000115006,9.85764e-05,
7.0878e-05,6.10641e-05,5.45215e-05,5.67024e-05,7.41493e-05,7.63301e-05,8.17823e-05,0.00015266,0.000233352,0.000392555,0.0014361,0.00139684,0.0189331,0.957535,0.0176377,0.000901786,0.000396917,0.000205001,0.000186464,0.000116676,
