0.931294,0.0237241,0.00299635,0.00135979,0.000523459,0.000415157,0.000324906,0.000324906,0.000258721,0.000162453,0.000613711,0.000174486,0.000252705,0.000258721,0.000210587,0.000451258,0.000619728,0.00124547,0.002509,0.03228,
0.026974,0.949959,0.0147333,0.00153272,0.000779771,0.000438741,0.000331451,0.000237572,0.000216497,0.000206917,0.00121468,0.000164767,0.000132197,0.000105374,0.000166683,0.00018201,0.000226076,0.000402339,0.000622667,0.0013737,
0.00176112,0.0246815,0.947823,0.0180506,0.00231692,0.000878942,0.000539645,0.000410388,0.000203578,0.000155107,0.000749686,0.000180959,0.000135719,0.000135719,0.000132488,0.00020681,0.000177727,0.000248818,0.000439471,0.000772306,
0.00135024,0.00314667,0.0404159,0.927494,0.0181555,0.00267764,0.00134334,0.000865811,0.000611911,0.000391474,0.00104057,0.000224686,0.000163601,0.000165726,0.000165195,0.00018591,0.000225748,0.000305955,0.000403691,0.000666091,
0.000378407,0.000721114,0.00227044,0.0294229,0.934996,0.025496,0.00291659,0.00109238,0.000621158,0.000346278,0.000492643,0.000153505,0.000139225,0.000110666,8.21071e-05,0.000110666,0.000128515,0.000117806,0.000185633,0.000217762,
0.000305678,0.000503884,0.00103723,0.00356201,0.0854761,0.887452,0.0153623,0.00272064,0.00117216,0.00059629,0.000592273,0.000220303,0.000148989,0.000118521,0.000102786,0.000102786,9.24066e-05,0.00011216,0.00014631,0.000175439,
0.000238459,0.000306841,0.000569408,0.00145793,0.0052724,0.0764252,0.886713,0.0200959,0.00429533,0.00194449,0.00106912,0.000436152,0.000232322,0.000170954,0.000126243,0.000108709,0.000109148,0.000111339,0.000136325,0.000180598,
6.89782e-05,6.71629e-05,0.000127065,0.000237793,0.00050826,0.00144673,0.0319786,0.928277,0.0324506,0.00298058,0.000927575,0.000364858,0.000183337,8.89455e-05,7.80542e-05,5.44564e-05,3.26739e-05,2.90434e-05,5.44564e-05,4.35652e-05,
4.47128e-05,4.35663e-05,6.53495e-05,8.48397e-05,0.000159361,0.000382925,0.00126916,0.0379543,0.929275,0.0273149,0.00228494,0.000538847,0.000223564,0.000122674,5.50312e-05,5.38847e-05,3.66874e-05,2.86621e-05,3.5541e-05,2.63691e-05,
8.73033e-05,0.00010982,0.0001274,0.000188828,0.000355534,0.000663268,0.0018948,0.00850081,0.0708156,0.893844,0.0195544,0.00205498,0.000767163,0.000357114,0.000213913,0.00013056,9.95494e-05,8.23653e-05,7.90075e-05,7.3477e-05,
0.000112392,0.000116704,0.000121287,0.000125501,0.000154012,0.0002305,0.000407749,0.00122017,0.00688787,0.0594411,0.923725,0.00553984,0.00081158,0.000322414,0.000189619,0.00013489,0.000120474,0.00011217,0.000108818,0.00011801,
5.57159e-05,4.61097e-05,4.22672e-05,8.26132e-05,6.53221e-05,0.000113353,0.000178675,0.000393854,0.00100289,0.00351971,0.0568859,0.916653,0.0181595,0.00175601,0.000472624,0.000224785,0.000130644,9.22194e-05,6.14796e-05,6.34008e-05,
0.000271094,0.000210434,0.00016718,0.000145865,0.00016645,0.000227684,0.000385483,0.000859142,0.00227871,0.00807753,0.0208822,0.0728961,0.873108,0.0159214,0.00200037,0.000864145,0.000486166,0.000383711,0.000347023,0.000320967,
0.000270565,0.00022681,0.000178531,0.000159287,0.000156046,0.000194399,0.000283125,0.00050163,0.00108213,0.00278445,0.00570571,0.0076231,0.0429125,0.919434,0.0150976,0.00138281,0.000753559,0.000507032,0.000404261,0.000342613,
0.000290928,0.000232758,0.000189131,0.000161375,0.000156996,0.000177716,0.000228927,0.000338465,0.000612818,0.00128451,0.00295518,0.00253196,0.00341968,0.0337455,0.93581,0.015054,0.00125144,0.000722903,0.000469191,0.000366768,
0.000385702,0.000287576,0.000224701,0.000186048,0.000179555,0.000190584,0.000255623,0.000348184,0.000535984,0.000906844,0.00229329,0.00137026,0.0017639,0.00258437,0.0340933,0.935523,0.0161327,0.00147148,0.000750584,0.0005164,
0.000606736,0.000427321,0.000327931,0.000281938,0.000259582,0.000302727,0.000387166,0.000471605,0.00069801,0.0011071,0.00265249,0.00124224,0.00126416,0.00163951,0.00292162,0.0236012,0.938607,0.0202095,0.00204063,0.000951469,
0.000804792,0.000522364,0.000368683,0.00029286,0.000230522,0.000225433,0.000255712,0.000308635,0.000374026,0.000488524,0.00184876,0.000588264,0.000679862,0.000818023,0.00135413,0.00275736,0.0235563,0.945669,0.0172347,0.00162256,
0.00198529,0.00108931,0.000598887,0.000363105,0.000249929,0.000221635,0.000254645,0.000226351,0.00029237,0.000249929,0.00109403,0.000198057,0.000410261,0.000405546,0.000580024,0.00115533,0.00239555,0.0248137,0.943252,0.0201641,
0.0274197,0.00312985,0.00128468,0.000709301,0.000481134,0.000535696,0.000515855,0.000500975,0.000580337,0.00103171,0.00188982,0.000813464,0.000729141,0.000729141,0.000615058,0.000818424,0.00124004,0.00361099,0.0311844,0.92218,


0.931207,0.0240627,0.00300934,0.00133279,0.000802089,0.000385968,0.000355814,0.000283445,0.000217107,0.000223138,0.000711628,0.000229168,0.000211076,0.00024123,0.000247261,0.000518644,0.000621167,0.00120012,0.00268368,0.0314564,
0.0270449,0.946156,0.0149976,0.00154014,0.000920782,0.000629558,0.000525141,0.000414811,0.000412975,0.000502912,0.00162947,0.000281231,0.000246969,0.000212912,0.000218418,0.000254923,0.000355261,0.000529016,0.000888559,0.00223822,
0.00218815,0.0250008,0.94553,0.0185943,0.00241848,0.00111875,0.000539633,0.00044092,0.000319173,0.000213879,0.000997006,0.000125037,0.000154651,0.000115166,0.000204008,0.000177684,0.000200717,0.000286269,0.000552795,0.000822612,
0.00104628,0.00217762,0.0291214,0.934824,0.0246726,0.00312608,0.00118238,0.000663494,0.000399798,0.000314734,0.000723038,0.000187139,0.000119089,0.000106329,0.000123342,0.000102076,0.000157367,0.000195646,0.000267949,0.000489114,
0.000243523,0.000365807,0.000757742,0.0168376,0.963195,0.0143218,0.00116326,0.000559161,0.000320865,0.000230981,0.00122284,0.000121239,7.62968e-05,5.33032e-05,6.27097e-05,7.42065e-05,8.77936e-05,7.73419e-05,9.30194e-05,0.000135871,
0.000219571,0.000350659,0.000720981,0.00210395,0.0356885,0.930478,0.0237924,0.00309694,0.00126827,0.000625942,0.000606279,0.000203185,0.000144196,8.19296e-05,8.52068e-05,0.000108147,8.8484e-05,7.86524e-05,0.000111424,0.000147473,
0.000134513,0.000201769,0.000300067,0.000589787,0.0017823,0.027601,0.935858,0.0276941,0.00303689,0.00109938,0.000667391,0.000310414,0.000214703,0.000103471,6.46697e-05,6.20829e-05,6.20829e-05,5.43225e-05,6.98432e-05,9.31243e-05,
5.98449e-05,6.16584e-05,0.000128757,0.000262955,0.000505962,0.0015197,0.031551,0.928634,0.0326119,0.00286168,0.000908555,0.000346375,0.000172281,9.24876e-05,7.61663e-05,6.16584e-05,3.26427e-05,2.72022e-05,4.17101e-05,4.35236e-05,
3.11851e-05,5.08202e-05,7.39202e-05,7.39202e-05,0.000166321,0.000390391,0.00133518,0.0367268,0.929748,0.0280112,0.00227305,0.000574037,0.000204436,0.000105105,7.50753e-05,4.62002e-05,3.58051e-05,2.42551e-05,2.54101e-05,2.88751e-05,
3.66682e-05,1.38744e-05,4.26144e-05,6.83812e-05,8.82019e-05,0.000170458,0.000410287,0.00155394,0.0410525,0.921518,0.0323513,0.00181656,0.000437045,0.000165502,8.62198e-05,5.54978e-05,4.85606e-05,2.9731e-05,2.9731e-05,2.47758e-05,
5.54988e-05,5.80801e-05,6.90508e-05,7.74401e-05,8.38935e-05,0.00011616,0.000171659,0.000349771,0.00132745,0.0368241,0.947525,0.0117625,0.000818284,0.00025168,0.000138102,0.000102608,8.19575e-05,6.96961e-05,5.16268e-05,6.58241e-05,
0.000206367,0.000165896,0.000133484,0.000126407,0.000149185,0.00024538,0.000533074,0.00134329,0.00502922,0.032028,0.134733,0.801568,0.018571,0.00289737,0.000862696,0.000382878,0.00025781,0.000251892,0.000265779,0.000249216,
5.26128e-05,4.70746e-05,6.64582e-05,8.03037e-05,6.64582e-05,0.000132916,0.000168915,0.000271371,0.000567664,0.00116579,0.00355552,0.0351509,0.931398,0.0239139,0.00195498,0.000714426,0.000263064,0.000185529,0.000143993,9.96874e-05,
0.000138568,0.000101391,6.75943e-05,0.000104771,7.77334e-05,0.000101391,0.00011491,0.000229821,0.000300795,0.000493438,0.00158847,0.00333578,0.0396778,0.924294,0.0258312,0.00202107,0.000736778,0.000331212,0.000219681,0.0002332,
0.000146635,8.86628e-05,8.18425e-05,9.5483e-05,8.52527e-05,8.18425e-05,9.88931e-05,0.000153455,0.000177326,0.00033078,0.000876397,0.0009787,0.00269739,0.0336236,0.930604,0.0266568,0.0019233,0.000685431,0.000412623,0.000201196,
0.000266497,0.000192785,9.35576e-05,7.65471e-05,8.22173e-05,8.22173e-05,7.93822e-05,0.000124743,0.000136084,0.000204126,0.000754131,0.000470623,0.000912895,0.00230208,0.0339501,0.940152,0.0177788,0.0015111,0.000518819,0.000311859,
0.00037922,0.00020376,0.00018112,0.0001415,7.924e-05,0.00010188,8.207e-05,0.00010754,0.00017263,0.00015565,0.00092258,0.00030281,0.00044714,0.00078391,0.00228098,0.0236928,0.950062,0.0177979,0.00148858,0.00061694,
0.000721524,0.00041268,0.000314169,0.000218321,0.000189034,0.000258258,0.00025027,0.00026092,0.000386055,0.000471254,0.00145103,0.000508528,0.000535152,0.000596389,0.000942507,0.00212197,0.0234056,0.946674,0.0184082,0.00187436,
0.00192114,0.000879944,0.000546677,0.000404553,0.000355086,0.00038094,0.000468965,0.000566554,0.000775481,0.00121351,0.002932,0.00107423,0.000803278,0.00077294,0.000816579,0.00112758,0.0024046,0.0251579,0.937355,0.0200431,
0.021915,0.0026781,0.00134052,0.000866255,0.000663502,0.000551253,0.000525395,0.000500124,0.000563007,0.00070464,0.00168079,0.000592392,0.00058005,0.000575349,0.000730499,0.00103316,0.00186474,0.00393282,0.0377138,0.920989,


0.930635,0.0245422,0.00312186,0.00115754,0.000730772,0.00052031,0.000309847,0.000181231,0.000251386,0.000257232,0.000625541,0.000169539,0.000169539,0.00019877,0.000268924,0.000391694,0.000637233,0.00125108,0.00288216,0.031698,
0.0270519,0.937859,0.0213267,0.00238786,0.00104094,0.000561479,0.000457384,0.000438458,0.000492083,0.000760204,0.00170336,0.000488928,0.000356444,0.000331209,0.000324901,0.000350136,0.000378525,0.000580405,0.000921078,0.00218914,
0.0018545,0.0246971,0.94729,0.0181362,0.00233642,0.000988251,0.00058868,0.000405671,0.000250113,0.000152508,0.00118956,0.000112856,9.7605e-05,9.45549e-05,0.000112856,0.000167759,0.00018911,0.000262313,0.000362969,0.000710687,
0.000888312,0.00216099,0.0298695,0.93397,0.0248855,0.00317742,0.00131538,0.000555195,0.000435614,0.000324575,0.000773002,0.000136663,0.000149476,0.000128122,7.68731e-05,0.00011958,0.000145205,0.000170829,0.000273327,0.000444156,
0.000544487,0.00100989,0.00277126,0.0562083,0.915589,0.016851,0.00238191,0.00119614,0.00064863,0.000448121,0.000736785,0.000219955,0.000170692,0.00011754,0.000125318,0.000136122,0.000135689,0.000152111,0.000241994,0.000315456,
0.000190533,0.000325219,0.00075556,0.00197431,0.0354062,0.931192,0.02381,0.00305838,0.00112677,0.000611018,0.000551887,0.000183962,0.000151112,0.000111691,6.24158e-05,8.21261e-05,6.57009e-05,0.000101836,7.8841e-05,0.000160967,
0.000106826,0.000155383,0.000291343,0.000597254,0.00180633,0.0286755,0.935625,0.0271556,0.00296442,0.00104641,0.000643383,0.000235503,0.000155383,0.000116537,6.06966e-05,7.0408e-05,5.82687e-05,7.76916e-05,7.76916e-05,8.01194e-05,
6.17047e-05,7.22826e-05,0.000151617,0.000216848,0.000520082,0.0015673,0.0309987,0.927799,0.0339005,0.00278905,0.000983749,0.000343783,0.000174536,0.000107542,6.17047e-05,6.52307e-05,5.81787e-05,3.70228e-05,3.70228e-05,5.46527e-05,
3.69817e-05,3.46703e-05,6.24066e-05,8.66758e-05,0.000166418,0.000397553,0.00130938,0.0359751,0.929835,0.0286458,0.00237492,0.000551258,0.000190687,0.000124813,4.96942e-05,4.27601e-05,3.81374e-05,2.19579e-05,1.84908e-05,3.69817e-05,
3.17332e-05,2.87583e-05,4.06582e-05,6.64415e-05,8.72664e-05,0.0001547,0.000381791,0.00155989,0.0399641,0.922084,0.0329966,0.00174533,0.000440299,0.000147758,7.93331e-05,6.04915e-05,3.66916e-05,3.27249e-05,2.28083e-05,3.86749e-05,
4.39738e-05,5.69072e-05,5.69072e-05,7.11341e-05,8.85942e-05,0.000117048,0.000179128,0.000386711,0.00133473,0.0361296,0.948022,0.0119576,0.000797348,0.000282596,0.000139035,9.57076e-05,6.79007e-05,6.9194e-05,5.62606e-05,4.72071e-05,
5.3298e-05,4.5684e-05,3.61665e-05,6.0912e-05,8.7561e-05,0.000125631,0.000156087,0.00033692,0.000955557,0.00372896,0.0541831,0.918401,0.0189931,0.00172076,0.000506331,0.000226517,0.00014657,9.70785e-05,8.18505e-05,5.7105e-05,
6.90594e-05,5.80099e-05,6.62971e-05,8.28713e-05,7.18218e-05,0.000146406,0.000135357,0.000273475,0.000522089,0.00116849,0.00372368,0.0342977,0.931037,0.0250437,0.00195576,0.000640872,0.000317673,0.000176792,0.000121545,9.11585e-05,
0.000124212,0.000117498,0.000114141,8.72841e-05,9.73553e-05,9.06411e-05,0.000140997,0.000255138,0.000386064,0.000788914,0.00166511,0.00338394,0.0380894,0.925412,0.0256481,0.00207467,0.000711701,0.000372636,0.00027528,0.000164497,
0.000109955,9.96471e-05,9.6211e-05,7.90305e-05,8.24666e-05,9.6211e-05,0.000116828,0.000134008,0.0002474,0.000329866,0.000834974,0.00110643,0.0028073,0.0337598,0.929556,0.0275438,0.00181083,0.000621935,0.000350483,0.000216475,
0.000177757,0.000149541,0.000115683,8.46461e-05,0.000121326,8.74676e-05,7.61814e-05,9.59322e-05,0.000169292,0.000234187,0.00105808,0.000536092,0.000840817,0.0023588,0.0340164,0.939151,0.0182835,0.00152363,0.000623559,0.000296261,
0.000363451,0.000299484,0.000165734,0.000104674,0.000101766,0.000127935,0.000101766,9.30435e-05,0.000125027,0.000159919,0.00115723,0.000348913,0.000439049,0.000834484,0.00210511,0.0232434,0.950446,0.017623,0.00156139,0.000598968,
0.000782488,0.000492325,0.000306811,0.000171243,0.000156973,0.00014746,0.00023546,0.00023546,0.000292541,0.000413838,0.00153881,0.000492325,0.000444757,0.000637406,0.000860974,0.00222617,0.0234722,0.946232,0.0189414,0.00191935,
0.00223493,0.00105865,0.000526768,0.000357998,0.00024037,0.000219913,0.000199456,0.000173885,0.000163656,0.000143199,0.00108934,0.000281284,0.000368226,0.000378455,0.000634167,0.00115071,0.00280772,0.0251621,0.940245,0.0225641,
0.0275521,0.00342899,0.00116865,0.000678103,0.000476115,0.000408786,0.000495352,0.000466496,0.000851236,0.00107246,0.0020824,0.000798334,0.000750242,0.00069734,0.000581918,0.000836808,0.00147644,0.00357808,0.0307166,0.921883,


0.931422,0.024262,0.00347721,0.00134621,0.000555388,0.000470872,0.000289768,0.000229399,0.000205252,0.000217326,0.000694235,0.000156957,0.000156957,0.000138847,0.000229399,0.000289768,0.000633867,0.00133414,0.00276487,0.0311259,
0.0269869,0.952566,0.0133547,0.00111396,0.000645898,0.000480867,0.000317258,0.000187794,0.000136578,0.000160763,0.00126761,9.81652e-05,9.81652e-05,0.000125196,0.000138,0.000147959,0.000214825,0.000374166,0.00048229,0.00110258,
0.0018195,0.0246484,0.951853,0.0140645,0.0014683,0.00084032,0.000554495,0.000399181,0.000274002,0.000248503,0.00138972,0.000167369,0.000125642,0.000130742,0.000152069,0.000153923,0.000210254,0.000292547,0.000451107,0.000756636,
0.00104356,0.00217444,0.0287131,0.934941,0.0249013,0.00313941,0.00126188,0.000637488,0.000392972,0.000327477,0.00074228,0.000157189,0.000126624,0.000100426,0.000113525,0.000174654,0.000161555,0.000170288,0.00027508,0.000445368,
0.000361259,0.000683172,0.00198871,0.0278634,0.934812,0.0273913,0.00307249,0.00115531,0.000672442,0.000329067,0.00055083,0.000153803,0.000118035,0.000121612,6.79596e-05,7.15364e-05,8.58437e-05,0.000107305,0.000200302,0.000193148,
0.000150757,0.00033101,0.00074723,0.002009,0.0341235,0.931766,0.0244423,0.00290043,0.00131093,0.000580086,0.000544036,0.000222858,0.000140925,0.000111429,0.000114706,9.83197e-05,9.50424e-05,9.50424e-05,0.000117984,9.83197e-05,
0.000144828,0.000142242,0.000297414,0.000612932,0.00185173,0.0266845,0.935606,0.0289526,0.00303363,0.00108362,0.000620691,0.000258621,0.000131897,0.000134483,5.68966e-05,8.27588e-05,6.46553e-05,4.9138e-05,8.5345e-05,0.000106035,
6.35106e-05,6.69436e-05,0.00013732,0.000272924,0.000504652,0.00157403,0.030837,0.927818,0.0339662,0.00279618,0.00105393,0.00031412,0.000156202,0.000118439,8.06756e-05,5.14951e-05,3.433e-05,4.63456e-05,5.14951e-05,5.66446e-05,
4.26762e-05,4.03694e-05,4.38297e-05,8.88127e-05,0.000161478,0.000397927,0.00126875,0.0349864,0.930449,0.0291202,0.0022826,0.000567479,0.000220302,9.22729e-05,5.76706e-05,4.15228e-05,2.76819e-05,4.03694e-05,2.88353e-05,4.15228e-05,
3.7674e-05,4.65968e-05,2.97427e-05,6.44424e-05,8.9228e-05,0.000180439,0.000361869,0.00162593,0.0388935,0.922561,0.0335468,0.0017449,0.000363852,0.000168542,8.42709e-05,5.65111e-05,3.7674e-05,3.7674e-05,3.46998e-05,3.46998e-05,
7.54895e-05,5.80689e-05,6.90374e-05,7.41991e-05,7.87156e-05,0.000128397,0.000180013,0.000380028,0.00132978,0.0349368,0.948746,0.0123532,0.000811674,0.000265826,0.000130978,8.90389e-05,8.25868e-05,8.51677e-05,6.19401e-05,6.32305e-05,
5.22595e-05,4.06463e-05,5.80662e-05,5.0324e-05,6.96794e-05,0.000112261,0.000185812,0.000379366,0.000996802,0.00369107,0.0528402,0.919551,0.0190941,0.00171102,0.000505176,0.000236136,0.000185812,0.000104519,8.32282e-05,5.22595e-05,
7.18403e-05,8.56557e-05,6.07879e-05,7.18403e-05,8.84188e-05,0.000102234,0.000163022,0.000284598,0.00056367,0.00118813,0.00345386,0.0334803,0.931514,0.0255061,0.00208337,0.000624458,0.000290124,0.000179601,9.11819e-05,9.67081e-05,
0.000111522,7.77277e-05,0.000118281,0.000118281,6.08303e-05,0.000121661,0.000182491,0.000206147,0.000280495,0.000486643,0.00139234,0.00330849,0.0385225,0.924881,0.0266673,0.00203782,0.000736723,0.000310911,0.000243321,0.000135179,
0.000172485,6.55444e-05,8.27929e-05,5.51953e-05,6.89941e-05,6.55444e-05,8.27929e-05,0.000175935,0.000224231,0.000293225,0.00069684,0.000965917,0.00258728,0.0324065,0.93052,0.028498,0.0017835,0.000655444,0.000420864,0.000179385,
0.000139342,0.000160547,8.78463e-05,7.87588e-05,7.27004e-05,0.000121167,7.27004e-05,0.000118138,0.000178722,0.00026051,0.000733062,0.000411969,0.000923901,0.00244152,0.03363,0.938889,0.0191111,0.00164485,0.000578574,0.000345327,
0.000381662,0.000286247,0.000196795,9.54156e-05,9.83973e-05,8.34886e-05,7.15617e-05,0.000101379,0.000125233,0.000193813,0.00116586,0.000363772,0.00051584,0.000816996,0.00200373,0.024164,0.94864,0.0186299,0.00137756,0.000688781,
0.000936495,0.000496799,0.00034262,0.000282662,0.000208427,0.000245545,0.000245545,0.000299793,0.000362606,0.000656689,0.00174165,0.000642413,0.000599585,0.000656689,0.00114492,0.00239263,0.0234666,0.944424,0.0189983,0.00185586,
0.00217337,0.00100566,0.00048615,0.000276438,0.000181115,0.000257373,0.000142985,0.000138219,0.000190647,0.000176348,0.00108192,0.000204945,0.000300269,0.000443254,0.000676796,0.00106286,0.0028597,0.0246363,0.942835,0.0208711,
0.0138023,0.000896009,0.000462595,0.000297811,0.000257474,0.000182806,0.000141611,0.000169074,0.000164783,0.000239451,0.00163839,0.000203404,0.000203404,0.000196538,0.000320984,0.000326992,0.000466886,0.00094922,0.0143756,0.964705,


0.915496,0.0194304,0.00254846,0.00127187,0.000839905,0.000648534,0.00050796,0.000489059,0.00052371,0.000624121,0.00129077,0.000401249,0.000361084,0.000350453,0.000421331,0.000567025,0.000833605,0.00135692,0.0036325,0.048405,
0.0270391,0.941931,0.0187705,0.00199766,0.000942994,0.000496312,0.000464052,0.000416902,0.00042931,0.000580686,0.00172469,0.000342456,0.000280417,0.00031764,0.000215896,0.00027049,0.000382161,0.000511202,0.00085862,0.00202744,
0.00134773,0.0246527,0.951484,0.0160594,0.00169857,0.000688839,0.000438547,0.000265267,0.000241736,0.000132634,0.00109958,0.000102684,6.63168e-05,7.05953e-05,0.000106963,0.00011552,0.000181836,0.000280242,0.000329445,0.000637497,
0.000822375,0.00216845,0.0271547,0.936538,0.0248349,0.00308084,0.00141154,0.000630078,0.000413233,0.000237302,0.000834649,0.000163657,0.000167748,0.00017184,0.000139108,0.000102285,0.000188205,0.000196388,0.000261851,0.000482787,
0.000379531,0.000859316,0.00195136,0.0274444,0.935251,0.0274695,0.0029539,0.00110995,0.000608682,0.000358048,0.000515589,0.000175444,0.000121736,0.000110995,7.87706e-05,0.000110995,6.44487e-05,0.000100253,0.0001468,0.000189766,
0.000207002,0.000358146,0.000634149,0.00208645,0.0331893,0.932547,0.0243178,0.0031806,0.00123215,0.000532291,0.00064072,0.000207002,0.000167573,9.85723e-05,0.000111715,9.20009e-05,5.91434e-05,0.00010843,0.000121573,0.00010843,
9.8413e-05,0.000170928,0.000339266,0.000608606,0.00186208,0.0258412,0.935589,0.0297984,0.0030016,0.00104629,0.000660403,0.000256392,0.000152799,0.000124311,5.43861e-05,7.76944e-05,5.17963e-05,8.02843e-05,0.000103593,8.28741e-05,
8.02578e-05,8.73919e-05,0.000114144,0.00026931,0.000501166,0.00148031,0.0298666,0.927602,0.0353027,0.00282864,0.000943475,0.000344217,0.000201536,9.63094e-05,5.88557e-05,3.03196e-05,4.45877e-05,5.70722e-05,4.28042e-05,4.81547e-05,
3.69702e-05,3.46595e-05,5.42999e-05,9.8202e-05,0.000169832,0.000368546,0.00130897,0.0341119,0.930371,0.029947,0.00235685,0.00056495,0.000196404,0.000117842,6.12318e-05,5.0834e-05,5.19893e-05,2.1951e-05,3.92808e-05,3.69702e-05,
2.18162e-05,3.56993e-05,4.66074e-05,6.94153e-05,8.32984e-05,0.000182463,0.000398642,0.00155391,0.0379156,0.922484,0.0345113,0.00185339,0.000374843,0.000188413,8.23067e-05,5.75155e-05,3.96659e-05,3.56993e-05,2.47912e-05,4.06575e-05,
5.36335e-05,5.42797e-05,5.62183e-05,6.97882e-05,8.46505e-05,0.000127945,0.000178994,0.000350879,0.00134471,0.0339655,0.949742,0.0124236,0.000767024,0.000289492,0.000124068,0.000106621,7.68962e-05,7.56039e-05,5.29873e-05,5.49259e-05,
3.50786e-05,3.70274e-05,6.43107e-05,7.79523e-05,6.04131e-05,0.000111082,0.000173444,0.000385864,0.000970507,0.0036053,0.0525068,0.919764,0.0194082,0.00171495,0.000504741,0.000194881,0.000150058,9.74404e-05,8.185e-05,5.65155e-05,
7.99596e-05,7.44452e-05,8.27169e-05,6.0659e-05,7.99596e-05,0.000104775,0.000168191,0.00025918,0.00048803,0.00124627,0.00368917,0.0332356,0.931348,0.0258021,0.0018501,0.000697579,0.000361197,0.000170948,0.000113046,8.82313e-05,
0.000128324,9.45543e-05,9.79313e-05,7.42927e-05,8.44235e-05,0.000128324,0.000138455,0.000185732,0.000327563,0.000584211,0.00145546,0.0031777,0.0368222,0.925498,0.0276943,0.00210383,0.000688896,0.000378217,0.00019924,0.000138455,
0.00015176,6.55328e-05,6.55328e-05,6.55328e-05,7.58801e-05,8.27783e-05,0.000110371,0.000175904,0.000234539,0.00026558,0.000820885,0.00104853,0.0026627,0.0326353,0.929266,0.0289828,0.00197978,0.000707065,0.000338011,0.00026558,
0.000225829,0.000123742,7.73386e-05,8.35257e-05,9.89934e-05,8.97127e-05,9.28063e-05,0.00010518,0.000163958,0.000259858,0.000621802,0.000507341,0.00098684,0.00246865,0.0339733,0.937897,0.0194831,0.00169835,0.00063727,0.000405254,
0.00034282,0.000264461,0.000179572,9.46837e-05,0.000124068,0.000130598,9.79486e-05,9.79486e-05,0.000146923,0.000137128,0.00102193,0.00038853,0.000479948,0.0010154,0.00227894,0.0234685,0.947535,0.0197301,0.00171737,0.000747675,
0.000910972,0.000486056,0.00028124,0.000293468,0.000204816,0.000220101,0.000207873,0.000247613,0.000431031,0.000675587,0.00173635,0.000544138,0.000565536,0.000693929,0.000950713,0.00247613,0.0235844,0.941111,0.0222669,0.00211236,
0.0023615,0.00106878,0.00054966,0.000417335,0.000229025,0.000193399,0.000147594,0.000111968,0.00018322,0.000162862,0.0010128,0.000295188,0.000376619,0.000468229,0.00064636,0.00117057,0.00271776,0.0249892,0.94142,0.0214775,
0.0266178,0.00324761,0.00132838,0.000741712,0.000502856,0.000469332,0.000557332,0.000561522,0.000574094,0.00089676,0.00203657,0.000871617,0.000657903,0.000557332,0.000649522,0.000775236,0.00133257,0.00341942,0.0371317,0.917071,


0.931989,0.0252853,0.00289873,0.00139501,0.000748837,0.000477082,0.000265717,0.000211365,0.000211365,0.000193248,0.000724681,0.00018117,0.000193248,0.000187209,0.000271756,0.000404614,0.000573706,0.00119572,0.00267528,0.0299173,
0.0270405,0.943413,0.0181582,0.00179547,0.000888688,0.000574368,0.000411555,0.000413817,0.000429646,0.000596981,0.00168466,0.000368591,0.000237436,0.000239697,0.000257787,0.000208039,0.000300752,0.000483917,0.000667081,0.00182939,
0.00215443,0.0247306,0.942823,0.0214891,0.00266645,0.00122097,0.000638057,0.000366292,0.000303274,0.000236317,0.000882251,0.000192992,0.000137852,0.000129974,0.000126036,0.000196931,0.000208747,0.00025601,0.000401739,0.000838926,
0.00106016,0.00254214,0.0375385,0.925651,0.0252646,0.00291916,0.00113108,0.000716725,0.00044422,0.000261306,0.000548743,0.000153051,0.000130653,0.000138119,0.00012692,0.000153051,0.000149318,0.000238908,0.000332232,0.000500215,
0.000375532,0.000708147,0.00204933,0.0271742,0.93465,0.0282687,0.00307221,0.00124105,0.000565087,0.000296849,0.000575816,0.000135907,0.000118024,9.2989e-05,6.79535e-05,8.5836e-05,7.153e-05,0.000135907,0.000103718,0.000211013,
0.000215492,0.000401599,0.000692186,0.00201779,0.0324609,0.932633,0.0251113,0.00302995,0.00121459,0.000613825,0.0005975,0.000189372,0.000146926,0.000153456,9.79509e-05,8.48908e-05,8.16257e-05,6.20355e-05,8.81558e-05,0.000107746,
9.5875e-05,0.000181385,0.000279851,0.000603754,0.00164024,0.0260832,0.934963,0.0304857,0.00298249,0.0010909,0.000697037,0.000235801,0.000173612,8.81014e-05,6.99629e-05,5.44156e-05,3.88683e-05,6.99629e-05,8.03277e-05,8.55102e-05,
3.98468e-05,7.78825e-05,0.000146709,0.000253571,0.000568723,0.0015341,0.028543,0.927682,0.0362244,0.00293599,0.00105775,0.000331453,0.000179311,0.000124974,6.52039e-05,5.97703e-05,2.35459e-05,3.2602e-05,5.7959e-05,6.15815e-05,
3.00666e-05,3.7005e-05,4.50998e-05,0.000105233,0.000206997,0.000409368,0.00135993,0.0333473,0.930177,0.0307905,0.00237526,0.000582829,0.000218561,0.000107546,6.47588e-05,3.93178e-05,3.93178e-05,2.77538e-05,1.85025e-05,1.73461e-05,
3.56551e-05,3.0703e-05,4.35785e-05,6.33869e-05,9.2109e-05,0.000155496,0.000403101,0.00157378,0.0367654,0.92285,0.0352986,0.00184614,0.000396168,0.000179266,8.22048e-05,5.15018e-05,4.75401e-05,3.16934e-05,3.26838e-05,2.07988e-05,
5.88138e-05,5.17044e-05,6.65694e-05,7.10936e-05,7.69103e-05,0.000115042,0.000188721,0.000338664,0.00132557,0.0328271,0.950553,0.0126805,0.00086928,0.000272741,0.000142187,9.24216e-05,7.94955e-05,7.30325e-05,5.94601e-05,5.81675e-05,
5.26799e-05,6.43866e-05,5.46311e-05,5.85333e-05,7.60933e-05,0.000111213,0.000197062,0.000431195,0.000959946,0.00367979,0.0507269,0.920929,0.0198799,0.00161552,0.000540457,0.000224378,0.000156089,0.000109262,6.43866e-05,6.82888e-05,
7.18498e-05,6.90863e-05,6.90863e-05,8.29036e-05,7.73767e-05,0.000124355,0.000171334,0.000287399,0.000500185,0.00123803,0.00364776,0.0320782,0.931566,0.0267613,0.0018902,0.000641121,0.000315034,0.000165807,0.000124355,0.000118829,
0.000131041,7.39205e-05,0.000127681,8.40006e-05,6.04804e-05,0.000120961,0.000134401,0.000188161,0.000372963,0.000645124,0.00166993,0.00368259,0.0367284,0.924416,0.0279789,0.00212353,0.000742565,0.000369603,0.000228482,0.000120961,
0.000102945,7.30294e-05,5.45521e-05,2.90358e-05,5.89515e-05,7.21496e-05,7.65489e-05,7.12697e-05,0.000128461,0.000211169,0.00122038,0.000492729,0.00101449,0.0155359,0.963208,0.0163058,0.000643187,0.000334352,0.000227887,0.00013902,
0.000200905,0.000116148,0.000119288,7.22004e-05,8.16178e-05,8.78961e-05,0.000103592,0.000125566,0.00014754,0.00018207,0.000872683,0.000430063,0.000863265,0.00249248,0.0335575,0.938162,0.0198268,0.00165747,0.000612133,0.000288801,
0.000392282,0.000273609,0.000197789,0.000145046,0.000115377,9.23017e-05,7.91158e-05,8.90052e-05,0.000112081,0.000158232,0.00113729,0.000319759,0.000415358,0.000952685,0.00241962,0.0235765,0.947332,0.0198745,0.00158231,0.000735117,
0.000892524,0.000403695,0.000310324,0.000255399,0.000192236,0.000186743,0.000244414,0.000389964,0.000420173,0.000546499,0.00176308,0.00060417,0.000497067,0.000735989,0.00111222,0.00255124,0.0233869,0.943529,0.0200475,0.0019306,
0.00229513,0.000998996,0.000573782,0.000343245,0.000220291,0.000194676,0.000194676,0.000163938,0.000102461,0.000256153,0.000973381,0.000215168,0.000317629,0.00048669,0.000732597,0.00112707,0.00280743,0.0248622,0.940777,0.022357,
0.0272638,0.00286128,0.00138338,0.000554212,0.000463991,0.000429622,0.000429622,0.000421029,0.000584285,0.000786207,0.00177434,0.000554212,0.000459695,0.000571397,0.000506953,0.000751838,0.00121153,0.00287417,0.0279469,0.928172,


0.930963,0.0259976,0.00311778,0.00143527,0.000759846,0.00045229,0.000307557,0.000265343,0.000241221,0.00022916,0.000609083,0.000247252,0.000192977,0.000180916,0.000289465,0.00034374,0.000603053,0.00120611,0.00281023,0.0297486,
0.0268364,0.940952,0.0193335,0.00215338,0.00097241,0.000706496,0.000435369,0.000359766,0.000479688,0.000604823,0.00169716,0.000484902,0.000305019,0.000299805,0.000255486,0.000265914,0.000354552,0.00054747,0.000821204,0.00213513,
0.00146923,0.024565,0.950223,0.0165509,0.00183783,0.000929299,0.000498395,0.000297653,0.000212856,0.000169593,0.00110927,0.00012979,0.000121138,0.000124599,0.00012806,0.000157479,0.000185168,0.000289,0.000392832,0.000609149,
0.000802838,0.00217913,0.0279329,0.935951,0.0252432,0.00280808,0.00122831,0.000669649,0.000455065,0.000295977,0.000825037,0.000114691,0.00012579,9.98923e-05,9.98923e-05,0.00013319,0.00012579,0.000181286,0.000321875,0.000406969,
0.000343224,0.000790129,0.00208079,0.0261958,0.935324,0.0287414,0.00283875,0.0010976,0.000693598,0.000314622,0.000468357,0.000189488,8.58059e-05,6.79297e-05,7.15049e-05,0.000103682,0.000110833,8.93812e-05,0.000128709,0.000264568,
0.000185175,0.000293726,0.000737508,0.00197946,0.0316171,0.933634,0.0251423,0.00306497,0.00122918,0.000529984,0.000628957,0.000213909,0.000118129,9.89729e-05,8.62022e-05,5.10828e-05,8.30095e-05,7.98169e-05,8.62022e-05,0.000140478,
0.000107732,0.000174765,0.000306438,0.000624846,0.00173329,0.0262363,0.93475,0.0302847,0.00304283,0.00106296,0.000660757,0.000292074,0.000158007,0.000102944,7.66095e-05,8.37916e-05,5.0275e-05,7.18214e-05,7.42154e-05,0.000105338,
8.92432e-05,0.000120903,0.000182845,0.00032669,0.000792635,0.00262728,0.0701109,0.901888,0.0179544,0.00324694,0.00136526,0.000459522,0.000239282,0.000146597,8.80961e-05,7.54782e-05,6.53838e-05,6.63015e-05,7.41017e-05,8.05253e-05,
3.85434e-05,4.86381e-05,4.68027e-05,0.000100947,0.000168857,0.0004148,0.00146006,0.0345358,0.931102,0.0286818,0.00223001,0.000568056,0.000235849,0.000124807,6.51567e-05,4.03788e-05,4.5885e-05,2.93664e-05,3.02841e-05,3.21195e-05,
3.07291e-05,2.77553e-05,4.06417e-05,5.3528e-05,0.000104082,0.000166532,0.000373705,0.00152357,0.0357399,0.922593,0.036637,0.00183086,0.000466884,0.000148689,8.22746e-05,5.05543e-05,3.46941e-05,3.37028e-05,2.37902e-05,3.76679e-05,
5.48379e-05,5.16121e-05,5.41927e-05,7.16118e-05,9.54825e-05,0.000111611,0.000162578,0.000354833,0.00131934,0.0319382,0.951152,0.013034,0.000839988,0.000258706,0.000138062,0.000103869,8.0644e-05,7.09667e-05,5.99991e-05,4.77412e-05,
4.88078e-05,4.68555e-05,6.83309e-05,6.2474e-05,5.07601e-05,0.000130805,0.000169851,0.000349464,0.000923444,0.00378358,0.049331,0.922083,0.0201654,0.0016419,0.0005486,0.000230373,0.000136662,9.3711e-05,6.44263e-05,7.02833e-05,
9.9734e-05,8.31117e-05,4.9867e-05,6.09486e-05,5.81782e-05,0.000105275,0.00014129,0.000274269,0.000526374,0.00121897,0.00365414,0.0315381,0.931898,0.0270168,0.00192265,0.000592863,0.00035738,0.000191157,0.000124668,8.58821e-05,
0.000122051,9.49288e-05,8.13675e-05,6.10256e-05,8.13675e-05,9.15385e-05,9.15385e-05,0.000223761,0.000342422,0.000617037,0.00153242,0.0032208,0.0357203,0.92543,0.0286956,0.00217319,0.000732308,0.000359373,0.000179687,0.000149174,
0.000117152,7.23586e-05,9.64782e-05,8.95869e-05,6.8913e-05,7.23586e-05,8.61412e-05,0.000110261,0.000230859,0.000334228,0.000754597,0.00105092,0.0027324,0.0307352,0.929471,0.0307559,0.00203638,0.000678793,0.000313554,0.000192956,
0.00022351,0.000111755,0.000121616,0.000105181,9.86073e-05,8.87466e-05,8.21728e-05,0.000131476,0.000157772,0.000236658,0.000709973,0.000539053,0.000917048,0.00273142,0.034197,0.936007,0.020724,0.00182752,0.000644235,0.000345126,
0.000468412,0.000252222,0.000147402,0.000111371,0.000127749,0.000131024,0.000121197,0.000140851,0.000124473,0.000153953,0.000956477,0.000419278,0.000530648,0.000976131,0.00231585,0.0236007,0.94704,0.0200893,0.00160832,0.000684602,
0.0010059,0.00059021,0.000380781,0.000234815,0.000168178,0.000174524,0.000244334,0.000352222,0.000393473,0.000669539,0.00175476,0.000602903,0.000602903,0.00072031,0.00102811,0.00254488,0.0239003,0.940747,0.0218409,0.00204352,
0.00221122,0.00115415,0.00065258,0.000436851,0.000269661,0.000194156,0.000258875,0.00013483,0.000177976,0.000237302,0.00093842,0.000280447,0.000420671,0.000415278,0.000604041,0.00121887,0.00280987,0.0249436,0.939019,0.0236223,
0.0274197,0.00279748,0.0011856,0.0008126,0.00040408,0.000399639,0.000452925,0.000484008,0.00061278,0.00103906,0.00206924,0.000701589,0.000577257,0.000528412,0.000572817,0.000754874,0.00125664,0.00313939,0.0277838,0.927008,


0.931903,0.0258117,0.00326105,0.00119131,0.000746071,0.000445236,0.000252701,0.000228635,0.000180501,0.000240668,0.00060167,0.000174484,0.000198551,0.000222618,0.000282785,0.000385069,0.000722004,0.00114919,0.00282785,0.029175,
0.0267511,0.935899,0.0220839,0.0023934,0.001187,0.000734191,0.000556303,0.000556303,0.000582178,0.000934718,0.00208614,0.000498085,0.000397821,0.000297557,0.000274917,0.000300792,0.000433399,0.00064363,0.000976765,0.0024128,
0.00186329,0.0247013,0.942537,0.0219705,0.00266462,0.00108141,0.000618504,0.000396776,0.000280077,0.000264517,0.00099583,0.000151708,9.7249e-05,0.000147819,0.000167268,0.000151708,0.000186718,0.000350096,0.000482355,0.000890801,
0.00084638,0.00205218,0.0252329,0.938678,0.0254146,0.00290243,0.00103962,0.00069179,0.000305315,0.000316909,0.000815462,0.000150725,0.000100483,0.000131401,0.000127537,0.000127537,0.000123672,0.000212561,0.000328504,0.000401934,
0.000367826,0.000732277,0.00180201,0.0254812,0.937085,0.028191,0.00262877,0.00111023,0.000583797,0.00033408,0.000560175,0.000151855,9.44873e-05,9.11128e-05,7.42401e-05,8.77382e-05,0.00011136,0.00011136,0.000118109,0.000283462,
0.00020443,0.00036004,0.000643801,0.0020504,0.0299535,0.935443,0.0249252,0.00298711,0.00113504,0.000570573,0.000710927,0.000265454,0.000131201,0.000115945,7.32286e-05,7.01774e-05,8.54333e-05,7.62797e-05,9.45869e-05,0.00010374,
0.000116435,0.000173359,0.000331193,0.000623574,0.00172841,0.0249041,0.935278,0.031409,0.00282031,0.000993578,0.000649448,0.00024322,0.000194058,0.000137134,7.50358e-05,6.9861e-05,5.69237e-05,6.20986e-05,6.72735e-05,6.72735e-05,
6.96457e-05,8.21462e-05,0.000141077,0.000257153,0.000505378,0.00148935,0.0272529,0.927088,0.0382962,0.00294655,0.000916109,0.000341085,0.000194651,0.000108933,7.32173e-05,5.17878e-05,4.46447e-05,4.82163e-05,5.00021e-05,4.28589e-05,
3.79289e-05,5.31005e-05,4.98494e-05,9.96988e-05,0.000158218,0.00037062,0.00125274,0.0323328,0.931561,0.0307051,0.00226815,0.00056785,0.000204816,0.000104034,6.5021e-05,4.22636e-05,4.00963e-05,1.95063e-05,3.46779e-05,3.25105e-05,
2.07419e-05,1.61326e-05,2.56805e-05,3.21555e-05,5.93725e-05,0.000114794,0.000301142,0.00130806,0.070617,0.916181,0.010078,0.000816728,0.000199847,8.73576e-05,4.31301e-05,2.79852e-05,2.20589e-05,1.72301e-05,1.47059e-05,1.70106e-05,
5.17027e-05,5.94581e-05,6.01044e-05,7.17374e-05,8.72482e-05,0.00011827,0.000161571,0.000369028,0.0013126,0.0310597,0.951638,0.0134175,0.000820134,0.000281133,0.000146706,9.88813e-05,7.10912e-05,6.01044e-05,6.33358e-05,5.17027e-05,
1.28388e-05,1.34807e-05,1.25178e-05,1.52781e-05,1.81669e-05,2.86305e-05,4.61554e-05,9.39798e-05,0.000299143,0.00128279,0.0712515,0.919361,0.00653744,0.000683857,0.000177496,7.51068e-05,3.55634e-05,2.29814e-05,1.91298e-05,1.34165e-05,
7.17756e-05,8.00574e-05,6.07332e-05,6.62544e-05,9.10998e-05,0.000132509,0.000171157,0.000237412,0.000541078,0.00116773,0.00358326,0.0313963,0.931686,0.0273631,0.00195174,0.000657023,0.000300905,0.000176678,0.000162875,0.000102142,
0.000127165,0.00010374,0.000127165,9.70471e-05,0.00010374,0.00016063,0.000180708,0.00020748,0.00035807,0.000789763,0.00154941,0.00365767,0.034512,0.925555,0.0291342,0.00191417,0.000689369,0.000341338,0.000234252,0.000157283,
0.000144478,0.000113518,0.000116958,8.94387e-05,6.8799e-05,0.000106638,8.94387e-05,0.000116958,0.000213277,0.000330235,0.000853107,0.0011111,0.00272444,0.0305811,0.928934,0.0312691,0.00193325,0.00064671,0.000340555,0.000216717,
0.000136082,7.95214e-05,7.01879e-05,6.75745e-05,6.79478e-05,6.45878e-05,6.68278e-05,8.88549e-05,0.000109015,0.000171363,0.000712706,0.000344033,0.000588757,0.00169851,0.0340902,0.94673,0.013384,0.000917109,0.00037558,0.000237257,
0.00037843,0.000192594,0.000121638,0.000125017,0.000138532,0.00014529,0.000118259,0.000108123,0.00014529,0.000239897,0.00100014,0.000391945,0.000473037,0.000868361,0.00259495,0.023537,0.945709,0.021263,0.00172321,0.00072645,
0.000600298,0.000356613,0.000308074,0.000210996,0.00020208,0.000194156,0.000222883,0.000329867,0.000375434,0.000490342,0.00172561,0.000602279,0.000564637,0.000678554,0.000828134,0.00197722,0.0235008,0.947063,0.0182189,0.00155027,
0.00215182,0.00113336,0.00062152,0.000417829,0.000261143,0.000198469,0.0001828,0.000188023,0.00010968,0.000208914,0.000924446,0.000188023,0.000318594,0.000386492,0.000678972,0.0011647,0.00274722,0.0250436,0.940036,0.023038,
0.0275953,0.00312214,0.00123226,0.000746732,0.000497821,0.000417924,0.000494748,0.000553135,0.000676054,0.000989497,0.00200665,0.000891162,0.000676054,0.000645324,0.000611521,0.000755951,0.00116158,0.00333417,0.0354191,0.918173,


0.932059,0.0267367,0.00323989,0.00139891,0.000696425,0.000514749,0.000320961,0.000254347,0.000199844,0.000230123,0.000678258,0.000157453,0.000266458,0.000211955,0.000327017,0.000375464,0.000617699,0.001084,0.0027857,0.0278449,
0.0271692,0.935222,0.0230817,0.00244464,0.00118141,0.000837787,0.000602159,0.000523617,0.000503981,0.00085415,0.0013974,0.00046471,0.000386167,0.000310897,0.00030108,0.00031417,0.000438529,0.000422166,0.000877058,0.00266717,
0.00194869,0.0240769,0.944044,0.0213747,0.00256907,0.0011342,0.000582323,0.000407245,0.000243586,0.000224556,0.000829714,0.000175077,0.000125599,6.47025e-05,9.51507e-05,0.000144629,0.000209332,0.000338737,0.000525232,0.000886805,
0.000881678,0.00211377,0.0250977,0.938867,0.0251354,0.00287111,0.00120948,0.000625464,0.000384321,0.000297661,0.000753571,0.000229839,0.000116804,9.04285e-05,0.000131875,0.000139411,0.000173321,0.000229839,0.000256214,0.000395625,
0.00036435,0.000732104,0.00202606,0.0248371,0.937444,0.0282797,0.00262536,0.00115434,0.000517581,0.000320083,0.000551632,9.19387e-05,0.000139611,8.85335e-05,9.8749e-05,8.17233e-05,8.17233e-05,0.0001328,0.000187282,0.00024517,
0.000208427,0.000303445,0.000698844,0.00200151,0.0296733,0.935933,0.0250879,0.00279538,0.00106666,0.000579305,0.000646737,0.000186971,0.000122604,0.000113409,6.74323e-05,0.000128734,7.66276e-05,9.50183e-05,8.88881e-05,0.000125669,
0.000114009,0.000160649,0.000300569,0.000562271,0.00196147,0.0237423,0.935419,0.0318085,0.00308601,0.0010494,0.000725511,0.000321298,0.000165831,0.000121782,8.80977e-05,6.47777e-05,8.29155e-05,5.18222e-05,6.47777e-05,0.000108827,
4.53726e-05,0.00010345,0.000127043,0.000206899,0.000506359,0.00153904,0.0267227,0.926858,0.0391185,0.00279858,0.00107079,0.000317608,0.000165156,0.000114339,6.71515e-05,6.17068e-05,4.17428e-05,4.53726e-05,4.71875e-05,4.35577e-05,
3.23359e-05,4.27296e-05,5.65879e-05,8.08398e-05,0.00015706,0.000379947,0.00128535,0.0305274,0.930895,0.0330508,0.00233396,0.000595905,0.000248294,9.70078e-05,5.65879e-05,3.58005e-05,3.81102e-05,2.77165e-05,2.19422e-05,3.69553e-05,
3.57149e-05,2.67862e-05,3.86912e-05,5.85328e-05,7.24219e-05,0.000157741,0.000386912,0.0015655,0.0340701,0.922733,0.0381425,0.00187007,0.000412706,0.000177583,7.14298e-05,5.75407e-05,4.26595e-05,3.6707e-05,1.68654e-05,2.67862e-05,
2.49232e-05,2.10988e-05,1.84853e-05,1.8524e-05,2.09018e-05,3.18293e-05,5.94637e-05,0.000171047,0.000961013,0.0594743,0.932079,0.00621798,0.000593056,0.000118535,4.88899e-05,2.93791e-05,2.66863e-05,2.82137e-05,2.88823e-05,2.76075e-05,
4.67956e-05,6.23941e-05,7.60428e-05,3.89963e-05,9.16413e-05,0.00010919,0.000202781,0.000362666,0.00095541,0.00373585,0.0464232,0.923614,0.0215396,0.0015813,0.000536199,0.000271024,0.000111139,9.16413e-05,7.79926e-05,7.21432e-05,
8.85818e-05,3.87545e-05,8.02773e-05,6.36682e-05,8.02773e-05,9.68863e-05,0.000166091,0.000224223,0.000520418,0.00111835,0.00356265,0.0305829,0.932235,0.0278728,0.00197371,0.000631145,0.000296195,0.000149482,0.000116264,0.000102423,
7.31235e-05,5.98284e-05,5.42887e-05,5.65046e-05,7.42315e-05,7.86632e-05,7.97711e-05,0.000148463,0.00023045,0.0003911,0.00140375,0.00141151,0.0180083,0.958438,0.0176649,0.000914044,0.000399964,0.000204968,0.000188349,0.000119657,
