0.931377,0.0237851,0.00300405,0.00136329,0.000524805,0.000410192,0.000325741,0.000325741,0.000259386,0.00016287,0.000597191,0.000174935,0.000253354,0.000259386,0.000205096,0.000452418,0.00062132,0.00124264,0.00251544,0.0321398,
0.0269069,0.950015,0.0147424,0.0015383,0.00078066,0.000437323,0.000331828,0.000237842,0.000216743,0.000207153,0.00121031,0.000164955,0.000134266,0.000105495,0.000164955,0.000182218,0.000222498,0.000402797,0.000623377,0.00137527,
0.00176627,0.0244134,0.948026,0.0181002,0.00232046,0.000881514,0.000541224,0.000408348,0.000204174,0.000155561,0.000755121,0.000181488,0.000136116,0.000132875,0.000132875,0.000204174,0.000171766,0.000249546,0.000440757,0.000777807,
0.00135095,0.00314939,0.0404037,0.927494,0.0181629,0.00267852,0.00134457,0.000866267,0.000612765,0.000391149,0.00103952,0.000224804,0.000163687,0.000165282,0.000165282,0.000186008,0.000225867,0.000305585,0.000403372,0.000666441,
0.000375856,0.000723076,0.0022802,0.0289803,0.935346,0.0255618,0.00292094,0.00109893,0.000619268,0.000350799,0.000493983,0.000153922,0.000139604,0.000110967,8.23305e-05,0.000110967,0.000128865,0.000118126,0.000186138,0.000218355,
0.000305887,0.000504228,0.00103794,0.00356444,0.0854447,0.887474,0.0153711,0.00272183,0.00117229,0.000596362,0.000588992,0.000220118,0.000148421,0.000118602,0.000102521,0.000102856,9.24697e-05,0.000112237,0.000146075,0.000174888,
0.000238543,0.000306949,0.000569171,0.00145757,0.00527426,0.076411,0.886716,0.0201021,0.00429641,0.00194606,0.00106994,0.000436745,0.000232404,0.000171014,0.000126288,0.000108748,0.000109186,0.000111379,0.000135935,0.000180661,
6.91189e-05,6.73e-05,0.000127324,0.000240097,0.000509297,0.00144968,0.0318711,0.928331,0.0325041,0.00298121,0.000922192,0.000365603,0.000183711,8.73081e-05,7.82135e-05,5.45676e-05,3.27405e-05,2.91027e-05,5.27487e-05,4.36541e-05,
4.47817e-05,4.36335e-05,6.54502e-05,8.49705e-05,0.000159607,0.000383515,0.00126882,0.0377854,0.929403,0.0273559,0.00228272,0.000539677,0.00022276,0.000122863,5.5116e-05,5.39677e-05,3.6744e-05,2.87062e-05,3.55957e-05,2.64097e-05,
8.73441e-05,0.000109872,0.000127459,0.000188719,0.0003557,0.000663775,0.00189568,0.00850379,0.0707673,0.893881,0.0195599,0.00205614,0.000767324,0.000357478,0.000214013,0.000130621,9.93983e-05,8.26014e-05,7.90444e-05,7.33137e-05,
0.000112385,0.000116698,0.00012138,0.000125398,0.000153913,0.000230487,0.000407838,0.00122031,0.00688888,0.0594463,0.923718,0.00554037,0.000811733,0.000322342,0.000189575,0.000134862,0.000120542,0.000112163,0.000108712,0.000118078,
5.591e-05,4.62703e-05,4.24145e-05,8.2901e-05,6.55496e-05,0.000113748,0.000179297,0.000395226,0.00100638,0.00353197,0.0567274,0.916752,0.0181919,0.00176406,0.000474271,0.000225568,0.000131099,9.06127e-05,6.16938e-05,6.16938e-05,
0.000271158,0.000210484,0.00016722,0.000145952,0.00016649,0.000227686,0.00038547,0.000859085,0.00227894,0.00807919,0.0208868,0.0728776,0.873116,0.0159251,0.00200064,0.000864298,0.000486125,0.000383802,0.000347054,0.000321043,
0.000270665,0.000226894,0.000178597,0.000159346,0.000156103,0.000194336,0.000283094,0.000501679,0.00108246,0.00278541,0.00570686,0.00762576,0.0428753,0.919461,0.0151014,0.00138325,0.000753835,0.00050715,0.00040441,0.000342738,
0.000290955,0.000232779,0.00018907,0.00016139,0.000157011,0.000177654,0.000228948,0.000338418,0.000612796,0.00128463,0.00295529,0.00253188,0.00341991,0.0337375,0.935817,0.0150539,0.00125155,0.000722969,0.000469234,0.000366802,
0.000385844,0.000287399,0.00022462,0.000185964,0.000179573,0.000190397,0.000255546,0.000348218,0.000536038,0.000906935,0.00229331,0.0013704,0.00176408,0.00258473,0.034082,0.935532,0.0161338,0.00147184,0.000750762,0.000516452,
0.000606764,0.00042734,0.000327946,0.000281951,0.000259594,0.000302741,0.000387184,0.000471627,0.000697899,0.00110701,0.00265233,0.00124215,0.00126422,0.00163959,0.00292175,0.0236011,0.938607,0.0202097,0.00204072,0.000951512,
0.000804952,0.000522468,0.000368501,0.000292918,0.000230568,0.000225478,0.000255762,0.000308696,0.000373846,0.000488621,0.00184836,0.000588381,0.000679997,0.000817676,0.0013544,0.00275791,0.0235375,0.945682,0.0172384,0.00162314,
0.00199168,0.00109282,0.000600817,0.000364275,0.000250734,0.000217619,0.000241273,0.00022708,0.000293312,0.000246004,0.00106917,0.000198695,0.000411583,0.00039739,0.000581893,0.00115906,0.00240327,0.0245625,0.943481,0.0202101,
0.0274895,0.00313285,0.00128795,0.000706134,0.000477386,0.00053706,0.000517168,0.000507223,0.000581815,0.00103434,0.00188965,0.000815535,0.000730998,0.000730998,0.000611651,0.000815535,0.00124319,0.00361521,0.0307765,0.922499,


0.931126,0.0241082,0.00300899,0.00132323,0.000803606,0.000386698,0.000356487,0.000283981,0.000217517,0.00022356,0.000712974,0.000229602,0.000211475,0.000241686,0.000241686,0.000519625,0.000622341,0.00120239,0.00268271,0.0314977,
0.027037,0.946165,0.0149981,0.00154031,0.000920883,0.000629423,0.000525199,0.000414652,0.000413021,0.000502967,0.00162863,0.000281262,0.000246997,0.000212935,0.000218442,0.000254951,0.000355096,0.000528666,0.000888453,0.00223847,
0.00219182,0.0248098,0.94569,0.0186403,0.00242288,0.00111571,0.000534751,0.000442325,0.000316889,0.000211259,0.000986978,0.000122134,0.000155144,0.000115533,0.000204658,0.000171648,0.000201357,0.000287181,0.000554556,0.000825232,
0.00105382,0.00219332,0.0286203,0.935109,0.0248291,0.0031529,0.00118662,0.000672561,0.000389828,0.000321287,0.000728251,0.000184205,0.000115663,0.000107096,0.000119947,0.000102812,0.000158502,0.000197056,0.000265597,0.00049264,
0.000243562,0.000367956,0.000756818,0.0167608,0.963265,0.0143262,0.0011645,0.000561341,0.000321961,0.000232063,0.00122199,0.000121258,7.6309e-05,5.33118e-05,6.16744e-05,7.42183e-05,8.67623e-05,7.73543e-05,9.30342e-05,0.000133802,
0.000216608,0.000347885,0.000722026,0.00210372,0.0355335,0.93062,0.0238236,0.00310143,0.00127339,0.000620286,0.000594031,0.000200198,0.000144405,8.20485e-05,8.53304e-05,0.000108304,8.53304e-05,7.87665e-05,0.000111586,0.000147687,
0.000134764,0.000199554,0.000303218,0.000590886,0.00178303,0.0275902,0.935824,0.0277354,0.00304255,0.00110143,0.000666043,0.00030581,0.000215103,0.000103664,6.47902e-05,6.21986e-05,6.21986e-05,5.44237e-05,6.99734e-05,9.07062e-05,
5.99663e-05,6.17835e-05,0.000129018,0.000263488,0.000508805,0.00152278,0.0314496,0.928666,0.0326726,0.00286748,0.00090858,0.000341626,0.000174447,9.0858e-05,7.63208e-05,6.17835e-05,3.27089e-05,2.72574e-05,4.17947e-05,4.36119e-05,
3.12322e-05,5.08969e-05,7.40319e-05,7.40319e-05,0.000166572,0.000390981,0.00133604,0.0366134,0.929819,0.0280523,0.00227532,0.000573747,0.000203588,0.000104107,7.40319e-05,4.62699e-05,3.58592e-05,2.42917e-05,2.54485e-05,2.89187e-05,
3.67015e-05,1.3887e-05,4.26531e-05,6.84433e-05,8.82819e-05,0.000170612,0.00041066,0.00155336,0.0410283,0.921521,0.0323727,0.00181722,0.00043645,0.000164661,8.62981e-05,5.55482e-05,4.86046e-05,2.97579e-05,2.97579e-05,2.47983e-05,
5.37767e-05,5.70162e-05,6.67349e-05,7.58057e-05,8.29327e-05,0.00011468,0.000169105,0.000351816,0.00133405,0.036872,0.947442,0.011805,0.000820256,0.000252686,0.000136709,0.00010237,7.83973e-05,6.80307e-05,4.98892e-05,6.67349e-05,
0.000206379,0.000165906,0.000133433,0.000126414,0.000149193,0.000245424,0.000533106,0.00134337,0.00502952,0.0320297,0.134735,0.801563,0.0185716,0.00289757,0.000862687,0.000382842,0.000257795,0.000251848,0.000265795,0.000249231,
5.28609e-05,4.72966e-05,6.67716e-05,8.06824e-05,6.67716e-05,0.000133543,0.000169711,0.000272651,0.000564777,0.00116572,0.00356115,0.0348103,0.931637,0.0239933,0.00196698,0.000717795,0.000261522,0.000186404,0.000144672,0.000100157,
0.000139049,0.000101743,6.78288e-05,0.000105135,7.80031e-05,0.000101743,0.000115309,0.000230618,0.000301838,0.000491759,0.00157363,0.00334396,0.0393305,0.924574,0.025897,0.00202469,0.000739334,0.00032897,0.000220444,0.000234009,
0.000146927,8.88394e-05,8.20056e-05,9.56732e-05,8.54225e-05,8.20056e-05,9.90901e-05,0.00015376,0.000174262,0.000331439,0.000874726,0.00098065,0.00270618,0.0335471,0.930647,0.0266757,0.00192713,0.000686797,0.000413445,0.000201597,
0.000267247,0.000193328,9.38209e-05,7.67626e-05,8.24487e-05,8.24487e-05,7.96056e-05,0.000122251,0.000136467,0.0002047,0.000747724,0.000471948,0.000909778,0.00230856,0.0337215,0.940333,0.0178174,0.00151535,0.00052028,0.000315579,
0.00038022,0.000204297,0.000181597,0.000141873,7.94489e-05,0.000102149,8.22863e-05,0.000107823,0.000173085,0.000153223,0.000922174,0.000303608,0.000445481,0.000788814,0.00228415,0.0235225,0.950191,0.0178192,0.00149818,0.000618566,
0.000723002,0.000413525,0.000309477,0.0002161,0.000186753,0.000258787,0.000250783,0.000258787,0.000384178,0.000472219,0.00144067,0.00050957,0.000536249,0.000594943,0.000944438,0.00212632,0.0231814,0.946885,0.0184299,0.0018782,
0.00192153,0.000879825,0.000546639,0.000404337,0.000355009,0.000381018,0.000469061,0.000566669,0.000775489,0.00121346,0.00293036,0.00107444,0.000803442,0.000773098,0.000816745,0.00112781,0.00240509,0.0251417,0.937368,0.0200458,
0.0219322,0.00268042,0.00134109,0.00086524,0.000663488,0.00055173,0.00052585,0.000500557,0.000562906,0.00070525,0.00167872,0.000592904,0.000579964,0.00057467,0.000730543,0.00103405,0.00186577,0.00393623,0.037583,0.921095,


0.930584,0.0245827,0.00313584,0.00116056,0.000726812,0.000515802,0.000310654,0.000175842,0.00025204,0.000257901,0.000638891,0.00016998,0.00016998,0.000199287,0.000269624,0.000392713,0.000638891,0.0012602,0.0028838,0.031675,
0.0269466,0.937932,0.0213531,0.00238907,0.00103969,0.000562506,0.000461381,0.0004361,0.000492983,0.000761595,0.00170016,0.000489823,0.000357097,0.000331815,0.000328655,0.000344456,0.000379218,0.000581467,0.000922763,0.00218998,
0.00186007,0.0245296,0.947407,0.0181785,0.00234344,0.000985101,0.000587389,0.000400771,0.000250864,0.000152966,0.00119008,0.000116254,9.78982e-05,9.48389e-05,0.000113195,0.000165203,0.000189678,0.000260042,0.000364059,0.000712822,
0.00089482,0.00217682,0.0294129,0.934269,0.0250464,0.0031964,0.00132072,0.000546356,0.000434504,0.000322651,0.000739947,0.000137665,0.000150571,0.000129061,7.74363e-05,0.000120457,0.000137665,0.000167779,0.000271027,0.00044741,
0.000544313,0.00101111,0.00277526,0.0559681,0.915793,0.0168819,0.00238467,0.00119602,0.000649538,0.000448614,0.00073138,0.00022041,0.000171045,0.000117783,0.000125144,0.000136403,0.000135537,0.000152425,0.000241628,0.000315242,
0.000194048,0.000325605,0.000753168,0.00197337,0.0353134,0.931271,0.0238284,0.0030653,0.00112153,0.000611743,0.000542676,0.000184181,0.000151291,0.000111824,6.24899e-05,8.22236e-05,6.57789e-05,0.000101957,7.89346e-05,0.000161158,
0.000107053,0.000153281,0.00028953,0.000596091,0.0018126,0.0285515,0.935707,0.0271988,0.00296829,0.0010462,0.000639886,0.000236003,0.000155714,0.000116785,5.83926e-05,7.05577e-05,5.83926e-05,7.54238e-05,7.78568e-05,8.02898e-05,
6.18269e-05,7.06593e-05,0.000151917,0.000217277,0.000522879,0.0015704,0.0309187,0.927827,0.0339482,0.00279281,0.000978631,0.000344464,0.000173115,0.000107755,6.18269e-05,6.53598e-05,5.82939e-05,3.70961e-05,3.70961e-05,5.47609e-05,
3.70354e-05,3.47207e-05,6.13399e-05,8.68017e-05,0.000167817,0.000400445,0.0013136,0.035841,0.929929,0.0286793,0.00237374,0.000552059,0.000192121,0.000123837,4.97663e-05,4.28222e-05,3.81928e-05,2.08324e-05,1.85177e-05,3.70354e-05,
3.17644e-05,2.87865e-05,4.06981e-05,6.65067e-05,8.7352e-05,0.000155844,0.000382165,0.00156042,0.0399238,0.922109,0.0330091,0.00174704,0.000439738,0.000147903,7.84183e-05,6.05508e-05,3.67276e-05,3.2757e-05,2.28306e-05,3.87128e-05,
4.61011e-05,5.51914e-05,5.38928e-05,6.94763e-05,8.70077e-05,0.000116876,0.000178561,0.00038634,0.00133693,0.0361848,0.947943,0.011996,0.000794757,0.000281801,0.000137005,9.54487e-05,6.55804e-05,6.81777e-05,5.51914e-05,4.8049e-05,
5.34806e-05,4.77506e-05,3.62904e-05,6.11207e-05,8.7861e-05,0.000126061,0.000156622,0.000336164,0.000955011,0.00373982,0.0540957,0.918423,0.0190353,0.00172666,0.000508066,0.000227293,0.000147072,9.74112e-05,8.2131e-05,5.73007e-05,
6.93766e-05,5.82764e-05,6.66015e-05,8.32519e-05,7.21517e-05,0.000144303,0.000135978,0.000271956,0.000521712,0.0011683,0.00372969,0.0340639,0.93117,0.0251254,0.0019592,0.000643815,0.000324683,0.000177604,0.000122103,9.15771e-05,
0.000124694,0.000117954,0.000114584,8.76229e-05,9.77333e-05,9.0993e-05,0.000138175,0.000256129,0.000380823,0.000791976,0.00167158,0.00339707,0.0377351,0.925662,0.0257241,0.00208273,0.000711094,0.000374082,0.000276349,0.000165136,
0.000110201,9.98698e-05,9.6426e-05,7.92071e-05,8.26509e-05,9.6426e-05,0.000117089,0.000134308,0.000247953,0.000334047,0.000823065,0.0011089,0.00282046,0.0337663,0.929509,0.0275744,0.00181143,0.000623325,0.000347822,0.000216959,
0.000178246,0.000149953,0.000116001,8.48791e-05,0.00012166,8.77084e-05,7.63912e-05,9.61963e-05,0.000169758,0.000234832,0.00103552,0.000540397,0.000843132,0.00236813,0.0338243,0.939311,0.0183112,0.00152782,0.000625276,0.000297077,
0.000367274,0.000300232,0.000166148,0.000104935,0.000102021,0.000128254,0.000102021,9.3276e-05,0.00012534,0.000154488,0.00116012,0.000349785,0.000440146,0.000833654,0.00211037,0.0231499,0.9505,0.0176466,0.00156529,0.000600464,
0.000781509,0.000488443,0.000307362,0.000171551,0.000157255,0.000147724,0.000235882,0.000235882,0.000290683,0.000414581,0.00154634,0.000493208,0.000443173,0.00063855,0.000862519,0.00222778,0.0233428,0.946333,0.0189635,0.00191803,
0.00224327,0.00105233,0.000528734,0.0003542,0.000231,0.000220734,0.0002002,0.000174534,0.000164267,0.000143733,0.00105747,0.000282334,0.000364467,0.000374734,0.000636534,0.001155,0.0028182,0.0250712,0.94032,0.0226072,
0.0276227,0.00343717,0.00117143,0.000679721,0.000482072,0.00040494,0.000496534,0.00046761,0.000848446,0.00107502,0.00208737,0.00080506,0.000747211,0.000699004,0.000583307,0.000833984,0.00147996,0.00358661,0.030385,0.922107,


0.931459,0.0243176,0.00347395,0.00134358,0.000562852,0.000459965,0.000284452,0.000229982,0.000205774,0.000217878,0.000689947,0.000157356,0.000157356,0.0001392,0.000217878,0.000284452,0.000629426,0.00133753,0.00277189,0.0310597,
0.0269706,0.952582,0.0133593,0.00111636,0.00064504,0.000479864,0.00031896,0.000186535,0.000136697,0.000160904,0.00126445,9.68272e-05,9.82511e-05,0.000125306,0.000136697,0.000148089,0.000215013,0.000374493,0.000481288,0.00110355,
0.00182021,0.0245977,0.951897,0.0140685,0.00146869,0.000840545,0.000554644,0.000399288,0.000274076,0.000248569,0.00138986,0.000167413,0.000125676,0.000130777,0.00015211,0.000153965,0.00021031,0.000292625,0.000450996,0.000757302,
0.00105095,0.00220303,0.028358,0.935088,0.0250424,0.00316163,0.00126202,0.000642001,0.000400151,0.000329795,0.000734344,0.000153904,0.000127521,0.000101137,0.000114329,0.000171493,0.000162699,0.000171493,0.000281425,0.000444124,
0.000362241,0.00068503,0.00199412,0.0275088,0.935123,0.0274371,0.00307725,0.00115487,0.00067427,0.000329962,0.000537982,0.000150635,0.000114769,0.000118356,6.81443e-05,7.17309e-05,8.6077e-05,0.000107596,0.000200846,0.00019726,
0.000150983,0.000324942,0.000748351,0.00201201,0.0340729,0.931782,0.0244757,0.00290478,0.00131618,0.000580956,0.00054157,0.000223192,0.000141136,0.000108314,0.000114878,9.84672e-05,9.5185e-05,9.5185e-05,0.000114878,9.84672e-05,
0.000147732,0.000142548,0.000298056,0.000614254,0.00185572,0.0265866,0.935636,0.0290047,0.00303758,0.00108337,0.000622029,0.000256587,0.000132181,0.000134773,5.70193e-05,8.29372e-05,6.47947e-05,4.9244e-05,8.5529e-05,0.000108855,
6.36415e-05,6.70815e-05,0.000137603,0.000273486,0.000503972,0.00157384,0.0307646,0.927841,0.0340189,0.0027985,0.00105094,0.000313047,0.000153084,0.000118683,8.08419e-05,5.16012e-05,3.44008e-05,4.64411e-05,5.16012e-05,5.67613e-05,
4.2739e-05,4.04288e-05,4.38941e-05,8.89433e-05,0.000161715,0.000398512,0.00127062,0.0348727,0.930513,0.0291642,0.00228596,0.000568313,0.000219471,9.12535e-05,5.77554e-05,4.15839e-05,2.77226e-05,4.04288e-05,2.88777e-05,4.15839e-05,
3.7709e-05,4.66401e-05,2.97703e-05,6.45022e-05,9.03031e-05,0.000180606,0.00036022,0.00162645,0.0388482,0.922575,0.0335749,0.00174652,0.00036419,0.000168698,8.43491e-05,5.65635e-05,3.7709e-05,3.7709e-05,3.4732e-05,3.4732e-05,
7.44955e-05,5.7653e-05,6.9961e-05,7.19043e-05,7.903e-05,0.000122432,0.000179437,0.000380251,0.0013325,0.0350083,0.948642,0.0123941,0.000812972,0.00026624,0.00012891,8.87468e-05,8.29167e-05,8.48601e-05,6.02442e-05,6.34831e-05,
5.24504e-05,4.07948e-05,5.82782e-05,5.05078e-05,6.99339e-05,0.000110729,0.000182605,0.000380751,0.000996558,0.00370455,0.0527962,0.919555,0.0191172,0.00171921,0.000507021,0.000235056,0.000182605,0.000104901,8.35321e-05,5.24504e-05,
7.21887e-05,8.60712e-05,6.10828e-05,7.21887e-05,8.88477e-05,0.00010273,0.000161036,0.000283202,0.000563627,0.00119111,0.00346228,0.0332346,0.931696,0.0255493,0.0020907,0.000627487,0.000291531,0.000180472,9.16242e-05,9.44007e-05,
0.00011193,7.80118e-05,0.000118714,0.000118714,6.10527e-05,0.000122105,0.000183158,0.000206901,0.000281521,0.000488422,0.00139065,0.00332059,0.0382326,0.925051,0.0267581,0.00204866,0.000736025,0.000312047,0.000244211,0.000135673,
0.000172887,6.56971e-05,8.29858e-05,5.18661e-05,6.91549e-05,6.56971e-05,8.29858e-05,0.000176345,0.000221296,0.000293908,0.000698464,0.000968168,0.00258985,0.0323541,0.930541,0.0285195,0.00178765,0.000656971,0.000421845,0.000179803,
0.000139751,0.000161017,8.20275e-05,7.89894e-05,7.29133e-05,0.000121522,7.29133e-05,0.000115446,0.000179245,0.000261273,0.000732171,0.000410137,0.000923569,0.00244563,0.0334429,0.939032,0.019161,0.00164359,0.00057723,0.000346338,
0.000384813,0.000285603,0.000198419,9.31969e-05,9.92096e-05,8.41779e-05,7.21525e-05,0.000102216,0.000126267,0.000195413,0.00114542,0.000366775,0.000514086,0.000814722,0.00201726,0.0235788,0.949142,0.0187055,0.00138292,0.000691461,
0.000938545,0.000497887,0.00034337,0.00028328,0.000206022,0.000246082,0.000246082,0.000300449,0.0003634,0.000658126,0.0017426,0.000640958,0.000600898,0.000652403,0.00115029,0.00239501,0.0232948,0.944546,0.019037,0.00185706,
0.0021752,0.00100394,0.000487628,0.000272498,0.000181665,0.000258156,0.000148201,0.000133859,0.000191227,0.000176885,0.00108043,0.000205569,0.000301182,0.000439821,0.000678854,0.00107565,0.00286362,0.024477,0.942976,0.0208724,
0.0138276,0.000897349,0.000463731,0.000297682,0.000258106,0.000183255,0.000141958,0.00016949,0.000165188,0.000240039,0.00163209,0.000203043,0.000202183,0.000196161,0.000320912,0.000324353,0.000468032,0.000950691,0.0140238,0.965034,


0.915499,0.0194334,0.00254789,0.00127237,0.00083945,0.000648397,0.000508161,0.000488858,0.000523917,0.000624368,0.0012897,0.000401407,0.000360833,0.000350197,0.00042071,0.000567249,0.000833541,0.00135746,0.00363433,0.0483989,
0.0269727,0.941969,0.0187961,0.00200065,0.000941919,0.00049457,0.000464746,0.000417526,0.000429953,0.000581554,0.00171981,0.000342968,0.000280836,0.00031563,0.000216219,0.000270895,0.000382732,0.000511967,0.000859905,0.00203047,
0.0013482,0.0245612,0.951555,0.0160883,0.00170186,0.000685887,0.00043511,0.000265781,0.000240061,0.000130747,0.00110171,0.000102883,6.64453e-05,7.07321e-05,0.00010717,0.000115743,0.000182189,0.000278642,0.00032794,0.000634446,
0.000827886,0.0021871,0.0270319,0.936525,0.0249478,0.00309325,0.00141276,0.000630182,0.000416002,0.000238893,0.000811411,0.000160635,0.000168872,0.000172991,0.000144159,0.000102971,0.000189466,0.000193585,0.000263606,0.000481904,
0.000376928,0.000861549,0.00195284,0.0271244,0.935506,0.0275337,0.0029544,0.00111642,0.000610264,0.000362569,0.000516929,0.0001759,0.000122053,0.000111283,7.89753e-05,0.000111283,6.10264e-05,0.000100514,0.000143592,0.000179489,
0.000207287,0.000352058,0.000635021,0.00208932,0.0331099,0.932586,0.0243512,0.00318168,0.00123714,0.000533023,0.000648182,0.000207287,0.000167803,9.87079e-05,0.000111869,8.55469e-05,5.92247e-05,0.000108579,0.00012174,0.000108579,
9.86204e-05,0.000171288,0.000342576,0.000607294,0.00186341,0.0257503,0.935637,0.029843,0.00300533,0.00104849,0.000659199,0.000251741,0.000153121,0.000119383,5.45007e-05,7.78582e-05,5.19054e-05,8.04534e-05,0.000101216,8.30487e-05,
8.04124e-05,8.75602e-05,0.000114364,0.000271615,0.000502131,0.00148495,0.0297794,0.927615,0.0353654,0.00283409,0.000943506,0.00034488,0.000201925,9.4708e-05,5.89691e-05,3.0378e-05,4.46736e-05,5.71822e-05,4.10997e-05,4.82475e-05,
3.70267e-05,3.47125e-05,5.4383e-05,9.71951e-05,0.000171249,0.000366796,0.00130866,0.0339975,0.93045,0.0299847,0.00235814,0.000565814,0.00019439,0.000116866,6.24826e-05,5.09117e-05,5.20688e-05,2.19846e-05,3.81838e-05,3.70267e-05,
2.28304e-05,3.57346e-05,4.56609e-05,6.94839e-05,8.33807e-05,0.000180658,0.000399036,0.00155446,0.0378965,0.92247,0.0345444,0.00185423,0.000374221,0.000188599,8.23881e-05,5.75724e-05,3.97051e-05,3.57346e-05,2.48157e-05,4.06977e-05,
5.25415e-05,5.38388e-05,5.51361e-05,6.87579e-05,8.36771e-05,0.000126489,0.000181625,0.000347682,0.00134662,0.0340209,0.949663,0.0124595,0.000766716,0.000284762,0.000121948,0.00010638,7.65419e-05,7.65419e-05,5.18928e-05,5.51361e-05,
3.52002e-05,3.71557e-05,6.45337e-05,7.62671e-05,6.06225e-05,0.000111467,0.00017209,0.000387202,0.000973872,0.00361389,0.0524756,0.919753,0.0194325,0.0017209,0.000506492,0.000195557,0.000148623,9.58227e-05,8.21338e-05,5.67114e-05,
7.75759e-05,7.48053e-05,8.3117e-05,5.81819e-05,8.03464e-05,0.000105282,0.000166234,0.000257663,0.00049039,0.00125507,0.00370148,0.0330778,0.931437,0.0258466,0.00185628,0.000700953,0.000362944,0.000166234,0.000113593,8.86581e-05,
0.000128821,9.4921e-05,9.83111e-05,7.45808e-05,8.47509e-05,0.000128821,0.000135601,0.000186452,0.000328834,0.000583086,0.00143738,0.00319342,0.0365955,0.925653,0.0277576,0.00211199,0.000691568,0.000376294,0.000200012,0.000138992,
0.000152097,6.5678e-05,6.22213e-05,6.22213e-05,7.25915e-05,8.29617e-05,0.000110616,0.000176294,0.000231602,0.000269626,0.000808877,0.00104739,0.00267206,0.0326316,0.929272,0.0289882,0.00198417,0.000708631,0.000335304,0.000266169,
0.000229629,0.000124124,7.75774e-05,8.37835e-05,9.9299e-05,8.68866e-05,9.30928e-05,0.000105505,0.000164464,0.000254454,0.000608206,0.000505804,0.000983681,0.00247317,0.0338361,0.938013,0.0195154,0.0017005,0.000639237,0.000406505,
0.000340603,0.000265277,0.000176851,9.49758e-05,0.000121176,0.000127726,9.82508e-05,9.82508e-05,0.000147376,0.000137551,0.00102181,0.000389728,0.000478154,0.00101853,0.00228269,0.0233706,0.947609,0.0197517,0.00171939,0.000749981,
0.000910044,0.000487195,0.000281899,0.000294155,0.000205296,0.000217553,0.00020836,0.000248194,0.000432041,0.00067717,0.0017251,0.000545413,0.000566862,0.000695555,0.000952941,0.00247887,0.0234191,0.941227,0.0223099,0.00211731,
0.00236985,0.00107256,0.000551603,0.00041881,0.000229835,0.000188975,0.000137901,0.000112364,0.000183868,0.000163438,0.00100616,0.000286016,0.000372843,0.000464777,0.000638429,0.00117471,0.00272737,0.0249498,0.941443,0.0215074,
0.0266552,0.00325473,0.00133129,0.000743338,0.000503958,0.000470361,0.000554354,0.000562753,0.000575352,0.000902925,0.00203683,0.000873527,0.000659345,0.000558554,0.000650946,0.000776936,0.00133129,0.00343112,0.0368855,0.917242,


0.931906,0.025321,0.00290559,0.00139226,0.000744557,0.000478211,0.000266345,0.000211866,0.000211866,0.000193706,0.00071429,0.000181599,0.000193706,0.000187652,0.000272399,0.000411625,0.000575064,0.00119855,0.00268161,0.0299518,
0.0269866,0.943468,0.0181563,0.00180001,0.000889817,0.000572834,0.000412078,0.000414342,0.000427927,0.000597739,0.00168227,0.000369059,0.000237737,0.000240001,0.000255851,0.000208303,0.000301134,0.000484531,0.000665664,0.00182945,
0.00216218,0.0246022,0.942914,0.0215388,0.00267605,0.00121351,0.000632449,0.000367611,0.000304366,0.000237168,0.000861711,0.000193687,0.000138348,0.00012649,0.000122537,0.00019764,0.000201593,0.000264838,0.000403186,0.000841947,
0.00105533,0.00256134,0.0373798,0.925669,0.025358,0.00294066,0.00113796,0.000724836,0.00044692,0.000262894,0.000537055,0.000153981,0.000131447,0.000135203,0.000127691,0.000153981,0.000150225,0.00024036,0.000334251,0.000499499,
0.000376478,0.000706344,0.00205449,0.0268877,0.934862,0.028329,0.00308353,0.00124417,0.000570095,0.000294011,0.000566509,0.000136249,0.000114736,9.3223e-05,6.81245e-05,8.96375e-05,7.171e-05,0.000136249,0.00010398,0.000211545,
0.000212566,0.000402241,0.000690023,0.00202428,0.032418,0.932656,0.0251417,0.00303152,0.00121653,0.000618077,0.000585375,0.000189675,0.000143891,0.000153702,9.48373e-05,8.50265e-05,7.8486e-05,6.21348e-05,8.82968e-05,0.000107918,
9.6056e-05,0.000181728,0.000282976,0.000602297,0.00164074,0.0260156,0.934975,0.0305328,0.00298812,0.00109037,0.000698353,0.00023365,0.000173939,8.82677e-05,7.2691e-05,5.45183e-05,3.89416e-05,7.00949e-05,7.78832e-05,8.56716e-05,
3.99268e-05,7.80388e-05,0.000147003,0.000252265,0.000569865,0.001539,0.0284842,0.927694,0.0362717,0.00293825,0.00105262,0.000326674,0.000179671,0.000125225,6.53348e-05,5.98902e-05,2.35931e-05,3.26674e-05,5.80754e-05,6.17051e-05,
3.01107e-05,3.70593e-05,4.5166e-05,0.000105387,0.000206142,0.000409968,0.00135961,0.0332584,0.93023,0.0308241,0.00237643,0.000581368,0.000221198,0.000106545,6.60119e-05,3.93755e-05,3.93755e-05,2.77945e-05,1.85296e-05,1.73715e-05,
3.56888e-05,3.17234e-05,4.36196e-05,6.44381e-05,9.31874e-05,0.000156634,0.000403482,0.00157328,0.0367436,0.922859,0.0353081,0.0018469,0.000397533,0.000177453,8.12911e-05,5.15505e-05,4.85764e-05,3.17234e-05,3.17234e-05,2.08185e-05,
5.83939e-05,5.12569e-05,6.61797e-05,7.07215e-05,7.59121e-05,0.000114193,0.000184265,0.000337387,0.00132943,0.0328913,0.95047,0.0127117,0.000870069,0.000273802,0.000138848,8.82397e-05,7.85073e-05,7.2668e-05,5.83939e-05,5.83939e-05,
5.28775e-05,6.46281e-05,5.48359e-05,5.67944e-05,7.63786e-05,0.00011163,0.000197801,0.000430854,0.000959629,0.00369359,0.0507193,0.920883,0.0199074,0.00162354,0.000542484,0.000225219,0.000156674,0.000107713,6.46281e-05,7.05034e-05,
7.21945e-05,6.94178e-05,6.94178e-05,8.05247e-05,7.7748e-05,0.000124952,0.000172156,0.000288778,0.000502585,0.00124674,0.00365693,0.0319961,0.931573,0.0268008,0.00189927,0.000644198,0.000313769,0.000166603,0.000124952,0.000119399,
0.000131558,7.75853e-05,0.000128184,8.43318e-05,6.07189e-05,0.000121438,0.000131558,0.000188903,0.000374433,0.000644295,0.00167652,0.00369711,0.0365123,0.924516,0.0280521,0.00213191,0.000745493,0.00037106,0.000232756,0.000121438,
0.000102999,7.30679e-05,5.45809e-05,2.90511e-05,5.81022e-05,7.21876e-05,7.65893e-05,7.13073e-05,0.000127649,0.000211281,0.00121663,0.000492989,0.00101503,0.0155379,0.963216,0.0163012,0.000641765,0.000334528,0.000228007,0.000139093,
0.000198409,0.000116526,0.000119675,7.2435e-05,8.18831e-05,8.81818e-05,0.000103928,0.000125974,0.000148019,0.000182662,0.00086922,0.000428311,0.000866071,0.00249428,0.0334524,0.938219,0.0198692,0.00165971,0.000614123,0.00028974,
0.000393489,0.00027445,0.000198398,0.000145492,0.000122345,9.25855e-05,7.9359e-05,8.92789e-05,0.000112425,0.000158718,0.00113087,0.000320743,0.000416635,0.000949002,0.00242376,0.0234969,0.947382,0.0198894,0.00158718,0.000737378,
0.000894413,0.00040455,0.00031098,0.000253188,0.000192643,0.000187139,0.000244931,0.000390789,0.000421062,0.000547656,0.00174479,0.000605448,0.000495367,0.000737546,0.00111458,0.00255389,0.0233235,0.943578,0.0200651,0.00193468,
0.00230733,0.00100207,0.000575548,0.000344301,0.000220969,0.000190137,0.000195275,0.000164442,0.000102777,0.000256941,0.000940405,0.000215831,0.000318607,0.00048305,0.000734852,0.00113054,0.00281608,0.0248205,0.94079,0.0223899,
0.0273156,0.00286853,0.00138258,0.000555615,0.000460859,0.000422095,0.00043071,0.000422095,0.000585765,0.000788199,0.00177452,0.000555615,0.000460859,0.00056423,0.000508237,0.000753742,0.0012146,0.00288145,0.0277808,0.928274,


0.931002,0.0260013,0.00312088,0.00143343,0.000756027,0.000447568,0.000308459,0.000266122,0.000241929,0.000229832,0.000592725,0.000241929,0.000193543,0.000181446,0.000284266,0.000344748,0.000604822,0.00120964,0.00281242,0.029727,
0.0267841,0.941016,0.0193322,0.00215411,0.000973921,0.000702372,0.000436045,0.000357714,0.000483044,0.000605763,0.00168674,0.000485655,0.000305493,0.000300271,0.000255883,0.000263716,0.000355103,0.00054832,0.000817258,0.00213584,
0.00146828,0.0245118,0.950264,0.0165532,0.00183925,0.000927425,0.000499249,0.000296429,0.000213221,0.000169883,0.00111464,0.000130013,0.000123079,0.000124812,0.000126546,0.000156015,0.000185485,0.000291229,0.000393506,0.000611927,
0.000804056,0.00219254,0.0278293,0.935947,0.0253278,0.00282536,0.00123214,0.000670047,0.000457865,0.000297799,0.000807779,0.000115397,0.000126564,0.000100507,0.000100507,0.000130287,0.000126564,0.000178679,0.000320133,0.000409473,
0.000344114,0.000788595,0.00208978,0.0259376,0.935486,0.0288124,0.00284611,0.00110762,0.000695398,0.000315438,0.000469573,0.00018998,8.60286e-05,6.8106e-05,7.16905e-05,0.000103951,0.00011112,8.96131e-05,0.000125458,0.00026167,
0.000182199,0.000294075,0.000735188,0.00198181,0.0316099,0.933612,0.0251658,0.00306861,0.00123064,0.000533811,0.000629705,0.000214164,0.000118269,9.90906e-05,8.63047e-05,5.11435e-05,7.99118e-05,7.99118e-05,8.63047e-05,0.000140645,
0.000107927,0.000175082,0.000306993,0.000625979,0.00173403,0.026176,0.934793,0.0303132,0.00304595,0.00106249,0.000652361,0.000290205,0.000153497,0.000103131,7.67484e-05,8.15451e-05,5.03661e-05,7.19516e-05,7.435e-05,0.000105529,
8.92919e-05,0.00012051,0.000182486,0.000326409,0.000793757,0.00262872,0.0701084,0.901882,0.0179601,0.00324848,0.00136509,0.000459773,0.000238953,0.000146677,8.81442e-05,7.52898e-05,6.54195e-05,6.63377e-05,7.41421e-05,8.05693e-05,
3.85914e-05,4.86987e-05,4.6861e-05,0.000100154,0.000169067,0.000416236,0.00146188,0.0344621,0.931158,0.0286973,0.00223095,0.000567845,0.000236143,0.000124963,6.52379e-05,4.04291e-05,4.59422e-05,2.9403e-05,2.84841e-05,3.21595e-05,
3.07558e-05,2.77794e-05,4.0677e-05,5.35746e-05,0.000104173,0.000166676,0.000372046,0.0015239,0.0357362,0.922586,0.036648,0.00183146,0.000466297,0.000148818,8.33382e-05,5.05982e-05,3.47243e-05,3.37321e-05,2.38109e-05,3.77006e-05,
5.31214e-05,4.98823e-05,5.44171e-05,7.19083e-05,9.32864e-05,0.000112073,0.000161308,0.00035695,0.00132026,0.0320219,0.951034,0.0130737,0.000841521,0.000258481,0.000134747,0.000103652,7.90343e-05,7.12605e-05,6.08953e-05,4.79389e-05,
4.89886e-05,4.7029e-05,6.8584e-05,6.27054e-05,5.09481e-05,0.000131289,0.000166561,0.000346839,0.000924904,0.00379564,0.049308,0.922091,0.0201676,0.00164602,0.000550632,0.000229267,0.000137168,9.40581e-05,6.27054e-05,7.05436e-05,
0.000100218,8.3515e-05,5.0109e-05,6.12443e-05,5.84605e-05,0.000105786,0.000139192,0.000270032,0.000531712,0.0012221,0.00366352,0.0314295,0.931933,0.0270644,0.00193198,0.000592956,0.000359114,0.000192084,0.000125272,8.62988e-05,
0.000122527,9.18949e-05,8.16843e-05,6.12633e-05,8.16843e-05,9.18949e-05,9.18949e-05,0.000224632,0.000340351,0.00061944,0.00154179,0.00323334,0.0356144,0.925446,0.0287597,0.00218165,0.000735159,0.000360772,0.000173579,0.000146351,
0.000110514,7.25251e-05,9.67001e-05,8.9793e-05,6.90715e-05,7.25251e-05,8.63394e-05,0.000110514,0.00023139,0.000331543,0.000752879,0.00104989,0.00273523,0.0307506,0.929437,0.0307748,0.00204106,0.000680354,0.000314275,0.0001934,
0.000224277,0.000112138,0.000122033,0.000105542,0.000102244,8.9051e-05,8.24546e-05,0.000131927,0.000158313,0.000237469,0.000702514,0.000537604,0.000920194,0.00273749,0.0340637,0.936121,0.0207258,0.00183379,0.000646444,0.00034631,
0.000469824,0.000256268,0.000144561,0.000114992,0.000128134,0.000131419,0.000121563,0.000141276,0.000124848,0.000154418,0.000936363,0.000413971,0.000528963,0.000969218,0.00232284,0.0235241,0.947137,0.0200776,0.00161317,0.000689952,
0.00100547,0.000595596,0.000384256,0.000230553,0.000169713,0.000172915,0.000246564,0.000355437,0.000397064,0.000672448,0.00173556,0.000598799,0.000605203,0.000723682,0.00103109,0.00256491,0.0235421,0.940966,0.021941,0.00206217,
0.00221355,0.00115819,0.000649453,0.00043838,0.000270605,0.000189424,0.000248957,0.000135303,0.000178599,0.000221896,0.00092547,0.000281429,0.000422144,0.000416732,0.000606156,0.00121772,0.00281429,0.0248794,0.939135,0.0235968,
0.027472,0.00279527,0.00118844,0.000814546,0.000400596,0.000400596,0.000454009,0.000485167,0.000609797,0.001046,0.0020653,0.00070772,0.000574188,0.000525226,0.000574188,0.000756682,0.00125965,0.00315581,0.0275833,0.927132,


0.931869,0.0258068,0.00326959,0.00120046,0.000741992,0.000446402,0.000253363,0.000223201,0.000180974,0.000241298,0.000633408,0.000168909,0.000193039,0.000223201,0.000283525,0.000374012,0.000723895,0.00114013,0.00282922,0.0291971,
0.02672,0.935922,0.0220895,0.0024011,0.00117949,0.000732321,0.000557341,0.000560582,0.000583264,0.000936463,0.00207707,0.000499015,0.000398564,0.000298113,0.00027543,0.000298113,0.000430967,0.000644831,0.000978588,0.00241731,
0.00187364,0.024572,0.942624,0.0220231,0.00267384,0.00107344,0.000612836,0.000398148,0.000281046,0.000261529,0.000991467,0.00014833,9.75853e-05,0.00014833,0.000163943,0.00014833,0.00018346,0.000351307,0.00048012,0.000893882,
0.000859675,0.00206555,0.0250939,0.93873,0.0254946,0.00291745,0.0010425,0.000688518,0.000303415,0.000315084,0.000785766,0.000151707,9.72483e-05,0.000132258,0.000124478,0.000128368,0.000124478,0.000213946,0.000326754,0.000404553,
0.000365396,0.000740941,0.00180668,0.0252495,0.937247,0.0282437,0.00263559,0.00111649,0.00058531,0.000334946,0.000551477,0.000152248,9.47322e-05,9.13489e-05,7.44324e-05,8.79656e-05,0.000115032,0.000111649,0.000118415,0.00027743,
0.000201634,0.000360498,0.000644619,0.00205606,0.0299091,0.935446,0.024963,0.0029848,0.00113649,0.000571298,0.000714886,0.000265791,0.000128313,0.000116093,7.33216e-05,7.02666e-05,8.55419e-05,7.63767e-05,9.1652e-05,0.000103872,
0.000116654,0.000173685,0.000331816,0.000622155,0.00173166,0.0248862,0.935265,0.0314499,0.00282044,0.000990263,0.000642893,0.000238493,0.000194423,0.000137393,7.51771e-05,6.99924e-05,5.70309e-05,6.22155e-05,6.74001e-05,6.74001e-05,
6.97924e-05,8.23193e-05,0.000139585,0.000252326,0.000506442,0.0014889,0.0272423,0.927056,0.0383411,0.00295276,0.00091267,0.000340014,0.000195061,0.000109162,7.33715e-05,5.18969e-05,4.47387e-05,4.83178e-05,5.01074e-05,4.29492e-05,
3.79847e-05,5.31786e-05,4.99228e-05,9.98456e-05,0.000161706,0.000371165,0.00125675,0.0322859,0.931574,0.0307264,0.0022704,0.0005676,0.000205118,0.000104187,6.51167e-05,4.23258e-05,4.01553e-05,2.06203e-05,3.47289e-05,3.25583e-05,
2.07442e-05,1.61344e-05,2.56833e-05,3.2159e-05,5.93789e-05,0.000114807,0.000301175,0.00130787,0.0706181,0.916182,0.0100762,0.000816927,0.000199759,8.73672e-05,4.32446e-05,2.79882e-05,2.20613e-05,1.7232e-05,1.45978e-05,1.70125e-05,
5.25595e-05,5.77505e-05,6.03461e-05,6.87815e-05,8.69503e-05,0.000119394,0.000161572,0.000369214,0.00131464,0.0311444,0.951517,0.0134572,0.000822783,0.000280966,0.00014535,9.60346e-05,6.94304e-05,6.0995e-05,6.29416e-05,5.12617e-05,
1.28404e-05,1.34824e-05,1.25836e-05,1.528e-05,1.81691e-05,2.8634e-05,4.61611e-05,9.37347e-05,0.000299181,0.00128288,0.0712557,0.919358,0.00653575,0.000683878,0.000177454,7.51162e-05,3.55678e-05,2.29201e-05,1.91322e-05,1.34182e-05,
7.21335e-05,8.04565e-05,6.1036e-05,6.65847e-05,8.87796e-05,0.000133169,0.000172011,0.000235821,0.000541001,0.00117078,0.00359558,0.0313614,0.931698,0.0273635,0.00196148,0.000660299,0.000296857,0.000174785,0.000163687,0.000102651,
0.00012769,0.000104168,0.00012769,9.74479e-05,0.000100808,0.000157933,0.000178094,0.000204977,0.000359549,0.000793024,0.00154572,0.00367278,0.0343487,0.925657,0.0291672,0.00192208,0.000698936,0.000342748,0.000235219,0.000157933,
0.00014479,0.000113763,0.000117211,8.96317e-05,6.89474e-05,0.000106869,8.96317e-05,0.000117211,0.000213737,0.000330948,0.000848054,0.00111005,0.00273377,0.0305851,0.92895,0.0312366,0.00193742,0.000651553,0.00034129,0.000213737,
0.000136018,7.9406e-05,7.00641e-05,6.76353e-05,6.80089e-05,6.4459e-05,6.68879e-05,8.87479e-05,0.000109113,0.00017133,0.000708489,0.000343221,0.000588726,0.00169966,0.0340637,0.946765,0.0133785,0.00091756,0.000375918,0.000237284,
0.000376244,0.000193207,0.000122025,0.000125415,0.000138973,0.000145752,0.000118636,0.000108467,0.000145752,0.000240661,0.000976202,0.000386413,0.000477932,0.000874514,0.00259981,0.0234593,0.945787,0.0212663,0.00172869,0.000728762,
0.000600761,0.000355896,0.000308311,0.000211158,0.000202236,0.000194305,0.000223055,0.000330121,0.000375723,0.000489729,0.00172099,0.000602743,0.000565072,0.000678086,0.000829764,0.00197973,0.0234753,0.947091,0.0182142,0.00155147,
0.0021549,0.00113775,0.000618682,0.000414202,0.000262153,0.00020448,0.000178264,0.000183507,0.000104861,0.000209723,0.000901808,0.00018875,0.000319827,0.000387987,0.000676356,0.0011692,0.00275261,0.0250252,0.940108,0.0230013,
0.0276258,0.00312425,0.00123431,0.000747973,0.000489414,0.000418619,0.000492493,0.000554054,0.000677177,0.000991141,0.00201306,0.000889565,0.000677177,0.000643318,0.00060946,0.000760285,0.00115736,0.00333972,0.0353148,0.91824,


0.932094,0.0267483,0.00325326,0.00140206,0.000691924,0.000509839,0.000321684,0.000254919,0.000200294,0.000230641,0.000679785,0.000157807,0.000260989,0.000212433,0.000327753,0.00037631,0.00061302,0.00108037,0.00279197,0.0277923,
0.0270498,0.935278,0.0231198,0.0024501,0.00118065,0.000835337,0.000605126,0.000526196,0.000506464,0.000858358,0.00138784,0.000466999,0.00038807,0.000315718,0.000302563,0.000312429,0.000437401,0.000424246,0.000881379,0.00267374,
0.00195169,0.0240009,0.944123,0.0213884,0.00257043,0.00113435,0.000580543,0.000404852,0.000244439,0.000229162,0.000802066,0.000175691,0.000126039,6.49291e-05,9.5484e-05,0.000145136,0.000206245,0.000339923,0.000527072,0.000889911,
0.000872031,0.00212321,0.0250273,0.938882,0.0251752,0.00288908,0.00120947,0.000625588,0.000386727,0.000291941,0.000746914,0.000231278,0.000117535,9.09946e-05,0.0001327,0.000140283,0.000178198,0.000227486,0.000257818,0.00039431,
0.000365196,0.000730393,0.00203077,0.0246934,0.937555,0.0283113,0.00262805,0.00115361,0.000518784,0.000314001,0.000549501,9.21524e-05,0.000139935,8.19132e-05,9.89785e-05,8.19132e-05,8.87393e-05,0.000133109,0.000187718,0.00024574,
0.000208704,0.000303848,0.000693632,0.00200417,0.0296543,0.935965,0.0250905,0.00279908,0.00106807,0.000577004,0.000638387,0.00018415,0.000119698,0.000113559,6.75217e-05,0.000128905,7.67292e-05,9.20751e-05,8.90059e-05,0.000125836,
0.000114253,0.000160993,0.000301212,0.000563474,0.00196307,0.0236971,0.935421,0.031848,0.00309002,0.00105164,0.000719273,0.000321985,0.000166186,0.000122043,8.82862e-05,6.49163e-05,8.30929e-05,5.19331e-05,6.49163e-05,0.000106463,
4.54693e-05,0.00010367,0.000127314,0.00020734,0.000505618,0.00154232,0.0266996,0.926851,0.0391545,0.00280091,0.00106216,0.000314647,0.000165508,0.000114583,6.72945e-05,6.18382e-05,4.18317e-05,4.36505e-05,4.7288e-05,4.36505e-05,
3.23866e-05,4.27966e-05,5.66766e-05,7.86532e-05,0.00015615,0.000379386,0.00128737,0.0304503,0.930961,0.0330656,0.00232952,0.000599152,0.00024637,9.71598e-05,5.55199e-05,3.58566e-05,3.81699e-05,2.89166e-05,2.19766e-05,3.70133e-05,
3.57471e-05,2.68103e-05,3.8726e-05,5.85855e-05,7.24872e-05,0.000157883,0.00038726,0.00156691,0.0340312,0.922752,0.038158,0.00187076,0.000413077,0.000176749,7.24872e-05,5.75925e-05,4.26979e-05,3.67401e-05,1.68806e-05,2.68103e-05,
2.49235e-05,2.10958e-05,1.84855e-05,1.85226e-05,2.09055e-05,3.18331e-05,5.94629e-05,0.000171038,0.000960964,0.0594748,0.932079,0.006218,0.000593054,0.000118527,4.88889e-05,2.93727e-05,2.66817e-05,2.82124e-05,2.88776e-05,2.76062e-05,
4.697e-05,6.26267e-05,7.63263e-05,3.91417e-05,9.1983e-05,0.000109597,0.000197666,0.000358147,0.000958972,0.00374782,0.0464749,0.923572,0.0215142,0.00158524,0.000536241,0.000273992,0.000111554,9.1983e-05,7.82834e-05,7.24121e-05,
8.62244e-05,3.89401e-05,8.06615e-05,6.39729e-05,8.06615e-05,9.45687e-05,0.000164105,0.000225296,0.000517346,0.00111814,0.00356301,0.0305123,0.932322,0.0278588,0.00198316,0.000634167,0.000289269,0.000150197,0.00011682,0.000100132,
7.21257e-05,5.99198e-05,5.43716e-05,5.65909e-05,7.43449e-05,7.76738e-05,7.9893e-05,0.00014758,0.000228583,0.000392807,0.00140257,0.00141366,0.0179293,0.958523,0.0176619,0.000913222,0.000400575,0.000205281,0.000187527,0.00011873,
