0.931235,0.0237066,0.0029911,0.00135741,0.000522541,0.000420436,0.000324336,0.000324336,0.000258268,0.000168174,0.000618641,0.00017418,0.000252261,0.000258268,0.000210218,0.000450467,0.000624647,0.00124329,0.00250459,0.0323555,
0.0270771,0.949874,0.0147198,0.00153032,0.00077855,0.000438054,0.000332844,0.000237199,0.000216157,0.000206593,0.0012166,0.000164509,0.00013199,0.000105209,0.000166422,0.000181725,0.000225722,0.000401709,0.000621692,0.00137346,
0.00175712,0.0249834,0.947541,0.0180162,0.00232134,0.000880174,0.000541645,0.000409458,0.000203117,0.000154756,0.000754435,0.000180548,0.000135411,0.000135411,0.000132187,0.000206341,0.000177324,0.000248254,0.000448147,0.000773779,
0.00134961,0.00314555,0.040501,0.927424,0.0181425,0.00267533,0.00134271,0.000866127,0.000611384,0.000391137,0.00104232,0.000224492,0.000163991,0.000165583,0.000165052,0.000186812,0.000225554,0.000306223,0.000403874,0.000666578,
0.000377792,0.000723506,0.00227031,0.0298669,0.934581,0.0254582,0.00291185,0.00109061,0.000620148,0.000349279,0.000502534,0.000153255,0.000142563,0.000110486,8.19736e-05,0.000110486,0.000128307,0.000117614,0.000185332,0.000217408,
0.000305582,0.000503726,0.0010369,0.00356156,0.0854901,0.887438,0.0153605,0.00272012,0.00117179,0.000596438,0.000594764,0.000220234,0.000148942,0.000119488,0.000102753,0.000102753,9.23776e-05,0.000112794,0.000146265,0.000175384,
0.000238347,0.000307135,0.000569141,0.00145812,0.00526992,0.0764301,0.88672,0.0200882,0.00429375,0.00194489,0.00106862,0.000435947,0.000232213,0.000171312,0.000126184,0.000108658,0.000109096,0.000111725,0.000136261,0.000180513,
6.84547e-05,6.66532e-05,0.000126101,0.000239591,0.000506204,0.00143755,0.0323322,0.928146,0.0322475,0.00296697,0.000931344,0.000362089,0.000185548,9.18733e-05,7.92633e-05,5.40431e-05,3.24259e-05,2.8823e-05,5.40431e-05,4.32345e-05,
4.44533e-05,4.33135e-05,6.49702e-05,8.54871e-05,0.000158436,0.000380703,0.00126521,0.0389434,0.928438,0.0271667,0.00228308,0.000537999,0.000223406,0.000125381,5.81313e-05,5.35719e-05,3.64745e-05,2.84957e-05,3.53347e-05,2.73559e-05,
8.73761e-05,0.000109664,0.000127218,0.000188953,0.000355619,0.00066252,0.00189348,0.00849205,0.0710666,0.893626,0.0195344,0.00205206,0.000766661,0.000358183,0.0002142,0.000130374,9.94076e-05,8.22479e-05,7.92894e-05,7.33723e-05,
0.000112392,0.000116678,0.000121285,0.000125547,0.000153978,0.000230499,0.000407733,0.00122002,0.00688646,0.0594314,0.923737,0.00553877,0.000811476,0.000322639,0.000189676,0.000134983,0.000120497,0.00011217,0.000108795,0.000117984,
5.56546e-05,4.6059e-05,4.22207e-05,8.25223e-05,6.52502e-05,0.000113228,0.000178479,0.00039534,0.00100178,0.00351775,0.0569807,0.916579,0.0181415,0.00175408,0.000474024,0.000224538,0.0001305,9.2118e-05,6.1412e-05,6.33311e-05,
0.000271074,0.000210418,0.000167168,0.000145855,0.000166438,0.000227667,0.000385455,0.000859078,0.00227854,0.00807693,0.0208807,0.0728944,0.873112,0.0159215,0.00200033,0.000864081,0.00048613,0.000383683,0.000347102,0.000320943,
0.000270469,0.000226729,0.000178535,0.000159298,0.00015599,0.00019433,0.000283091,0.00050145,0.00108181,0.00278359,0.00570461,0.00762044,0.0429406,0.919415,0.0150945,0.00138238,0.000753357,0.00050685,0.000404184,0.00034249,
0.000290869,0.000232789,0.000189092,0.000161342,0.000156965,0.00017768,0.000228881,0.000338396,0.000612694,0.00128433,0.00295536,0.00253168,0.00341922,0.0337743,0.935785,0.0150516,0.00125118,0.000722756,0.000469096,0.000366694,
0.000385661,0.000287648,0.000224677,0.000186028,0.000179535,0.000190563,0.000255596,0.000348249,0.000536236,0.000906747,0.00229325,0.00137012,0.00176382,0.00258409,0.0340977,0.93552,0.0161321,0.00147132,0.000750504,0.000516345,
0.00060668,0.000427282,0.000327901,0.000281912,0.000259701,0.0003027,0.000387131,0.000471562,0.000697946,0.001107,0.00265268,0.00124212,0.00126419,0.00163936,0.00292135,0.0236106,0.9386,0.0202085,0.00204045,0.000951382,
0.000804643,0.000522267,0.000368614,0.000292805,0.000230479,0.000225392,0.000255664,0.000308832,0.000373957,0.000488433,0.00184867,0.000588155,0.00067999,0.00081838,0.00135388,0.00275685,0.0235646,0.945662,0.0172343,0.00162226,
0.0019764,0.00108444,0.000605594,0.000361479,0.00024881,0.000220643,0.000258199,0.000225337,0.000291061,0.00024881,0.0011173,0.00019717,0.000408424,0.000403729,0.000582121,0.00115016,0.00238951,0.0252378,0.942886,0.0201067,
0.0273653,0.00312308,0.0012819,0.000707767,0.000485043,0.000534537,0.000514739,0.000499891,0.000579082,0.00102948,0.00189563,0.000811704,0.000727564,0.000727564,0.000613728,0.000821603,0.0012423,0.00360813,0.0316169,0.921814,


0.931158,0.0240471,0.0030104,0.00133662,0.000800766,0.000385331,0.000355227,0.000288998,0.000222769,0.000222769,0.000710454,0.00022879,0.000210728,0.000240832,0.000246853,0.000517788,0.000620142,0.00119814,0.00267925,0.0315189,
0.0270544,0.946148,0.0149961,0.00153988,0.000920626,0.000629451,0.000525256,0.000414944,0.000412905,0.000502827,0.00163021,0.000281183,0.000246928,0.000212876,0.000218381,0.00025488,0.000355405,0.000529131,0.000888409,0.00223785,
0.00217662,0.0260638,0.944527,0.0185226,0.00240574,0.00111286,0.000540065,0.000445144,0.000320766,0.000216026,0.00102449,0.000127652,0.000153837,0.000121105,0.000202933,0.000186568,0.00019966,0.000284761,0.000549884,0.00081828,
0.00104656,0.00216938,0.0292951,0.934728,0.0246047,0.00311425,0.00117791,0.00066522,0.000398285,0.000313543,0.000737251,0.000186431,0.000118638,0.000105927,0.000127112,0.00010169,0.000156772,0.000194905,0.000266936,0.0004915,
0.000245779,0.000365545,0.000757125,0.0182241,0.961839,0.0142781,0.0011612,0.000559252,0.000320763,0.000231199,0.00123515,0.000120807,7.70664e-05,5.41548e-05,6.24863e-05,7.49835e-05,8.74808e-05,7.70664e-05,9.2688e-05,0.000136428,
0.00021927,0.000350178,0.000719992,0.00210107,0.0357443,0.930452,0.0237663,0.00309269,0.00126653,0.000625084,0.00060872,0.000202907,0.000143998,8.18173e-05,8.509e-05,0.000107999,9.16353e-05,7.85446e-05,0.000111271,0.000150544,
0.000134136,0.000203784,0.000299227,0.000588137,0.00177731,0.0277018,0.935808,0.0276476,0.00303097,0.00109631,0.000675841,0.000309546,0.000214102,0.000103182,6.44887e-05,6.44887e-05,6.19091e-05,5.41705e-05,7.22273e-05,9.28637e-05,
5.93972e-05,6.11971e-05,0.000127794,0.000260988,0.000505776,0.00151193,0.0318675,0.928529,0.0324291,0.00284206,0.000907157,0.000347383,0.000172792,9.53955e-05,7.55964e-05,6.11971e-05,3.41984e-05,2.69987e-05,4.1398e-05,4.31979e-05,
3.09998e-05,5.05182e-05,7.3481e-05,7.3481e-05,0.000165332,0.000390368,0.00132725,0.0377256,0.928913,0.0278665,0.00226758,0.000572922,0.000203221,0.000105629,7.46292e-05,4.59256e-05,3.55924e-05,2.4111e-05,2.52591e-05,2.87035e-05,
3.66116e-05,1.3853e-05,4.25486e-05,6.82757e-05,8.80658e-05,0.000170195,0.000409654,0.00155451,0.0412771,0.921337,0.0323073,0.00181475,0.00043736,0.000165247,8.80658e-05,5.54122e-05,4.84857e-05,3.06746e-05,2.96851e-05,2.47376e-05,
5.51825e-05,6.09574e-05,6.99406e-05,7.89238e-05,8.34154e-05,0.00011614,0.000173889,0.000350986,0.0013231,0.0366893,0.947713,0.0117006,0.000816187,0.000252813,0.000140523,0.000103307,8.27737e-05,7.12239e-05,5.26158e-05,6.5449e-05,
0.000206376,0.00016588,0.000133501,0.000126395,0.00014917,0.000245386,0.000533022,0.0013433,0.00502885,0.0320249,0.134744,0.801563,0.0185696,0.00289724,0.000862701,0.000382841,0.000257814,0.000251868,0.000265753,0.000249192,
5.23977e-05,4.68822e-05,6.61866e-05,7.99755e-05,6.61866e-05,0.000135131,0.000168224,0.000270262,0.000568102,0.00116654,0.00355202,0.0351727,0.93145,0.023852,0.00194975,0.000711506,0.000264747,0.000184771,0.000143404,9.92799e-05,
0.000136186,9.96482e-05,6.64322e-05,0.00010297,7.97186e-05,9.96482e-05,0.000112935,0.000232513,0.000298945,0.00049492,0.00159105,0.00328507,0.0407794,0.923623,0.0255099,0.00198964,0.000724111,0.000325518,0.000219226,0.000229191,
0.000145388,8.79091e-05,8.11469e-05,9.46714e-05,8.4528e-05,8.11469e-05,9.80525e-05,0.00015215,0.000175818,0.00033135,0.000902759,0.000973763,0.00268799,0.0350081,0.929439,0.0264505,0.00191371,0.000679605,0.000412497,0.000199486,
0.000265655,0.000192176,9.32617e-05,7.6305e-05,8.19573e-05,8.19573e-05,7.91311e-05,0.000124349,0.000135653,0.00020348,0.00076305,0.000471961,0.000910008,0.00230046,0.0340773,0.940055,0.0177536,0.00150632,0.000517179,0.000310872,
0.000378532,0.00020339,0.000180791,0.000141243,7.90963e-05,0.000101695,8.19211e-05,0.000107345,0.000172317,0.000155368,0.000923731,0.000305086,0.000446329,0.000782488,0.00227967,0.0238193,0.949949,0.017791,0.00148588,0.000615821,
0.00072267,0.000411816,0.000313511,0.000217864,0.000188638,0.000257717,0.000249746,0.000263031,0.000390561,0.000475581,0.00145065,0.000507463,0.000536689,0.00059514,0.000940534,0.00211753,0.0234815,0.946618,0.0183909,0.00187044,
0.00192088,0.000879975,0.000546603,0.000404499,0.000355038,0.000381038,0.000468902,0.000566477,0.000775525,0.00121335,0.0029322,0.00107408,0.000803169,0.000772985,0.000816468,0.00112772,0.00240428,0.025171,0.937344,0.0200416,
0.0218823,0.0026738,0.00133807,0.000865465,0.000663172,0.000550004,0.000524205,0.000499578,0.000562904,0.00070363,0.00168695,0.000591636,0.000581081,0.000574045,0.000730016,0.00103258,0.00186227,0.00392626,0.0382247,0.920527,


0.930547,0.0245265,0.00311688,0.00116154,0.000729607,0.00051948,0.000309354,0.00018678,0.000250985,0.000256822,0.000636218,0.000169269,0.000175106,0.000198453,0.000268496,0.000396906,0.000636218,0.00124909,0.00287757,0.0317875,
0.0271854,0.937761,0.021299,0.00238159,0.00103821,0.00056315,0.000456183,0.000437306,0.00049079,0.000758207,0.00171776,0.000487644,0.000355508,0.000330339,0.000327193,0.000349216,0.000377531,0.00057888,0.000921804,0.00218339,
0.00185335,0.0249365,0.947084,0.0181075,0.00233114,0.000986019,0.000587351,0.000404755,0.000249548,0.000152163,0.00119905,0.000112601,9.73846e-05,9.43413e-05,0.000112601,0.00016738,0.000188683,0.000264764,0.000362149,0.000709082,
0.000885133,0.00215326,0.0300562,0.933858,0.0248348,0.00316605,0.00131068,0.000553208,0.000434055,0.000327669,0.000783002,0.000136174,0.000148941,0.000127663,7.6598e-05,0.000119152,0.000144685,0.000170218,0.000272349,0.000442566,
0.000543958,0.00100934,0.00276857,0.0564171,0.915395,0.0168398,0.0023796,0.00119541,0.000649296,0.000448118,0.000737366,0.000221037,0.000170527,0.000117426,0.000125628,0.000136853,0.000135558,0.000151963,0.000241759,0.00031515,
0.000190291,0.000324807,0.000754603,0.00197181,0.0354532,0.931177,0.0237798,0.00305778,0.00112862,0.000610244,0.000551188,0.000183729,0.000150921,0.00011155,6.23368e-05,8.20221e-05,6.88985e-05,0.000101707,7.87412e-05,0.000160763,
0.000106548,0.000154979,0.000290585,0.000595699,0.00180163,0.0287437,0.935602,0.0271188,0.00295912,0.00104368,0.000648973,0.000239733,0.000154979,0.000116234,6.05386e-05,7.02247e-05,5.8117e-05,7.74893e-05,7.74893e-05,7.99109e-05,
6.1257e-05,7.17582e-05,0.000150517,0.000215275,0.000518059,0.00155768,0.0312883,0.927713,0.0337159,0.00277232,0.000988864,0.00034479,0.00017677,0.000110263,6.30072e-05,6.47574e-05,5.77566e-05,3.67542e-05,3.85044e-05,5.42562e-05,
3.67639e-05,3.44661e-05,6.2039e-05,8.61653e-05,0.000165437,0.000398658,0.00130397,0.0368133,0.929158,0.0285,0.00236323,0.000551458,0.000190713,0.000125227,4.94014e-05,4.25082e-05,3.79127e-05,2.29774e-05,1.95308e-05,3.79127e-05,
3.16846e-05,2.87142e-05,4.05959e-05,6.63396e-05,8.81227e-05,0.000155452,0.000381205,0.00156047,0.0401533,0.921935,0.0329559,0.00174364,0.000440614,0.000148521,7.92115e-05,6.03987e-05,3.66353e-05,3.26747e-05,2.27733e-05,3.86156e-05,
4.3722e-05,5.72243e-05,5.72243e-05,7.07267e-05,8.93729e-05,0.000118307,0.000181961,0.000387068,0.00133288,0.0359864,0.948211,0.0118975,0.00079664,0.000289337,0.000142739,9.64455e-05,6.87978e-05,6.87978e-05,5.65814e-05,4.75798e-05,
5.32477e-05,4.56409e-05,3.61324e-05,6.08545e-05,8.74784e-05,0.000125513,0.00015594,0.000336602,0.000956557,0.00372544,0.054267,0.918333,0.0189809,0.00172104,0.000505853,0.000226303,0.000146431,9.69869e-05,8.17733e-05,5.70511e-05,
6.87879e-05,5.77818e-05,6.60364e-05,8.25455e-05,7.15394e-05,0.00014583,0.000134824,0.0002724,0.000522788,0.00117215,0.00372005,0.0343114,0.931066,0.0250168,0.00194807,0.000638352,0.000316424,0.000176097,0.000121067,9.08e-05,
0.000122014,0.000115418,0.000112121,8.57393e-05,9.56322e-05,9.56322e-05,0.0001418,0.000257218,0.000385827,0.000774951,0.00165872,0.00333064,0.0392356,0.924721,0.0253261,0.00204455,0.000699105,0.000366041,0.000270408,0.000161586,
0.000117806,0.000111261,9.48993e-05,7.85374e-05,8.18098e-05,9.48993e-05,0.000114534,0.000140713,0.000258519,0.000337056,0.000906452,0.00107007,0.00274226,0.0411372,0.92337,0.0264442,0.00173437,0.00060212,0.000343601,0.00021925,
0.000177206,0.000149078,0.000115324,8.43837e-05,0.00012095,8.71965e-05,7.59453e-05,9.56348e-05,0.000168767,0.000233461,0.00106605,0.00053443,0.000838211,0.0023543,0.0341107,0.939081,0.0182719,0.00151891,0.000621626,0.000295343,
0.000362772,0.000298924,0.000165424,0.000104478,0.000101576,0.000127696,0.000101576,9.57718e-05,0.000124794,0.00015962,0.00116087,0.000348261,0.000441131,0.000832925,0.00210118,0.0233625,0.950344,0.0176075,0.00156137,0.000597848,
0.000781142,0.000491479,0.000306284,0.000170949,0.000156703,0.000147206,0.000235055,0.000235055,0.000292038,0.000413127,0.00153854,0.000491479,0.000443993,0.000636311,0.000859494,0.00222471,0.0235197,0.946199,0.0189374,0.0019208,
0.00217995,0.0010279,0.000516434,0.000362497,0.00024332,0.000213526,0.000193663,0.000168834,0.000168834,0.00013904,0.00112722,0.00027808,0.000362497,0.000372428,0.000630645,0.00114708,0.00275597,0.028821,0.937214,0.0220776,
0.027518,0.00342116,0.00116598,0.000676554,0.000475027,0.00041265,0.000494221,0.000465431,0.000849292,0.00107001,0.00208244,0.000796511,0.000748528,0.000695747,0.000580589,0.000834897,0.00147307,0.0035747,0.0311407,0.921525,


0.931442,0.0242368,0.00347101,0.00134381,0.000554397,0.000470032,0.000289251,0.00022899,0.000210912,0.000216938,0.000692997,0.000156677,0.000156677,0.000138599,0.00022899,0.000289251,0.000632736,0.00133176,0.00275993,0.0311487,
0.0270311,0.952527,0.0133457,0.00111274,0.000645189,0.000480339,0.000318331,0.000187588,0.000136428,0.000162008,0.0012719,9.80573e-05,9.80573e-05,0.000125059,0.000137849,0.000147797,0.000217431,0.000373755,0.00048176,0.00110137,
0.00181942,0.0246669,0.951837,0.0140626,0.00146805,0.000840179,0.000554402,0.000399114,0.000273956,0.000248461,0.00138995,0.00016734,0.000125621,0.00013072,0.000152275,0.000153898,0.000210218,0.000292498,0.000451263,0.000756508,
0.00103936,0.00217004,0.0289019,0.934821,0.0248315,0.00312677,0.00126114,0.000634921,0.000395738,0.000334855,0.000756686,0.000156556,0.000126114,0.000100022,0.000113068,0.000173951,0.000160905,0.000169602,0.00028267,0.000443575,
0.000364287,0.000685717,0.00199286,0.0282394,0.93446,0.0273572,0.00307144,0.00115715,0.000671431,0.000332144,0.000550002,0.000153572,0.000117858,0.000121429,6.78574e-05,7.14288e-05,8.57146e-05,0.000107143,0.000200001,0.000192858,
0.000150561,0.000330579,0.000746256,0.00200638,0.0341903,0.931727,0.0244137,0.00289993,0.00131249,0.000579331,0.000549873,0.000222568,0.000140741,0.000111284,0.000114557,9.81916e-05,9.49186e-05,9.49186e-05,0.00011783,9.81916e-05,
0.000144442,0.000141863,0.000296622,0.000613878,0.00184679,0.0267605,0.935589,0.0289039,0.00302812,0.00108074,0.000624196,0.000257932,0.000131545,0.000134125,5.67451e-05,8.25383e-05,6.70623e-05,4.90071e-05,8.51176e-05,0.000105752,
6.30607e-05,6.81738e-05,0.000136348,0.000270991,0.000502781,0.00156459,0.0311196,0.927709,0.0338193,0.00277979,0.0010584,0.000311895,0.0001568,0.0001176,8.18085e-05,5.11303e-05,3.40869e-05,4.60173e-05,5.11303e-05,5.79477e-05,
4.24251e-05,4.01319e-05,4.47184e-05,8.82901e-05,0.000161674,0.000396732,0.00126358,0.0357518,0.929828,0.0289798,0.00228178,0.000567579,0.000221299,9.40232e-05,5.84779e-05,4.24251e-05,2.7519e-05,4.01319e-05,2.86656e-05,4.12785e-05,
3.86063e-05,4.65256e-05,2.96972e-05,6.43439e-05,8.90915e-05,0.000181153,0.000361316,0.00162444,0.0390666,0.922424,0.0335093,0.0017452,0.000365275,0.000169274,8.4142e-05,5.64246e-05,3.76164e-05,3.76164e-05,3.46467e-05,3.46467e-05,
7.50583e-05,5.77371e-05,6.92846e-05,7.50583e-05,7.95489e-05,0.000128305,0.00018091,0.00038299,0.00133052,0.0348097,0.948914,0.0122961,0.000809603,0.000270081,0.000133437,9.04548e-05,8.40396e-05,8.53226e-05,6.22278e-05,6.54354e-05,
5.22097e-05,4.06076e-05,5.80108e-05,5.0276e-05,6.9613e-05,0.000112154,0.000185635,0.000380938,0.000997786,0.00368755,0.0528981,0.91951,0.0190798,0.00171132,0.000504694,0.000235911,0.000185635,0.000104419,8.31488e-05,5.22097e-05,
7.15601e-05,8.53216e-05,6.05508e-05,7.43124e-05,8.8074e-05,0.000101836,0.000162386,0.000288993,0.000561472,0.00118349,0.00345415,0.0334929,0.931509,0.0255002,0.00208075,0.000624775,0.000291745,0.0001789,9.08263e-05,9.90832e-05,
0.00011294,7.64008e-05,0.000116262,0.000116262,5.97919e-05,0.000119584,0.000182698,0.000202628,0.000275707,0.000478335,0.00140843,0.00327195,0.0393265,0.924509,0.0263251,0.00200635,0.000724147,0.000308925,0.000245811,0.000132871,
0.000170954,6.49624e-05,8.20577e-05,5.47052e-05,6.83814e-05,6.49624e-05,8.20577e-05,0.000174373,0.00022224,0.00029404,0.000697491,0.000960759,0.00257114,0.0333804,0.929793,0.0283065,0.00176766,0.000649624,0.000417127,0.000177792,
0.000138898,0.000163054,8.75662e-05,7.85076e-05,7.24686e-05,0.000120781,7.24686e-05,0.000117761,0.000181171,0.000265718,0.000742803,0.000413675,0.000923974,0.00243978,0.0337281,0.938809,0.0190743,0.00164866,0.000576729,0.000344226,
0.000376774,0.000285524,0.000194274,9.71371e-05,9.71371e-05,8.53629e-05,7.35887e-05,0.000105968,0.000129516,0.000194274,0.00117742,0.000365,0.000515121,0.000824194,0.00198984,0.025444,0.947493,0.018509,0.00136286,0.00067996,
0.000934396,0.000495686,0.000341852,0.000282028,0.00020796,0.000250692,0.000244994,0.000299121,0.000364642,0.000655217,0.00173775,0.000640973,0.000598241,0.000658065,0.00114805,0.00238727,0.0235023,0.944412,0.018987,0.0018517,
0.00216384,0.00100125,0.000484018,0.000275226,0.000185066,0.000256245,0.000142358,0.000137613,0.000189811,0.000175575,0.00108192,0.000204047,0.000303698,0.000446056,0.000673829,0.00106294,0.00284716,0.024889,0.94263,0.0208507,
0.0137999,0.00089563,0.000463257,0.000297685,0.000257365,0.000183587,0.000142409,0.000169003,0.000164714,0.000239349,0.00164199,0.000203318,0.000204176,0.000196455,0.000320848,0.000326853,0.000467546,0.000948819,0.0144399,0.964637,


0.915481,0.0194305,0.00254802,0.00127165,0.0008395,0.000648615,0.000508108,0.000489216,0.000523851,0.00062382,0.00129093,0.000401055,0.00036091,0.000350677,0.000422308,0.000567145,0.000833203,0.00135666,0.00363272,0.0484202,
0.0270854,0.941894,0.0187562,0.00199624,0.00094363,0.000495344,0.000465623,0.000421042,0.000433426,0.000579552,0.00173123,0.000341787,0.000279869,0.00031702,0.000217951,0.000269962,0.000381415,0.000510204,0.000856945,0.00202348,
0.00134787,0.0247721,0.951359,0.0160527,0.00169605,0.000689954,0.000437897,0.000264874,0.000243513,0.000132437,0.00111076,0.000102532,6.62185e-05,7.04907e-05,0.000106804,0.000117484,0.000181567,0.000279827,0.000331093,0.000636552,
0.000819498,0.00216494,0.0272881,0.936454,0.0247888,0.00307414,0.0014066,0.000631951,0.000411788,0.000244626,0.000843961,0.000167161,0.000167161,0.000171238,0.000138622,0.000101928,0.000187547,0.000195701,0.000260935,0.000481099,
0.000378982,0.000858071,0.00194854,0.0276943,0.935019,0.0274368,0.00294962,0.00111192,0.000611376,0.00035753,0.000529144,0.000178765,0.00012156,0.000110834,7.86565e-05,0.000110834,6.79307e-05,0.000100108,0.000146587,0.000189491,
0.000206722,0.000357662,0.000633291,0.00208691,0.0332462,0.9325,0.0242915,0.00318943,0.00123377,0.000531571,0.000649698,0.000206722,0.000167346,9.84391e-05,0.000111564,9.18765e-05,5.90635e-05,0.000108283,0.000121408,0.000108283,
9.81288e-05,0.000170434,0.000338286,0.000606849,0.00185928,0.0259473,0.935511,0.0297769,0.00299809,0.00104843,0.000661078,0.000255651,0.000152358,0.000123952,5.42291e-05,7.74701e-05,5.16468e-05,8.00525e-05,0.000105876,8.26348e-05,
7.96762e-05,8.67585e-05,0.000113317,0.000270899,0.000497534,0.00146958,0.0300539,0.927589,0.0351461,0.00281345,0.000957885,0.000345264,0.000201846,9.56114e-05,5.84292e-05,3.00999e-05,4.42646e-05,5.66586e-05,4.2494e-05,4.78057e-05,
3.67557e-05,3.44585e-05,5.39849e-05,9.76324e-05,0.000169995,0.000366408,0.00130253,0.0347215,0.929924,0.0298054,0.00234777,0.000561673,0.000195265,0.000120605,6.08766e-05,5.05391e-05,5.16877e-05,2.29723e-05,3.90529e-05,3.67557e-05,
2.17811e-05,3.56419e-05,4.65324e-05,6.93036e-05,8.41544e-05,0.00018217,0.000398001,0.00155141,0.0380467,0.922395,0.0344736,0.00185041,0.00037424,0.00019009,8.21743e-05,5.7423e-05,3.96021e-05,3.56419e-05,2.57414e-05,4.05921e-05,
5.39666e-05,5.46091e-05,5.78214e-05,7.00281e-05,8.54472e-05,0.000129134,0.000180531,0.000350783,0.00134403,0.0338255,0.949929,0.0123616,0.000766455,0.000294889,0.000126565,0.000108576,7.77377e-05,7.58103e-05,5.33242e-05,5.46091e-05,
3.50424e-05,3.69892e-05,6.42445e-05,7.78721e-05,6.22977e-05,0.000110968,0.000175212,0.000387414,0.000971454,0.00360158,0.0525695,0.91971,0.019394,0.00171708,0.000506168,0.00019468,0.000149904,9.73401e-05,8.17657e-05,5.64572e-05,
7.96342e-05,7.41422e-05,8.23802e-05,6.04122e-05,7.96342e-05,0.000104348,0.000167506,0.000260871,0.000488789,0.0012412,0.00367965,0.0332157,0.931399,0.025796,0.00184532,0.00069474,0.000359727,0.000170252,0.000112586,8.78723e-05,
0.000126092,9.291e-05,9.62282e-05,7.63189e-05,8.29553e-05,0.000126092,0.000136047,0.00018582,0.000321867,0.000580687,0.00146997,0.00312576,0.0376385,0.925052,0.0274151,0.00208052,0.000680234,0.000374958,0.000199093,0.000139365,
0.000150405,6.49475e-05,6.49475e-05,6.49475e-05,7.52024e-05,8.20389e-05,0.000109385,0.000184588,0.00023928,0.000263208,0.000840899,0.00103916,0.00263892,0.0335779,0.928565,0.0287752,0.00196552,0.000700749,0.000334992,0.000263208,
0.000225105,0.000126429,7.70908e-05,8.3258e-05,0.00010176,8.94253e-05,9.25089e-05,0.000104843,0.000163432,0.000259025,0.000622894,0.000505715,0.000983678,0.00246074,0.0340371,0.937877,0.0194577,0.00169291,0.000635228,0.000403956,
0.000342125,0.000263925,0.000179209,9.44918e-05,0.000127075,0.000130333,9.77501e-05,9.77501e-05,0.000146625,0.00013685,0.00102638,0.000387742,0.000478976,0.00101334,0.00227432,0.0235643,0.947466,0.0197129,0.00171389,0.000746159,
0.000908803,0.000487948,0.00028057,0.000292769,0.000204328,0.000219576,0.000207378,0.000247024,0.000433054,0.000673978,0.00173831,0.000545891,0.00056419,0.000698375,0.000948448,0.00247938,0.0235862,0.941099,0.0222779,0.00210732,
0.00234983,0.0010635,0.000546943,0.000415272,0.000227893,0.000192443,0.000146864,0.000111414,0.000182314,0.000162057,0.00102299,0.000293729,0.000374758,0.000465915,0.000648229,0.00116479,0.00270433,0.0252759,0.941229,0.021422,
0.026588,0.00324092,0.00132564,0.000740183,0.000501819,0.000472546,0.000556183,0.000560365,0.00057291,0.000894911,0.00203237,0.00086982,0.000656547,0.000556183,0.000652365,0.00077782,0.00132982,0.00341655,0.0373813,0.916874,


0.931871,0.02529,0.00290579,0.00139261,0.000753575,0.000482288,0.000265258,0.000211001,0.000211001,0.000192915,0.000723432,0.000180858,0.000192915,0.000186887,0.000271287,0.000403916,0.000572717,0.00119969,0.00267067,0.0300224,
0.0270913,0.943371,0.0181534,0.00179209,0.000887019,0.00057329,0.000413039,0.000413039,0.000428839,0.00059586,0.00169053,0.000367898,0.00023699,0.000239247,0.00025956,0.000207648,0.000300187,0.000485265,0.000665829,0.00182821,
0.00214838,0.0249244,0.942665,0.0214563,0.00265897,0.00121755,0.000636267,0.000365265,0.000302423,0.000235655,0.000895487,0.000192451,0.000137465,0.00012961,0.000125682,0.000200306,0.000208161,0.000255292,0.000400613,0.000844429,
0.00105648,0.00253703,0.0375719,0.92566,0.0252252,0.00290903,0.00112716,0.000714238,0.000453839,0.000260399,0.000561718,0.00015252,0.0001302,0.00013764,0.00012648,0.00015252,0.0001488,0.000238079,0.000334799,0.000502199,
0.000374984,0.000710684,0.00204634,0.0274345,0.934421,0.0282345,0.00306773,0.00123923,0.000567833,0.000299987,0.000582118,0.000135708,0.000117852,9.28532e-05,6.78542e-05,8.57106e-05,7.14255e-05,0.000135708,0.000103567,0.000210705,
0.000215194,0.000404304,0.000691229,0.002015,0.0325041,0.932602,0.0250864,0.00302902,0.00121617,0.000612977,0.000606456,0.00018911,0.000149984,0.000153244,0.000101076,8.47734e-05,8.15129e-05,6.19498e-05,8.80339e-05,0.000107597,
9.56092e-05,0.000183466,0.000279076,0.00060208,0.00163569,0.0261142,0.934975,0.030458,0.00297681,0.00108788,0.000697689,0.000235147,0.00017313,8.78571e-05,6.97689e-05,5.42647e-05,3.87605e-05,6.97689e-05,8.0105e-05,8.52731e-05,
3.95515e-05,7.73052e-05,0.000145621,0.000251691,0.000564508,0.00152273,0.0287521,0.927617,0.0361177,0.00291423,0.0010625,0.000332592,0.000177982,0.000125846,6.47206e-05,5.93272e-05,2.33713e-05,3.23603e-05,5.75294e-05,6.1125e-05,
2.98915e-05,3.67896e-05,4.48373e-05,0.00010462,0.000205792,0.000408134,0.00135317,0.0339292,0.929754,0.0306492,0.00237178,0.000580585,0.000218438,0.00010692,6.43817e-05,4.02386e-05,3.90889e-05,2.75922e-05,1.83948e-05,1.72451e-05,
3.55996e-05,3.06553e-05,4.35107e-05,6.32883e-05,9.19658e-05,0.000156243,0.000403463,0.00157331,0.0368941,0.922755,0.0352644,0.00184624,0.000397529,0.000178987,8.2077e-05,5.14217e-05,4.74662e-05,3.16441e-05,3.2633e-05,2.07665e-05,
5.84711e-05,5.20457e-05,6.81092e-05,7.13219e-05,7.71047e-05,0.0001163,0.000187621,0.000341188,0.00132235,0.0326847,0.950747,0.0126175,0.000871283,0.000275007,0.000143286,9.57384e-05,7.96749e-05,7.45346e-05,5.91136e-05,5.78285e-05,
5.26242e-05,6.43185e-05,5.45732e-05,5.84713e-05,7.60127e-05,0.000111096,0.000198803,0.000434637,0.000962828,0.00367785,0.0507843,0.920871,0.0198725,0.00161966,0.000539885,0.00022414,0.000155924,0.000109146,6.43185e-05,6.82165e-05,
7.1551e-05,6.87991e-05,6.87991e-05,8.25589e-05,7.7055e-05,0.000123838,0.000170622,0.000288956,0.000498105,0.00123563,0.0036436,0.0320576,0.931592,0.0267738,0.00188785,0.000638455,0.000313724,0.000165118,0.000123838,0.000118334,
0.000128784,7.26475e-05,0.000125482,8.2554e-05,5.94389e-05,0.000118878,0.000135389,0.000191525,0.000379748,0.000637317,0.0016808,0.00362577,0.0371823,0.924229,0.0278207,0.00208697,0.000729778,0.000363238,0.000231151,0.000118878,
0.000101188,7.17827e-05,5.44857e-05,2.85401e-05,5.88099e-05,7.35124e-05,7.52421e-05,7.17827e-05,0.000129728,0.000213618,0.00123933,0.000487777,0.00100842,0.0170661,0.961803,0.0161848,0.000639126,0.000331238,0.000224862,0.000136647,
0.000203363,0.00011576,0.000122018,7.19591e-05,8.13451e-05,8.76024e-05,0.000103246,0.000128275,0.000147047,0.000181462,0.000891667,0.000431755,0.000860381,0.00249041,0.0336112,0.938093,0.0198263,0.00165193,0.000613217,0.000287836,
0.000394826,0.000273088,0.000197413,0.00014477,0.000115158,9.21262e-05,7.89653e-05,9.21262e-05,0.000111867,0.000157931,0.00114171,0.000319151,0.000421148,0.000964035,0.00241502,0.0236731,0.947222,0.0198729,0.00157931,0.000733719,
0.000890648,0.000405587,0.000309671,0.000254862,0.000194572,0.000186351,0.000246641,0.000391885,0.00041929,0.00054535,0.00177033,0.0006029,0.000496022,0.000737182,0.00110988,0.00254862,0.023409,0.943489,0.0200629,0.00192928,
0.00228946,0.000994309,0.00057619,0.000341635,0.000219258,0.000193763,0.000193763,0.000163169,0.00010198,0.000254951,0.000973913,0.000219258,0.000316139,0.000484407,0.00072916,0.00112179,0.00279426,0.0250668,0.940632,0.0223337,
0.027227,0.00285562,0.00138065,0.000553116,0.000467362,0.000428772,0.000428772,0.000420197,0.00058313,0.000784653,0.00179227,0.000557404,0.000458786,0.000570267,0.000510239,0.000750352,0.00120914,0.00287706,0.0281189,0.928026,


0.930946,0.0259793,0.00311198,0.00143862,0.000758433,0.000451448,0.000306985,0.00026485,0.000246792,0.000234753,0.00061397,0.000246792,0.000192618,0.000180579,0.000288927,0.000343101,0.000601931,0.00120386,0.00281102,0.0297775,
0.0268906,0.940902,0.0193413,0.00214875,0.000970318,0.000704976,0.000434432,0.000361593,0.000478656,0.000603522,0.00170131,0.000483858,0.000304363,0.00029916,0.000257538,0.000265342,0.000353789,0.000546292,0.000819438,0.00213314,
0.00146731,0.0246453,0.950149,0.0165431,0.00183716,0.000928088,0.000497745,0.000298993,0.000212579,0.0001711,0.00111129,0.00013135,0.00012098,0.000124436,0.000127893,0.000157274,0.000184926,0.000288623,0.000394048,0.000608356,
0.000800174,0.00217559,0.0280135,0.93589,0.0252331,0.00279877,0.00122792,0.000671114,0.000457242,0.000294995,0.000829674,0.000114311,0.000125373,0.000103248,9.95608e-05,0.000132748,0.000125373,0.000180684,0.000320807,0.000405618,
0.00034267,0.000788855,0.00208101,0.026482,0.935064,0.0287057,0.00283417,0.00109583,0.000692479,0.000314114,0.000489019,0.000189182,8.56675e-05,6.78201e-05,7.13896e-05,0.000103515,0.000110654,8.92369e-05,0.000128501,0.000264141,
0.000188116,0.000293334,0.000736523,0.00198,0.0316418,0.933614,0.0251279,0.00306406,0.00123073,0.000535653,0.000631305,0.000213623,0.000117971,9.88407e-05,8.60871e-05,5.10146e-05,8.28986e-05,7.97102e-05,8.60871e-05,0.00014029,
0.00010746,0.000174324,0.000305664,0.000623269,0.00172891,0.0262728,0.934738,0.0302679,0.00303754,0.00106266,0.000666253,0.000293724,0.000157608,0.000102684,7.64161e-05,8.35801e-05,5.01481e-05,7.16401e-05,7.40281e-05,0.000105072,
8.9386e-05,0.000120786,0.000182897,0.000326832,0.000792097,0.00262474,0.0700816,0.901918,0.0179588,0.00324448,0.00136531,0.000459306,0.000239509,0.000146455,8.824e-05,7.54051e-05,6.53205e-05,6.62373e-05,7.40299e-05,8.04474e-05,
3.83657e-05,4.84139e-05,4.6587e-05,0.000100482,0.000168078,0.000412888,0.00145607,0.0349082,0.930824,0.0285916,0.00223343,0.000567265,0.000236589,0.000124232,6.48564e-05,4.20196e-05,4.56735e-05,2.9231e-05,3.01445e-05,3.19714e-05,
3.06832e-05,2.77139e-05,4.15708e-05,5.34482e-05,0.000103927,0.000166283,0.000373148,0.00152327,0.0358519,0.922514,0.036609,0.00182813,0.000466187,0.000148467,8.21519e-05,5.04789e-05,3.46424e-05,3.36526e-05,2.37548e-05,3.76117e-05,
5.51627e-05,5.2597e-05,5.58041e-05,7.31227e-05,9.68555e-05,0.00011225,0.000162922,0.000355351,0.00131621,0.0317949,0.951337,0.012978,0.000838986,0.000264909,0.00013919,0.000104553,8.27441e-05,7.18398e-05,5.96527e-05,4.8107e-05,
4.87563e-05,4.68061e-05,6.82589e-05,6.24081e-05,5.26568e-05,0.000130667,0.000171622,0.000349095,0.00092637,0.00377959,0.0493668,0.922041,0.0201715,0.00164016,0.000548021,0.00023208,0.000136518,9.36121e-05,6.43583e-05,7.02091e-05,
9.93183e-05,8.27652e-05,4.96591e-05,6.06945e-05,5.79357e-05,0.000104836,0.000140701,0.000278643,0.000532456,0.00121389,0.00364167,0.0314977,0.931915,0.0270642,0.00191464,0.000590392,0.000355891,0.00019036,0.000124148,8.55241e-05,
0.000119959,9.33016e-05,7.99728e-05,5.99796e-05,8.3305e-05,9.33016e-05,8.99694e-05,0.000219925,0.000343217,0.000613125,0.00153948,0.00317559,0.0360911,0.925265,0.0285903,0.0021426,0.000723087,0.000353213,0.000176607,0.000146617,
0.000116132,7.17284e-05,9.56379e-05,8.88066e-05,6.83128e-05,7.17284e-05,8.5391e-05,0.000112716,0.000232263,0.000331317,0.00077535,0.00104519,0.00271202,0.0313146,0.929105,0.0305666,0.00202547,0.000676296,0.000310823,0.000194691,
0.000220483,0.000113391,0.000119691,0.000116541,9.76424e-05,8.81931e-05,7.87439e-05,0.00013229,0.000166937,0.000233082,0.000825236,0.000535458,0.00090398,0.00265839,0.034367,0.935934,0.0206718,0.00177961,0.000626801,0.000330724,
0.000467446,0.00025497,0.000147098,0.000111141,0.000137292,0.000130754,0.000120947,0.000140561,0.000124216,0.000153636,0.00096758,0.000418413,0.000529554,0.000974117,0.00231435,0.0236665,0.946976,0.020074,0.00160827,0.00068319,
0.000992222,0.000585317,0.000375604,0.000231623,0.000165892,0.000178412,0.000244143,0.000350564,0.000388125,0.000660438,0.00176221,0.000597837,0.000597837,0.000716779,0.00102352,0.00251342,0.0242296,0.940545,0.0218226,0.00201887,
0.00219964,0.00114811,0.000649163,0.000439928,0.000268249,0.000193139,0.000257519,0.000134124,0.000177044,0.000236059,0.000971061,0.000278979,0.000418468,0.000413103,0.000600878,0.00121249,0.00279515,0.0251403,0.938818,0.0236488,
0.0273767,0.00279128,0.0011874,0.0008108,0.000403185,0.000398754,0.000451921,0.000482936,0.000611423,0.00103676,0.00207352,0.000700035,0.000575978,0.000527242,0.000571548,0.000753202,0.00125386,0.00313687,0.027997,0.92686,


0.931868,0.025828,0.00325553,0.00118929,0.000744807,0.000444482,0.000252273,0.000228247,0.000186202,0.00024026,0.000606658,0.000174189,0.000198215,0.000222241,0.000282306,0.000384417,0.000720781,0.00114724,0.00282306,0.0292037,
0.0268009,0.935814,0.0221007,0.00239685,0.00118391,0.000735508,0.000554857,0.000558083,0.00058389,0.000935514,0.00210329,0.00049679,0.000396787,0.000296784,0.000274202,0.000303236,0.000435498,0.000645182,0.000974225,0.00240976,
0.00186194,0.0248297,0.942431,0.0219515,0.00266102,0.00107837,0.000616767,0.000395662,0.000279291,0.000263774,0.00100079,0.000151282,9.69759e-05,0.000147403,0.000170678,0.000151282,0.000193952,0.000349113,0.000481,0.000888299,
0.000843602,0.00204545,0.025285,0.938621,0.0254159,0.00290061,0.00103621,0.00068952,0.000308165,0.000315869,0.000824342,0.000150231,0.000100154,0.00013097,0.000127118,0.00013097,0.000127118,0.000211864,0.000327426,0.000408319,
0.000367249,0.000734499,0.00179919,0.0257176,0.936867,0.0281637,0.00262465,0.00110849,0.000582882,0.000333557,0.000566036,0.000158355,9.43393e-05,9.097e-05,7.7493e-05,8.76008e-05,0.000114555,0.000111186,0.000117924,0.000283018,
0.000204175,0.000359592,0.000642999,0.00204784,0.0299985,0.935423,0.0249063,0.00298644,0.00113363,0.000569861,0.000713089,0.000265123,0.000131038,0.000115801,7.31373e-05,7.00899e-05,8.53268e-05,7.61847e-05,9.4469e-05,0.000103611,
0.000116117,0.000172885,0.000330288,0.00062445,0.00172369,0.0249161,0.935292,0.0313876,0.00281777,0.000990863,0.000652834,0.000242555,0.000196108,0.00013676,7.48308e-05,6.967e-05,5.93486e-05,6.19289e-05,6.70897e-05,6.70897e-05,
6.91384e-05,8.33206e-05,0.00014005,0.00025528,0.000501697,0.00148027,0.0273327,0.927094,0.0382388,0.00293218,0.000916527,0.000340374,0.000196779,0.000109912,7.26839e-05,5.14106e-05,4.43195e-05,4.7865e-05,4.96378e-05,4.25467e-05,
3.77203e-05,5.28084e-05,5.0653e-05,9.91505e-05,0.000159503,0.000369659,0.00125124,0.032697,0.931312,0.030589,0.00227076,0.000564727,0.000204767,0.000105617,6.46634e-05,4.31089e-05,3.98758e-05,2.04767e-05,3.44871e-05,3.23317e-05,
2.07385e-05,1.61299e-05,2.56762e-05,3.21501e-05,5.93625e-05,0.000114775,0.000301311,0.00130784,0.0706208,0.916176,0.0100786,0.000816701,0.000199814,8.74527e-05,4.32326e-05,2.79805e-05,2.20552e-05,1.72272e-05,1.47035e-05,1.70077e-05,
5.20531e-05,5.97646e-05,5.97646e-05,7.1332e-05,8.80404e-05,0.000119529,0.000160658,0.000372083,0.00131097,0.030917,0.95183,0.0133558,0.000818069,0.0002834,0.000152946,0.000101536,7.06894e-05,6.10499e-05,6.36204e-05,5.14104e-05,
1.28383e-05,1.34802e-05,1.25815e-05,1.52776e-05,1.81662e-05,2.86294e-05,4.62179e-05,9.39764e-05,0.000299197,0.00128274,0.0712517,0.91936,0.00653778,0.000683897,0.00017749,7.51041e-05,3.55621e-05,2.29806e-05,1.91291e-05,1.3416e-05,
7.14849e-05,7.97332e-05,6.04873e-05,6.59861e-05,9.07309e-05,0.000131972,0.000170464,0.00023645,0.000538886,0.00116575,0.003577,0.0313461,0.93168,0.0274447,0.00194659,0.000654362,0.000299687,0.000175963,0.000162216,0.000101729,
0.000124967,0.000101947,0.000124967,9.86582e-05,0.000105235,0.000157853,0.000177585,0.000210471,0.000358458,0.000782689,0.00156538,0.00360431,0.0348362,0.925339,0.0291206,0.00188437,0.000677453,0.000338727,0.000233491,0.000157853,
0.000146632,0.000112531,0.000115941,8.86609e-05,6.82007e-05,0.000105711,8.86609e-05,0.000119351,0.000211422,0.000327363,0.000866149,0.00110144,0.00270757,0.031045,0.928662,0.0311166,0.00191985,0.000641087,0.000337594,0.000218242,
0.000136054,7.95046e-05,7.0173e-05,6.75602e-05,6.79335e-05,6.45741e-05,6.68137e-05,8.88361e-05,0.000108992,0.000171327,0.000712928,0.00034396,0.000588632,0.00169834,0.0340897,0.946729,0.0133859,0.000917102,0.000375687,0.000237207,
0.000377646,0.000195567,0.000121386,0.000124758,0.000138245,0.000144989,0.000118014,0.000111271,0.000144989,0.000239401,0.00100144,0.000391133,0.000472058,0.000866563,0.00259294,0.0235759,0.945693,0.0212392,0.00172638,0.000724946,
0.000599845,0.000357333,0.000307841,0.000210837,0.000202918,0.000194009,0.000222715,0.000329618,0.000375151,0.000489972,0.00173124,0.000601825,0.000564211,0.000678043,0.000827509,0.00197672,0.0235009,0.947044,0.0182359,0.0015491,
0.00214075,0.00112753,0.000628715,0.000420875,0.0002598,0.000197448,0.00018186,0.000187056,0.000109116,0.00020784,0.000940475,0.000192252,0.000327348,0.000384503,0.000680675,0.00115871,0.00273309,0.0252213,0.939877,0.0230234,
0.0275712,0.00311767,0.0012305,0.000745664,0.000497109,0.000417326,0.000494041,0.000555412,0.000675087,0.000988082,0.00200685,0.000889887,0.000675087,0.000644401,0.000613715,0.00075487,0.00115992,0.00332941,0.0355157,0.918118,


0.932021,0.0267468,0.00323452,0.00139659,0.000701317,0.000513896,0.00032043,0.000253925,0.000205559,0.000229742,0.00068318,0.000157192,0.000266017,0.000211604,0.000326475,0.000380888,0.000616676,0.00108221,0.00278713,0.0278653,
0.0272652,0.935137,0.0230819,0.0024422,0.00118034,0.000834716,0.000603213,0.000521698,0.000502134,0.00085428,0.00139228,0.000466267,0.000384752,0.000316279,0.000299976,0.000316279,0.000440182,0.000423879,0.000873844,0.00266392,
0.00194321,0.0242218,0.943947,0.0213449,0.00256184,0.0011348,0.000580685,0.0004061,0.000242901,0.000223924,0.000831176,0.000174585,0.000125246,6.45205e-05,9.48831e-05,0.000144222,0.000208743,0.000337784,0.00052755,0.000884311,
0.000878741,0.00210673,0.0251343,0.938826,0.0251681,0.00286154,0.00120545,0.000627136,0.000383041,0.000296669,0.000754816,0.000229074,0.000116414,9.01273e-05,0.000131436,0.000138946,0.000172744,0.000229074,0.000255361,0.000394307,
0.000363807,0.000731014,0.00202304,0.0250483,0.937262,0.0282511,0.00262145,0.00115262,0.00052021,0.000323006,0.000557611,9.18018e-05,0.000139403,8.84017e-05,9.86019e-05,8.16016e-05,8.16016e-05,0.000132603,0.000187004,0.000244805,
0.000208166,0.000306126,0.000697967,0.001999,0.0297065,0.935906,0.0250778,0.00279493,0.00106532,0.000578578,0.000652048,0.000186737,0.00012245,0.000113267,6.73477e-05,0.000128573,7.95927e-05,9.4899e-05,8.87765e-05,0.000125512,
0.000113677,0.000160181,0.000299694,0.000560634,0.00195576,0.0237688,0.935359,0.0318399,0.00308478,0.00105151,0.000733733,0.000320362,0.000165348,0.000126595,8.78412e-05,6.45891e-05,8.26741e-05,5.16713e-05,6.45891e-05,0.00010851,
4.50358e-05,0.000102682,0.0001261,0.000205363,0.000504401,0.00152942,0.0267819,0.926838,0.0390983,0.00278681,0.00107545,0.000320655,0.00016393,0.000115292,6.6653e-05,6.30501e-05,4.14329e-05,4.50358e-05,4.68372e-05,4.32344e-05,
3.21473e-05,4.24804e-05,5.62578e-05,8.15164e-05,0.000156144,0.000378879,0.00127786,0.0308396,0.930712,0.0329372,0.00232838,0.000597022,0.000246846,9.6442e-05,5.74059e-05,3.55917e-05,3.78879e-05,2.75549e-05,2.18143e-05,3.67398e-05,
3.56585e-05,2.67438e-05,3.863e-05,5.84403e-05,7.23074e-05,0.000158482,0.0003863,0.00156303,0.0341261,0.922714,0.03811,0.00186712,0.000413044,0.000178292,7.13169e-05,5.74497e-05,4.25921e-05,3.6649e-05,1.68387e-05,2.67438e-05,
2.49243e-05,2.11036e-05,1.85004e-05,1.85341e-05,2.0915e-05,3.18398e-05,5.94818e-05,0.000171096,0.000961008,0.0594695,0.932084,0.00621768,0.000593045,0.000118607,4.89561e-05,2.94168e-05,2.66991e-05,2.82263e-05,2.88948e-05,2.76083e-05,
4.67474e-05,6.23299e-05,7.59646e-05,3.89562e-05,9.34949e-05,0.000109077,0.000202572,0.000364241,0.000954427,0.00373395,0.0464416,0.923603,0.021533,0.00158162,0.000535648,0.000270746,0.000111025,9.15471e-05,7.79124e-05,7.2069e-05,
8.82231e-05,3.85976e-05,7.99521e-05,6.34103e-05,8.27091e-05,9.6494e-05,0.000165418,0.000228829,0.000521067,0.00112209,0.00355373,0.0305417,0.932096,0.0280577,0.00196848,0.000628589,0.000297753,0.000148876,0.00011855,0.000102008,
7.08279e-05,5.83288e-05,5.52041e-05,5.31209e-05,7.39526e-05,7.70774e-05,8.33269e-05,0.00015103,0.000241648,0.000390595,0.00143739,0.0013551,0.020088,0.956156,0.0179517,0.000871808,0.00038747,0.000199985,0.000180194,0.000116658,
