0.931228,0.0237053,0.00299923,0.00135837,0.000522912,0.000408713,0.000324566,0.000324566,0.000258451,0.000162283,0.00062509,0.000174304,0.00025244,0.000258451,0.000204356,0.000450786,0.00061908,0.00123816,0.00250637,0.0323785,
0.0270283,0.949924,0.0147126,0.00153037,0.000780489,0.000441895,0.000332856,0.000235295,0.000218078,0.0002066,0.00122047,0.000164515,0.000131995,0.000105213,0.000164515,0.000183645,0.000221904,0.000403635,0.000621713,0.0013716,
0.00175928,0.0251045,0.947393,0.0180383,0.00231451,0.000878028,0.000551996,0.00041319,0.000203367,0.000154946,0.000758591,0.000180771,0.000135578,0.00013235,0.00013235,0.000203367,0.000177542,0.000251788,0.000439014,0.000777959,
0.00134939,0.00314575,0.040503,0.927415,0.0181473,0.00267755,0.00134249,0.000865268,0.000612057,0.000391228,0.00104416,0.000224545,0.000163498,0.000165091,0.000165622,0.000186325,0.000226137,0.000305232,0.000404499,0.000665672,
0.000374613,0.000720685,0.00227265,0.0294732,0.934924,0.0254951,0.00291128,0.0010953,0.00061722,0.000353207,0.000503052,0.000153413,0.000139142,0.0001106,8.56259e-05,0.0001106,0.000128439,0.000121303,0.000189091,0.0002212,
0.000305691,0.00050424,0.00103794,0.00356249,0.0854552,0.887472,0.0153646,0.00272075,0.00117187,0.00059598,0.000590623,0.000220647,0.000148995,0.000118526,0.000102455,0.00010279,9.24104e-05,0.000112165,0.000145982,0.000175111,
0.000238257,0.000306581,0.000568488,0.00145626,0.00526793,0.0764249,0.886734,0.0200841,0.00429169,0.00194416,0.00107128,0.000436659,0.000232125,0.000171247,0.000126574,0.000108617,0.000109055,0.000111683,0.000135771,0.000180445,
6.87221e-05,6.87221e-05,0.000126593,0.00023691,0.000504565,0.00144497,0.0326285,0.927746,0.0323337,0.00297675,0.00093679,0.000363504,0.000184464,9.04238e-05,7.77644e-05,5.42543e-05,3.25526e-05,2.89356e-05,5.24458e-05,4.34034e-05,
4.56906e-05,4.34061e-05,6.51091e-05,8.68122e-05,0.000158775,0.000381517,0.00126563,0.0379689,0.929345,0.0272316,0.00227996,0.000538007,0.000226169,0.000123365,5.71133e-05,5.36865e-05,3.8837e-05,2.85566e-05,3.54102e-05,2.62721e-05,
8.78109e-05,0.000109714,0.000127276,0.000188448,0.00035519,0.000663022,0.00189395,0.00849339,0.0709181,0.893771,0.0195359,0.00205418,0.000766816,0.000356769,0.000213903,0.000130434,9.94532e-05,8.22857e-05,7.89311e-05,7.32086e-05,
0.000112501,0.000116862,0.000121297,0.000125362,0.000153918,0.000230594,0.000407895,0.00122016,0.00688713,0.0594366,0.923731,0.00553941,0.000811601,0.000322324,0.00018962,0.000134873,0.000120484,0.000112156,0.000108682,0.00011802,
5.5657e-05,4.60609e-05,4.22225e-05,8.25258e-05,6.5253e-05,0.000115152,0.000180405,0.000393437,0.00100566,0.00352558,0.0571654,0.916399,0.0181211,0.00175607,0.000474044,0.000226466,0.000130506,9.02027e-05,6.33338e-05,6.14146e-05,
0.000271099,0.000210449,0.000167151,0.000145892,0.000166421,0.000227644,0.000385416,0.000858731,0.00227826,0.00807638,0.0208791,0.0728773,0.873133,0.0159218,0.00199992,0.000864046,0.000486029,0.000383644,0.000346963,0.00032091,
0.000270294,0.000226661,0.000178375,0.000159088,0.000155918,0.000194223,0.000282905,0.000501271,0.00108158,0.00278178,0.00570025,0.00761423,0.0432652,0.919119,0.0150829,0.00138135,0.000752683,0.000506464,0.000403823,0.000342184,
0.000290977,0.000232734,0.000189189,0.000161358,0.00015698,0.000177697,0.000229138,0.000338352,0.000612911,0.00128438,0.00295612,0.00253154,0.00341948,0.0337555,0.935799,0.0150543,0.00125139,0.000722829,0.000469299,0.00036673,
0.000385773,0.000287346,0.000224579,0.00018593,0.00017954,0.000190362,0.000255499,0.000348154,0.000536042,0.000906871,0.002293,0.00137046,0.00176376,0.00258426,0.0340944,0.935522,0.0161334,0.00147167,0.000750521,0.00051646,
0.000606769,0.000427344,0.000327948,0.000281953,0.000259739,0.000302743,0.000387187,0.00047163,0.00069819,0.00110702,0.00265278,0.00124216,0.00126409,0.00163974,0.00292177,0.0236005,0.938605,0.0202109,0.0020406,0.00095152,
0.0008047,0.000522305,0.000368386,0.000293081,0.000230496,0.000225408,0.000255683,0.0003086,0.000373729,0.000488722,0.00184829,0.000588197,0.000680039,0.000817421,0.00135474,0.00275679,0.0235777,0.945646,0.0172368,0.00162238,
0.00199015,0.00109883,0.000598932,0.000367848,0.000249948,0.000216936,0.000240516,0.000226368,0.000292392,0.000245232,0.00107996,0.000198072,0.000405576,0.00040086,0.0005895,0.00115542,0.00240516,0.0248769,0.943186,0.0201751,
0.0274019,0.00312286,0.00128384,0.00070884,0.000475865,0.000535348,0.00051552,0.000500649,0.00057996,0.00103104,0.00191337,0.000812936,0.000728668,0.000728668,0.000609702,0.000817892,0.00123923,0.00360368,0.031189,0.922201,


0.931049,0.0240497,0.00299944,0.00132505,0.000801055,0.00038547,0.000361378,0.00028308,0.000216827,0.000228873,0.000722757,0.000228873,0.000210804,0.000240919,0.000246942,0.000523999,0.000620366,0.00119857,0.0026742,0.0316326,
0.0270516,0.946149,0.0149984,0.00153968,0.000920629,0.000629657,0.00052587,0.000414538,0.00041311,0.000502828,0.00163022,0.000281184,0.000246928,0.000212876,0.000218382,0.000255288,0.000354998,0.00052852,0.000888616,0.00223785,
0.00218155,0.0262408,0.944357,0.0185431,0.00240756,0.00111698,0.000543749,0.00043893,0.000317733,0.000209638,0.00100561,0.000121197,0.000153953,0.000117921,0.000206363,0.000173607,0.000199811,0.000291528,0.000553576,0.000818899,
0.00104796,0.00218112,0.0289808,0.934886,0.0247037,0.00313962,0.00118854,0.000664559,0.00038766,0.00031524,0.000762539,0.00018318,0.00011502,0.00011076,0.00011928,0.00010224,0.00015762,0.00019596,0.00026838,0.0004899,
0.00024453,0.000366795,0.00075658,0.0168475,0.96318,0.0143238,0.00116204,0.00056012,0.00032395,0.00023199,0.00122369,0.00012122,7.6285e-05,5.3295e-05,6.1655e-05,7.4195e-05,8.6735e-05,7.733e-05,9.3005e-05,0.000134805,
0.000219003,0.000346482,0.000722383,0.00209851,0.0357596,0.930475,0.0237373,0.00309546,0.00126499,0.00062759,0.000607978,0.000205928,0.000143823,8.17175e-05,8.49862e-05,0.000107867,8.49862e-05,7.84488e-05,0.000111136,0.000147092,
0.00013382,0.000198157,0.000301096,0.000589324,0.00177312,0.0278732,0.93572,0.0275721,0.00303154,0.00109887,0.000679395,0.000306242,0.000213598,0.000105512,6.43367e-05,6.17632e-05,6.17632e-05,5.40428e-05,6.94836e-05,9.26448e-05,
6.14048e-05,6.14048e-05,0.000130034,0.000263679,0.000505686,0.00151525,0.032205,0.928109,0.0324885,0.00285713,0.000910235,0.000339532,0.000175184,9.21071e-05,7.58529e-05,6.14048e-05,3.61204e-05,2.70903e-05,4.15385e-05,4.33445e-05,
3.10697e-05,5.06322e-05,7.36468e-05,7.59482e-05,0.000165705,0.000388947,0.0013314,0.0367486,0.92982,0.0279271,0.00227039,0.000573064,0.000203679,0.000104716,7.47975e-05,4.60292e-05,3.56727e-05,2.41653e-05,2.53161e-05,2.87683e-05,
3.75008e-05,1.4803e-05,4.3422e-05,6.80936e-05,8.78309e-05,0.000170727,0.000411522,0.00155135,0.0417335,0.920968,0.032227,0.00181188,0.000436194,0.000164806,8.6844e-05,5.52644e-05,4.73695e-05,2.96059e-05,2.96059e-05,2.46716e-05,
5.53202e-05,5.85364e-05,6.75421e-05,7.71909e-05,8.7483e-05,0.000118359,0.00016789,0.000353148,0.00132768,0.0367808,0.947594,0.0117356,0.00081758,0.0002528,0.000137014,0.000102921,7.71909e-05,7.07583e-05,5.08174e-05,6.68988e-05,
0.000206313,0.000165883,0.00013339,0.000126463,0.000149235,0.000245346,0.000533144,0.00134323,0.00502869,0.0320199,0.134742,0.801572,0.0185677,0.00289673,0.000862561,0.000382749,0.000257802,0.000251767,0.000265739,0.000249151,
5.50712e-05,4.68105e-05,6.60855e-05,7.98533e-05,6.60855e-05,0.000132171,0.000167967,0.000272603,0.000561727,0.001162,0.00354659,0.0349482,0.93167,0.0238761,0.00194677,0.000713172,0.000258835,0.000184489,0.000145939,9.91282e-05,
0.000138011,0.000107716,6.73224e-05,0.000107716,7.74207e-05,0.000100984,0.000114448,0.000228896,0.000299585,0.00049482,0.00157534,0.00332909,0.0410835,0.92301,0.0257407,0.00201294,0.000733814,0.000326514,0.000218798,0.000232262,
0.000146697,8.87006e-05,8.18774e-05,9.55237e-05,8.5289e-05,8.18774e-05,9.89352e-05,0.00015352,0.000177401,0.00032751,0.000883594,0.000979118,0.00269854,0.033655,0.930561,0.0266579,0.00192412,0.000685724,0.00041621,0.000201282,
0.000267045,0.000193181,9.37497e-05,7.67043e-05,8.23861e-05,8.23861e-05,7.95452e-05,0.000122159,0.000136363,0.000204545,0.000747157,0.00047159,0.000909088,0.00230397,0.0337698,0.940287,0.0178238,0.0015142,0.000522726,0.000312499,
0.000379669,0.000204001,0.000181334,0.000141668,7.93338e-05,0.000102001,8.21672e-05,0.000107667,0.000172834,0.000155834,0.000920839,0.000303169,0.000444836,0.000784838,0.00228085,0.0235961,0.950127,0.0178274,0.00149034,0.00061767,
0.000724493,0.000412854,0.000311638,0.00021575,0.000189114,0.000258367,0.000250376,0.000258367,0.000383555,0.000471453,0.00144899,0.000508743,0.000538043,0.000599305,0.000940243,0.00212287,0.0232743,0.94679,0.0184213,0.00188049,
0.0019213,0.000880096,0.000546678,0.000404255,0.000355087,0.000380941,0.000468966,0.000566555,0.000775333,0.00121321,0.00293126,0.00107438,0.000803877,0.000773091,0.00081658,0.00112758,0.00240476,0.0251581,0.937354,0.0200437,
0.0219234,0.00267981,0.00134137,0.000864076,0.000663046,0.000551363,0.000526087,0.000501987,0.000562531,0.000705368,0.00168524,0.000593097,0.000580165,0.000574287,0.000731231,0.00103336,0.00186393,0.0039336,0.0376367,0.921049,


0.930483,0.0245493,0.00311978,0.00116261,0.000724443,0.000525805,0.000315483,0.000175268,0.000251218,0.00025706,0.00066602,0.000169426,0.000169426,0.000198638,0.000268745,0.000391433,0.000636809,0.00125025,0.0028744,0.0318112,
0.0270355,0.937866,0.0213175,0.0023791,0.00104164,0.000563306,0.000456309,0.000437427,0.000490926,0.000761564,0.00172453,0.000490926,0.000355606,0.000336725,0.000327284,0.000343019,0.000380782,0.000579041,0.000925206,0.00218714,
0.00185893,0.0250468,0.946953,0.01812,0.00233433,0.000984318,0.000594248,0.00040226,0.000249889,0.000152371,0.00119764,0.000112755,9.75176e-05,9.44701e-05,0.000112755,0.000164561,0.000191988,0.000259031,0.000362643,0.00071005,
0.000894462,0.0021741,0.0297098,0.934062,0.0249551,0.00318411,0.00131387,0.000547805,0.000427972,0.000325259,0.00077463,0.000136951,0.00014979,0.000128392,7.7035e-05,0.000119832,0.000136951,0.000166909,0.000269623,0.000445091,
0.000544236,0.00101066,0.00277262,0.0561648,0.915621,0.0168618,0.00238098,0.00119568,0.000650144,0.000448703,0.000734438,0.000220029,0.000170749,0.000118444,0.00012536,0.000136167,0.000135303,0.000152161,0.000241643,0.00031513,
0.000190019,0.000324342,0.000753523,0.00196899,0.0355302,0.931141,0.0237622,0.00305013,0.00111718,0.000606094,0.000550399,0.000186743,0.000150705,0.000114667,6.22475e-05,8.51808e-05,6.55237e-05,0.000101562,7.86285e-05,0.000160533,
0.000108748,0.000154664,0.000287578,0.000594489,0.00180038,0.028707,0.935694,0.0270734,0.00295553,0.0010464,0.000645238,0.000234412,0.000154664,0.000118414,6.04155e-05,7.24986e-05,6.04155e-05,7.49152e-05,7.73319e-05,7.97485e-05,
6.14832e-05,7.02665e-05,0.000151073,0.000219583,0.000518216,0.00156343,0.0315848,0.927337,0.0337842,0.00278255,0.000983732,0.000344306,0.00017391,0.00011067,6.14832e-05,6.49966e-05,5.97266e-05,3.68899e-05,3.68899e-05,5.44566e-05,
3.68465e-05,3.45436e-05,6.10271e-05,8.75105e-05,0.000166961,0.000397252,0.0013046,0.0359622,0.929923,0.0285837,0.0023743,0.000548092,0.00018999,0.000123206,4.95125e-05,4.26038e-05,3.91494e-05,2.07262e-05,1.84233e-05,3.68465e-05,
3.16047e-05,2.86417e-05,4.14812e-05,6.61723e-05,8.79005e-05,0.000154073,0.000380244,0.00155653,0.0405152,0.921667,0.0328689,0.00174122,0.000441478,0.000149135,7.80241e-05,6.22217e-05,3.65429e-05,3.25923e-05,2.27159e-05,3.85182e-05,
4.51133e-05,5.47804e-05,5.54249e-05,6.96033e-05,8.95821e-05,0.000116006,0.000182386,0.000389908,0.001336,0.0360829,0.948106,0.0119241,0.00079206,0.000280991,0.000139851,9.47379e-05,6.70254e-05,6.83144e-05,5.67138e-05,4.83356e-05,
5.32387e-05,4.56332e-05,3.61263e-05,6.08443e-05,8.74636e-05,0.000125491,0.000157815,0.000336545,0.000950691,0.00373051,0.0544594,0.91813,0.0189891,0.00172265,0.000505768,0.000226265,0.000146406,9.69705e-05,8.17595e-05,5.70415e-05,
6.86615e-05,5.76757e-05,6.59151e-05,8.23938e-05,7.69009e-05,0.000145562,0.000137323,0.0002719,0.000516335,0.00115626,0.00370772,0.0341632,0.931259,0.0250038,0.001939,0.000642672,0.000315843,0.000175773,0.000120844,9.33797e-05,
0.000123736,0.000117048,0.000113704,8.69498e-05,0.000100327,9.36383e-05,0.000137113,0.000257505,0.000381242,0.00079927,0.00167546,0.00337432,0.0392813,0.9243,0.0255633,0.00207676,0.000705631,0.000371209,0.000274226,0.000167211,
0.000110029,9.97136e-05,9.62752e-05,7.90832e-05,8.25216e-05,9.62752e-05,0.000116906,0.000134098,0.000247565,0.000330086,0.000832093,0.00110716,0.00281605,0.0337307,0.929571,0.0275519,0.0018086,0.00062235,0.000350717,0.000216619,
0.00017812,0.000149847,0.000115919,8.48188e-05,0.000121574,8.76461e-05,7.6337e-05,9.6128e-05,0.000169638,0.000234665,0.00103479,0.000537186,0.000845361,0.00236645,0.0338738,0.939253,0.0183265,0.00152674,0.000624832,0.000296866,
0.00036377,0.000299746,0.000165879,0.000107676,0.000101856,0.000128047,0.000101856,9.3125e-05,0.000125137,0.000154238,0.00116115,0.000352129,0.000439434,0.000832305,0.00210695,0.0232492,0.950411,0.0176385,0.00156275,0.000605313,
0.000780297,0.000487685,0.000309264,0.000171285,0.000157011,0.000147495,0.000235516,0.000240274,0.000290232,0.000413938,0.00155346,0.000492443,0.000442485,0.000637559,0.000861181,0.0022267,0.0234636,0.946224,0.0189507,0.00191506,
0.00222801,0.00104788,0.000529025,0.000350988,0.000228905,0.000218732,0.000198384,0.000172951,0.000162777,0.000147517,0.00109366,0.000279773,0.000376422,0.000371335,0.000635848,0.00114961,0.00279773,0.0260138,0.939518,0.0224785,
0.0275607,0.00342647,0.00116779,0.000677604,0.000475765,0.000403679,0.000494988,0.000470959,0.000845804,0.00107167,0.00208087,0.000797747,0.000744884,0.000711244,0.00058149,0.000831387,0.00148016,0.00357544,0.0308238,0.921778,


0.931329,0.0242638,0.00346885,0.00133928,0.000561049,0.000458491,0.000283541,0.000229246,0.000211147,0.00021718,0.000699803,0.000156852,0.000168918,0.000138754,0.00021718,0.000283541,0.000627409,0.00133324,0.00276905,0.0312438,
0.027015,0.952544,0.0133533,0.0011142,0.00064379,0.000480355,0.000316921,0.000186173,0.000136432,0.000163434,0.00126626,9.66395e-05,9.80607e-05,0.000126484,0.000136432,0.000147802,0.000217439,0.000373767,0.000481776,0.00110141,
0.00181938,0.02465,0.951849,0.0140647,0.00146802,0.000840857,0.000554159,0.000399106,0.000273951,0.000248688,0.00139131,0.000167337,0.000125619,0.000130718,0.00015204,0.000153894,0.000210446,0.000292724,0.000451254,0.000756725,
0.00104985,0.0022003,0.0286345,0.934901,0.0249557,0.00314954,0.00126419,0.000643031,0.000393692,0.000328077,0.000748015,0.000153103,0.000126856,0.00010061,0.000118108,0.0001706,0.0001706,0.000174974,0.000275585,0.00044181,
0.000364598,0.000686303,0.00199099,0.0277881,0.934887,0.027377,0.00306691,0.00116171,0.000672005,0.000332428,0.000554046,0.000150129,0.000117958,0.000117958,6.79154e-05,7.14898e-05,8.57878e-05,0.000110809,0.000203746,0.000193023,
0.000150369,0.00032362,0.000745307,0.00200383,0.0341567,0.931772,0.024399,0.00289624,0.00132063,0.000581863,0.000558981,0.000222285,0.000140562,0.000107873,0.00011768,9.80668e-05,9.47979e-05,9.47979e-05,0.00011768,9.80668e-05,
0.000144094,0.000141521,0.000303628,0.000614974,0.00184235,0.026871,0.935556,0.028824,0.00302341,0.00108328,0.00062784,0.000254738,0.000131229,0.000138948,5.66085e-05,8.23397e-05,6.43279e-05,4.88892e-05,8.49128e-05,0.000105498,
6.32739e-05,6.66941e-05,0.000138519,0.000271907,0.000502771,0.00156646,0.0313976,0.927401,0.0338396,0.00279089,0.00105856,0.000311239,0.00015391,0.000117997,8.0375e-05,5.13032e-05,3.42021e-05,4.61729e-05,5.13032e-05,5.64335e-05,
4.25209e-05,4.02224e-05,4.48193e-05,8.96386e-05,0.000162039,0.000396478,0.00126988,0.0349545,0.930528,0.0290659,0.00228463,0.00056886,0.000220649,9.30862e-05,5.74606e-05,4.36701e-05,2.75811e-05,4.02224e-05,2.87303e-05,4.13717e-05,
3.75299e-05,4.64186e-05,2.96289e-05,6.41959e-05,8.98743e-05,0.000180736,0.00035851,0.00162366,0.0393492,0.922209,0.0334461,0.00174119,0.000365423,0.00017086,8.49362e-05,5.72825e-05,3.85176e-05,3.75299e-05,3.4567e-05,3.4567e-05,
7.3949e-05,5.91592e-05,7.13769e-05,7.07338e-05,8.23084e-05,0.00012282,0.000183265,0.000385821,0.00132529,0.0349007,0.948816,0.0123225,0.000808295,0.000265573,0.00012925,8.93818e-05,8.29515e-05,8.61666e-05,6.23744e-05,6.23744e-05,
5.22187e-05,4.06146e-05,5.80208e-05,5.02847e-05,6.9625e-05,0.00011024,0.000183733,0.000379069,0.000996024,0.00369206,0.0530523,0.919367,0.0190714,0.00171548,0.000506715,0.000234017,0.000181798,0.000104437,8.31631e-05,5.22187e-05,
7.14292e-05,8.51655e-05,6.04401e-05,7.14292e-05,8.79128e-05,0.000101649,0.000159342,0.000282969,0.000563191,0.00118408,0.00344234,0.0332201,0.931821,0.0254947,0.00207145,0.000623632,0.000288464,0.000178573,9.61546e-05,9.61546e-05,
0.000111087,8.07904e-05,0.000117819,0.000117819,6.05928e-05,0.000121186,0.000181778,0.000205342,0.000289499,0.000491475,0.00139363,0.00329894,0.0395267,0.923976,0.02658,0.00202986,0.00073048,0.000309697,0.000242371,0.000134651,
0.000172616,6.55939e-05,8.63078e-05,5.5237e-05,6.90462e-05,6.55939e-05,8.28555e-05,0.000176068,0.000220948,0.000300351,0.000697367,0.000973552,0.00258578,0.0324172,0.930491,0.0284988,0.00178485,0.000655939,0.000421182,0.00017952,
0.000139646,0.000160896,8.1966e-05,7.89302e-05,7.58944e-05,0.000121431,7.28586e-05,0.00011536,0.000179111,0.000258041,0.000716443,0.00040983,0.000922876,0.00244076,0.0334755,0.939029,0.0191558,0.00164236,0.000576798,0.000346079,
0.00038643,0.00028458,0.000200704,9.2863e-05,9.88542e-05,8.38763e-05,7.48895e-05,0.00010185,0.000125814,0.000200704,0.00114132,0.000368457,0.000509249,0.000817794,0.00201603,0.023725,0.948988,0.0187164,0.00137797,0.000688984,
0.000939788,0.000502744,0.00034278,0.000282793,0.000211381,0.000245659,0.000245659,0.000299932,0.000365632,0.000659851,0.00174532,0.000639856,0.000599865,0.000651282,0.00114831,0.00239089,0.0233947,0.944461,0.0190186,0.00185387,
0.0021686,0.00100566,0.000486147,0.00027167,0.000181114,0.000257372,0.000142984,0.000133452,0.000190646,0.000176348,0.00109145,0.000204944,0.000300267,0.000438486,0.000676793,0.00107238,0.00285492,0.0246219,0.942868,0.0208567,
0.0138023,0.000895397,0.000463136,0.000297608,0.000257298,0.000183539,0.000141514,0.000169817,0.000164671,0.000239287,0.00164585,0.000204123,0.00020155,0.000195547,0.000319907,0.000325053,0.000466567,0.000947714,0.0144576,0.964622,


0.915476,0.0194282,0.00254815,0.00127152,0.000838887,0.000648356,0.000508213,0.00048853,0.000523566,0.000623949,0.00129159,0.000401138,0.000361379,0.000349963,0.000420821,0.000567656,0.000833375,0.00135655,0.00363229,0.0484302,
0.0270804,0.941889,0.018776,0.00199871,0.000941153,0.000492867,0.000465623,0.000416089,0.000430949,0.000582029,0.00172627,0.000341787,0.000279869,0.000314543,0.000215475,0.000269962,0.000381415,0.000510204,0.000859421,0.00202843,
0.00134458,0.0248459,0.951294,0.0160644,0.00170157,0.000684047,0.000433942,0.000267206,0.000243692,0.000130396,0.00110303,0.000102607,6.84047e-05,7.05424e-05,0.000106882,0.000115433,0.000185975,0.000277894,0.00032706,0.000632744,
0.000823872,0.0021724,0.0271919,0.936468,0.0248801,0.00308235,0.00140591,0.000623027,0.000418084,0.000237734,0.000823872,0.000163955,0.000172152,0.000172152,0.000139361,0.000102472,0.000188548,0.000192647,0.000262327,0.000479567,
0.000379284,0.000858756,0.00194651,0.0273335,0.935382,0.0274516,0.00294482,0.0011128,0.000608286,0.000361393,0.000533144,0.000175329,0.000125235,0.000110923,7.87193e-05,0.000114501,6.08286e-05,0.000100188,0.000143126,0.000178908,
0.000206455,0.000353923,0.000632474,0.00207766,0.0332196,0.932578,0.0242896,0.0031722,0.0012289,0.000530885,0.000642305,0.000206455,0.00016713,9.8312e-05,0.00011142,8.52037e-05,6.22643e-05,0.000108143,0.000121251,0.000108143,
9.79197e-05,0.000170071,0.000337565,0.000605556,0.00185274,0.0258972,0.935662,0.029698,0.00299428,0.00104104,0.000672554,0.00025253,0.000152033,0.000121111,5.41135e-05,7.7305e-05,5.15367e-05,7.98819e-05,0.000100497,8.24587e-05,
7.99308e-05,8.70358e-05,0.000115456,0.000268212,0.000499123,0.00147606,0.0303151,0.9273,0.0351731,0.00282245,0.000943183,0.000346367,0.000200715,9.41407e-05,5.86159e-05,3.01961e-05,4.4406e-05,5.68397e-05,4.08535e-05,4.79585e-05,
3.68225e-05,3.45211e-05,5.52338e-05,9.78099e-05,0.000171455,0.000365924,0.0013026,0.0340781,0.930476,0.0298861,0.00235779,0.000563845,0.000194469,0.000118523,6.09873e-05,5.0631e-05,5.17817e-05,2.30141e-05,3.79732e-05,3.68225e-05,
2.17325e-05,3.55623e-05,4.64286e-05,6.81611e-05,8.29788e-05,0.000179787,0.000400076,0.00155091,0.0383026,0.922219,0.0344006,0.00184727,0.000374392,0.00018769,8.29788e-05,5.72949e-05,4.14894e-05,3.55623e-05,2.46961e-05,4.05015e-05,
5.4732e-05,5.73077e-05,5.66638e-05,7.08297e-05,8.37078e-05,0.000128781,0.000183513,0.000348997,0.00134512,0.0338965,0.949831,0.0123939,0.000767536,0.000287826,0.000124274,0.000105601,7.72688e-05,7.79127e-05,5.34442e-05,5.53759e-05,
3.50448e-05,3.69918e-05,6.42488e-05,7.59304e-05,6.0355e-05,0.000110975,0.000177171,0.000383546,0.000973467,0.00360572,0.0526548,0.919642,0.0193817,0.00171136,0.000504256,0.000198587,0.000147967,9.53998e-05,8.37182e-05,5.64611e-05,
7.67519e-05,7.40107e-05,8.22341e-05,6.0305e-05,7.9493e-05,0.000104163,0.000167209,0.000254926,0.000485181,0.00124996,0.00368409,0.0330472,0.931521,0.0258489,0.00184204,0.00069899,0.000359089,0.000164468,0.000112387,8.77164e-05,
0.000127867,9.4218e-05,0.000100948,7.40285e-05,8.41233e-05,0.000127867,0.000137962,0.000195166,0.000329763,0.000578768,0.00143683,0.00317313,0.0376872,0.924757,0.0275958,0.00209635,0.000686446,0.000376872,0.000201896,0.000137962,
0.000151842,6.55681e-05,6.21172e-05,6.55681e-05,7.247e-05,8.62738e-05,0.000110431,0.000175999,0.000231214,0.000262272,0.000807523,0.00104909,0.00266414,0.0326219,0.929293,0.028988,0.0019843,0.000707445,0.000334742,0.000265723,
0.000229442,0.000130224,7.75143e-05,8.37155e-05,9.92183e-05,8.6816e-05,9.61178e-05,0.000105419,0.00016433,0.000254247,0.000613914,0.000508494,0.000985982,0.00247116,0.0338676,0.937967,0.0195119,0.00169911,0.000641819,0.000406175,
0.000340024,0.000264826,0.000176551,9.48143e-05,0.00012097,0.000127509,0.000104623,9.80838e-05,0.000147126,0.000137317,0.00102007,0.000385796,0.000477341,0.00102007,0.00228862,0.0234388,0.947532,0.0197606,0.00171647,0.000748706,
0.000911354,0.000486259,0.000284416,0.000293591,0.000204902,0.000220193,0.00020796,0.000247717,0.000431211,0.00067587,0.00172179,0.000544366,0.000565773,0.000694219,0.000951111,0.00247411,0.0234903,0.941184,0.0222976,0.00211324,
0.00236218,0.00107418,0.000549817,0.000422545,0.000234181,0.000188363,0.000137454,0.000112,0.000183272,0.000162909,0.001008,0.00028509,0.000376726,0.000468363,0.000636362,0.00117091,0.00271854,0.0250574,0.941343,0.021509,
0.0266044,0.00325067,0.0013321,0.000741454,0.000511059,0.000469169,0.000552949,0.000561327,0.000573894,0.000896448,0.00205261,0.000871314,0.000657674,0.000557138,0.000645107,0.000779155,0.00132792,0.00341404,0.0371565,0.917045,


0.931918,0.0252796,0.00290341,0.00139436,0.000742453,0.00047686,0.000271629,0.000211267,0.000211267,0.000193159,0.000730381,0.000181086,0.000193159,0.000187122,0.000271629,0.000404426,0.000573439,0.00119517,0.00268008,0.0299818,
0.027048,0.943417,0.0181531,0.00179432,0.000891517,0.000571022,0.000413032,0.000415289,0.000428831,0.000595849,0.00168147,0.000367892,0.000236986,0.000243757,0.000257299,0.000207644,0.000302439,0.000485256,0.000665817,0.00182366,
0.00215536,0.0250265,0.942525,0.0214867,0.00266667,0.00121141,0.000645034,0.000365782,0.000306785,0.000239921,0.000884956,0.000192724,0.00013766,0.000129794,0.000121927,0.000196657,0.000196657,0.000259587,0.00040118,0.000849558,
0.00105064,0.00255369,0.0375538,0.925606,0.0252752,0.00292385,0.00113664,0.000725353,0.000448672,0.000265464,0.000542145,0.000153296,0.000130863,0.000134602,0.000127124,0.000153296,0.000149557,0.000239292,0.000332765,0.000497278,
0.000375324,0.00070418,0.00205177,0.0271056,0.934744,0.0282458,0.00306694,0.00124036,0.000568348,0.000296685,0.000579072,0.000139406,0.000114385,9.29375e-05,6.79158e-05,8.57884e-05,7.14904e-05,0.000135832,0.000103661,0.000210897,
0.000211735,0.000403926,0.000687326,0.00201637,0.0324835,0.932665,0.0250858,0.00302293,0.00120852,0.000615661,0.000596116,0.000188933,0.000146586,0.000153101,9.44665e-05,8.46941e-05,7.81792e-05,6.18919e-05,8.79516e-05,0.000107496,
9.53962e-05,0.000180479,0.000281032,0.000600738,0.00163205,0.0261515,0.93496,0.030434,0.00297533,0.00108288,0.000706448,0.000237201,0.000172745,8.76614e-05,7.21917e-05,5.41438e-05,4.38307e-05,6.96135e-05,7.73483e-05,8.50831e-05,
3.96855e-05,7.75671e-05,0.000146115,0.00025074,0.000564616,0.00153691,0.0289975,0.927381,0.0360975,0.00292229,0.00105347,0.000328307,0.000178585,0.000124468,6.49399e-05,5.95282e-05,2.34505e-05,3.42738e-05,5.77243e-05,6.13321e-05,
2.99493e-05,3.80126e-05,4.49239e-05,0.000104823,0.000206189,0.000408923,0.00135348,0.0332771,0.930291,0.0307591,0.00237175,0.000581707,0.00021886,0.000107126,6.45062e-05,4.03164e-05,3.91645e-05,2.76455e-05,1.84303e-05,1.72784e-05,
3.65016e-05,3.05824e-05,4.34073e-05,6.51109e-05,9.17472e-05,0.000155872,0.000404477,0.00156759,0.0370955,0.922659,0.0351678,0.00184086,0.000397571,0.000177575,8.18819e-05,5.12995e-05,4.83399e-05,3.15689e-05,3.25555e-05,2.07171e-05,
6.05491e-05,5.47518e-05,6.57022e-05,7.27877e-05,7.72967e-05,0.000112724,0.000186156,0.000334952,0.00132306,0.0327648,0.950647,0.0126573,0.000868299,0.000271827,0.000141711,8.8247e-05,8.05174e-05,7.34318e-05,5.99049e-05,5.92608e-05,
5.2637e-05,6.43341e-05,5.65361e-05,5.65361e-05,7.60312e-05,0.000113072,0.000196901,0.000428894,0.000961113,0.00368264,0.0508552,0.920809,0.0198676,0.00162005,0.000540017,0.000224195,0.000155962,0.000107224,6.43341e-05,6.82332e-05,
7.14456e-05,6.86977e-05,6.86977e-05,7.96894e-05,7.69415e-05,0.000126404,0.00017037,0.000291278,0.000497372,0.00124206,0.00364648,0.031917,0.931684,0.0268114,0.00188232,0.000645759,0.000310514,0.000167622,0.000123656,0.00011816,
0.000130554,7.36456e-05,0.000130554,8.36882e-05,6.02555e-05,0.000120511,0.000130554,0.000190809,0.000371575,0.000639378,0.00167042,0.00366554,0.0374956,0.923773,0.0278849,0.00211898,0.000739803,0.000368228,0.000227632,0.000123858,
0.000102855,7.29654e-05,5.62625e-05,2.90103e-05,5.80207e-05,7.20863e-05,7.824e-05,7.29654e-05,0.000128349,0.000213621,0.00121755,0.000491417,0.00101624,0.0155777,0.963158,0.0163126,0.000640864,0.000334937,0.000227687,0.000138898,
0.000198215,0.000116412,0.000119558,7.23641e-05,8.18029e-05,8.80955e-05,0.000103827,0.000125851,0.000147875,0.000182483,0.00086837,0.000427892,0.000874662,0.00249184,0.0334857,0.938179,0.0198687,0.00166123,0.000616668,0.000289457,
0.000392737,0.000273926,0.000201319,0.000148514,0.000115511,9.24086e-05,7.92074e-05,8.91083e-05,0.00011221,0.000158415,0.00114191,0.00032343,0.000419139,0.000947188,0.00241913,0.0235741,0.947324,0.0198679,0.00158085,0.000739269,
0.000892882,0.000406605,0.000313195,0.000252754,0.000192313,0.000186818,0.000244512,0.000390121,0.000420341,0.000549466,0.00175829,0.000604412,0.000494519,0.000736284,0.00111267,0.00255227,0.0233386,0.943548,0.0200747,0.00193137,
0.0022952,0.000999027,0.000578923,0.000343255,0.000230545,0.000194682,0.000194682,0.000163943,0.000102464,0.000256161,0.000958041,0.000215175,0.000317639,0.000486705,0.000732619,0.00112711,0.00281264,0.024863,0.940781,0.0223475,
0.0272814,0.00286427,0.00137416,0.00055396,0.000459486,0.000420837,0.000429426,0.000425132,0.000584019,0.000790144,0.00177353,0.00055396,0.000459486,0.000562548,0.000515311,0.000751495,0.00121098,0.00287715,0.0280845,0.928028,


0.931007,0.025956,0.00312099,0.00143397,0.000753135,0.000445856,0.000307279,0.000265103,0.000241003,0.000241003,0.000626608,0.000241003,0.000192802,0.000180752,0.000283179,0.000349454,0.000608533,0.00120502,0.00280166,0.0297398,
0.0268741,0.940944,0.0193429,0.00214805,0.000975206,0.000702149,0.000434292,0.000358876,0.000478501,0.000603328,0.00168256,0.000483702,0.000304264,0.000301664,0.000254854,0.000262656,0.000353675,0.000548716,0.000813972,0.00213245,
0.00146856,0.024687,0.950112,0.016533,0.00183872,0.000930606,0.000503357,0.000295787,0.000212759,0.000169516,0.0011105,0.000129731,0.000121083,0.000124542,0.000128002,0.000157407,0.000185083,0.000288868,0.000392653,0.000610602,
0.000803841,0.00218185,0.027927,0.935919,0.0252673,0.00281159,0.00122613,0.000674189,0.000466746,0.000300051,0.000822362,0.000114834,0.000125947,0.000100017,0.000100017,0.000129652,0.000125947,0.000177808,0.000318573,0.000407477,
0.000343007,0.00078963,0.00208305,0.0261543,0.935325,0.0287339,0.0028441,0.00110763,0.000700305,0.000325142,0.00047878,0.000196514,8.93246e-05,6.78867e-05,7.14597e-05,0.000103617,0.000110763,8.93246e-05,0.000125054,0.000260828,
0.000181503,0.000292952,0.000738748,0.00198061,0.0316515,0.933637,0.0250983,0.00306962,0.00122594,0.000531771,0.000636851,0.000213345,0.000121002,9.8712e-05,8.59749e-05,5.09481e-05,7.96064e-05,7.96064e-05,8.59749e-05,0.000140107,
0.000107228,0.000173947,0.000307387,0.000621922,0.00172994,0.0262875,0.934774,0.0302502,0.00302859,0.00106036,0.000650516,0.000288324,0.000154885,0.000100079,8.10166e-05,8.33995e-05,5.00397e-05,7.14853e-05,7.38681e-05,0.000104845,
8.91839e-05,0.000120364,0.000182265,0.000326014,0.000792567,0.00262623,0.0701506,0.90186,0.0179466,0.00324593,0.0013655,0.000459905,0.000239123,0.0001465,8.80376e-05,7.51988e-05,6.53404e-05,6.62574e-05,7.42817e-05,8.04718e-05,
3.84298e-05,4.84947e-05,4.66647e-05,9.97344e-05,0.000169274,0.000413577,0.00145667,0.0344569,0.931193,0.0286796,0.00222893,0.000565466,0.000235154,0.000126269,6.49646e-05,4.02597e-05,4.57497e-05,2.92798e-05,2.92798e-05,3.20248e-05,
3.15894e-05,2.86279e-05,4.0474e-05,5.33072e-05,0.000105627,0.000165845,0.00037315,0.00152123,0.0360199,0.922457,0.0364976,0.00182528,0.000465944,0.000149063,8.48966e-05,5.03457e-05,3.55381e-05,3.35638e-05,2.36921e-05,3.75125e-05,
5.46671e-05,5.08082e-05,5.46671e-05,7.2675e-05,9.38987e-05,0.000115766,0.000165931,0.000356944,0.00131651,0.0318818,0.951215,0.0130172,0.000840586,0.000263688,0.000135703,0.000103546,7.7177e-05,7.2675e-05,6.10985e-05,4.95219e-05,
4.87675e-05,4.68168e-05,6.82746e-05,6.24225e-05,5.2669e-05,0.000130697,0.000169711,0.000349176,0.000920731,0.00378826,0.0494639,0.92197,0.0201449,0.00164249,0.000548147,0.000230183,0.000136549,9.36337e-05,6.24225e-05,7.02253e-05,
9.91531e-05,8.26276e-05,4.95765e-05,6.05935e-05,5.78393e-05,0.000107416,0.000137713,0.000269917,0.000531571,0.00121738,0.00364388,0.0313489,0.931912,0.0272285,0.00191145,0.000586656,0.000355298,0.000190043,0.000123941,8.53818e-05,
0.000121616,9.12122e-05,8.10775e-05,6.41864e-05,8.44558e-05,9.12122e-05,9.12122e-05,0.000222963,0.000347958,0.000624973,0.00157088,0.00321945,0.0363633,0.924858,0.0285967,0.00216545,0.000729698,0.000358092,0.00017229,0.000145264,
0.000110322,7.23988e-05,9.65318e-05,8.96366e-05,7.23988e-05,7.23988e-05,8.96366e-05,0.000110322,0.000230987,0.000330966,0.000768806,0.00105151,0.00273392,0.0307488,0.929459,0.030735,0.00204096,0.00067917,0.000313728,0.000193064,
0.000227381,0.000112043,0.000121929,0.000105452,0.000102157,9.22707e-05,8.23845e-05,0.000131815,0.000158178,0.000237267,0.000708507,0.000540443,0.000919411,0.00273517,0.0340907,0.936043,0.0207642,0.00183553,0.000645895,0.000346015,
0.000472325,0.000252563,0.000144321,0.000111521,0.000127921,0.000131201,0.000124641,0.000141041,0.000124641,0.000154162,0.000934809,0.000413284,0.000528085,0.00096761,0.00232554,0.0235605,0.947109,0.0200804,0.0016105,0.000685527,
0.0010024,0.000600163,0.000383083,0.00022985,0.000172387,0.000172387,0.000245812,0.000354352,0.000395852,0.000670395,0.0017558,0.000596971,0.000603356,0.000721473,0.00103432,0.00256027,0.0236362,0.940846,0.0219634,0.00205588,
0.00221635,0.00114862,0.000657895,0.000436799,0.000269629,0.000194133,0.000248059,0.000134815,0.000177955,0.000221096,0.000959879,0.000280414,0.000420621,0.000415229,0.000603969,0.00121872,0.00279875,0.0249784,0.938994,0.0236249,
0.0274012,0.00278762,0.00118962,0.000812315,0.000399499,0.000399499,0.000452766,0.000483838,0.000608127,0.0010387,0.00208184,0.000696904,0.000572616,0.000528227,0.000572616,0.000763488,0.00126064,0.00313829,0.0278052,0.927007,


0.93186,0.02579,0.00326509,0.00119058,0.000745618,0.000444966,0.000258561,0.000222483,0.000180391,0.000240522,0.000625357,0.000168365,0.000192418,0.000222483,0.000282613,0.000378822,0.000727579,0.00113647,0.00282012,0.0292475,
0.0267574,0.935842,0.0221247,0.00238733,0.00118399,0.000729103,0.000554892,0.000554892,0.000583927,0.000935574,0.00210666,0.000500048,0.000396813,0.000300029,0.00027422,0.000303255,0.0004323,0.000641998,0.000974288,0.00241636,
0.0018648,0.0249806,0.942253,0.0219619,0.00267288,0.00106838,0.000617716,0.00039627,0.00027972,0.000260295,0.00102176,0.00014763,9.71251e-05,0.0001554,0.00016317,0.00014763,0.000182595,0.00034965,0.000485625,0.000893551,
0.000851772,0.00205974,0.0251737,0.938715,0.0254293,0.00291151,0.00103761,0.000693033,0.000309735,0.000317479,0.000805312,0.000150996,9.67923e-05,0.000131638,0.000123894,0.000127766,0.000123894,0.000212943,0.000325222,0.000402656,
0.000364225,0.000735195,0.00180426,0.0254452,0.937087,0.0281971,0.00263389,0.00111291,0.000590179,0.000337245,0.00057669,0.00015176,9.44287e-05,9.10563e-05,7.4194e-05,8.76838e-05,0.000111291,0.000111291,0.000118036,0.000276541,
0.000200902,0.000365277,0.000648366,0.00204555,0.0299527,0.935446,0.0249301,0.00297701,0.0011354,0.000569223,0.00071229,0.00026787,0.000133935,0.000115671,7.30554e-05,7.00114e-05,8.52313e-05,7.60993e-05,9.13192e-05,0.000103495,
0.000115843,0.000172478,0.000334658,0.000622979,0.00171963,0.0249217,0.935277,0.0314141,0.00280341,0.000988529,0.000653871,0.000244558,0.000193072,0.000136438,7.98031e-05,6.95059e-05,5.66345e-05,6.17831e-05,6.69317e-05,6.69317e-05,
7.11678e-05,8.1843e-05,0.000138777,0.000250866,0.000505291,0.00148385,0.0275775,0.926884,0.0381744,0.00294279,0.000921623,0.000341605,0.000195711,0.000112089,7.2947e-05,5.33758e-05,4.62591e-05,4.80383e-05,5.33758e-05,4.44799e-05,
3.7792e-05,5.29089e-05,4.96695e-05,9.93391e-05,0.000157647,0.000370362,0.00125146,0.0322982,0.931589,0.0307109,0.0022686,0.00056796,0.000206237,0.000103658,6.47863e-05,4.31909e-05,3.99516e-05,1.94359e-05,3.56325e-05,3.34729e-05,
2.07328e-05,1.61255e-05,2.57789e-05,3.2251e-05,5.94559e-05,0.000114853,0.000301338,0.00130737,0.0706285,0.916171,0.010076,0.000816915,0.000199978,8.7319e-05,4.30013e-05,2.79728e-05,2.21588e-05,1.72225e-05,1.45897e-05,1.70031e-05,
5.15383e-05,5.99133e-05,5.99133e-05,7.27979e-05,8.76151e-05,0.000119827,0.000163634,0.000374297,0.00131101,0.0309997,0.951706,0.0134038,0.000819459,0.000282817,0.000145596,9.53459e-05,7.08652e-05,6.05575e-05,6.44229e-05,5.08941e-05,
1.28384e-05,1.35445e-05,1.25817e-05,1.52777e-05,1.82306e-05,2.86939e-05,4.61542e-05,9.37847e-05,0.000299071,0.00128275,0.071254,0.919358,0.00653733,0.000683839,0.000177427,7.51048e-05,3.55625e-05,2.29166e-05,1.91293e-05,1.34162e-05,
7.13846e-05,7.96213e-05,6.04024e-05,6.58935e-05,8.7858e-05,0.000134533,0.000170225,0.000238864,0.00053813,0.00116686,0.00357198,0.0312527,0.931693,0.027538,0.0019466,0.000653444,0.000293775,0.00017297,0.000161988,0.000101586,
0.000130084,0.000106736,0.000126749,0.000100065,0.000100065,0.000156768,0.000180116,0.000203465,0.000356897,0.000790511,0.00154767,0.00365236,0.0349293,0.925252,0.0290354,0.00191124,0.000687111,0.00034022,0.00023682,0.000156768,
0.000144589,0.000117048,0.000117048,8.95073e-05,7.22944e-05,0.00010672,8.95073e-05,0.000117048,0.000216883,0.000330489,0.00085032,0.00110851,0.00272997,0.0306149,0.928914,0.0312381,0.00194162,0.000647207,0.000340816,0.000213441,
0.000136215,7.95991e-05,7.00696e-05,6.76405e-05,6.80142e-05,6.4464e-05,6.68931e-05,8.87548e-05,0.000109122,0.000171344,0.000707796,0.000343248,0.000588771,0.00169961,0.0340643,0.946763,0.0133801,0.000917818,0.000375947,0.000237302,
0.000375533,0.000196224,0.000125178,0.000125178,0.00013871,0.000145477,0.000118411,0.000108262,0.000145477,0.000243589,0.000987888,0.000385682,0.000473645,0.000869477,0.0025949,0.0234691,0.945744,0.0213005,0.00172542,0.000727383,
0.000601407,0.000356683,0.000308134,0.000211037,0.00020212,0.000194194,0.000222927,0.000329932,0.000375508,0.000489448,0.00172298,0.000602398,0.000565739,0.000677697,0.000828297,0.00197761,0.0234836,0.947072,0.0182265,0.00155157,
0.00215758,0.00114409,0.000621676,0.000412709,0.000261208,0.000198518,0.000177622,0.000182846,0.000104483,0.000208967,0.000966471,0.000193294,0.000318674,0.000397037,0.000679142,0.00117021,0.00274269,0.0251074,0.93988,0.0230752,
0.0276023,0.00311778,0.00123483,0.000746425,0.000488401,0.000417752,0.000494545,0.000552907,0.000675775,0.000989089,0.00201504,0.000887723,0.000675775,0.000641987,0.000608198,0.00075564,0.00115496,0.0033328,0.0353707,0.918237,


0.932089,0.0267602,0.0032422,0.00141544,0.000695621,0.000508105,0.00032059,0.000260102,0.000199613,0.000229857,0.000671425,0.000157271,0.00026615,0.000211711,0.000326639,0.00037503,0.000610936,0.0010767,0.00277643,0.0278067,
0.0270857,0.935203,0.0231705,0.00244865,0.00118177,0.000834766,0.000605614,0.000530322,0.000504133,0.000854407,0.00139128,0.00046485,0.000392831,0.000310991,0.00030117,0.000310991,0.000435388,0.00042884,0.000883869,0.00266143,
0.00194246,0.024256,0.943931,0.0213328,0.00256207,0.00113278,0.000581596,0.000406737,0.000243282,0.000228077,0.000821077,0.000174859,0.000125442,6.46218e-05,9.88334e-05,0.000144449,0.000205269,0.000338314,0.000524577,0.000885699,
0.000871757,0.00211712,0.0251225,0.938868,0.0251149,0.00287189,0.00120386,0.00061891,0.000388706,0.00029436,0.000762316,0.000230204,0.000116989,9.05722e-05,0.000132084,0.000139632,0.000177371,0.000230204,0.000256621,0.00039248,
0.000367336,0.000727869,0.00202715,0.024853,0.937444,0.0282576,0.00261897,0.00114962,0.000523794,0.000319718,0.000561207,9.18339e-05,0.000139452,8.16302e-05,0.000102038,8.16302e-05,8.16302e-05,0.000132649,0.000193872,0.00024489,
0.000210955,0.000299617,0.000697069,0.00199643,0.0296499,0.935992,0.0250731,0.00278827,0.001067,0.000577833,0.000642037,0.000186496,0.000122293,0.000113121,7.03183e-05,0.000128407,7.6433e-05,9.17196e-05,8.86622e-05,0.000128407,
0.000113437,0.000162421,0.00030164,0.000562029,0.00194906,0.0237702,0.935436,0.0317779,0.00307827,0.00104414,0.000729607,0.000329999,0.000164999,0.00012375,8.7656e-05,6.44529e-05,8.24997e-05,5.15623e-05,6.44529e-05,0.000105703,
4.51997e-05,0.000103055,0.000128367,0.000207919,0.000504429,0.00153498,0.026968,0.926757,0.0389947,0.00278792,0.00106852,0.00031459,0.000166335,0.000115711,6.68956e-05,6.14716e-05,4.15837e-05,4.33917e-05,4.70077e-05,4.33917e-05,
3.33688e-05,4.2574e-05,5.63817e-05,7.93947e-05,0.000156488,0.000378563,0.00128527,0.0304496,0.930974,0.033065,0.00232661,0.000593734,0.000245088,9.7805e-05,5.52311e-05,3.56701e-05,3.79714e-05,2.87662e-05,2.18623e-05,3.68207e-05,
3.55697e-05,2.76653e-05,3.85338e-05,5.82948e-05,7.21274e-05,0.000160064,0.000387314,0.0015621,0.0342556,0.922678,0.038022,0.00186247,0.000411027,0.00017686,7.11394e-05,5.82948e-05,4.2486e-05,3.65577e-05,1.67968e-05,2.66773e-05,
2.49249e-05,2.11092e-05,1.84891e-05,1.85312e-05,2.09139e-05,3.18423e-05,5.95423e-05,0.000171066,0.000960967,0.059472,0.932081,0.00621805,0.000593042,0.000118532,4.88985e-05,2.93754e-05,2.66896e-05,2.82254e-05,2.88854e-05,2.76074e-05,
4.6759e-05,6.23454e-05,7.59834e-05,3.89658e-05,9.15697e-05,0.000109104,0.000196778,0.000356537,0.000954663,0.00373682,0.0465915,0.923463,0.0215364,0.00158007,0.00053578,0.000270813,0.000111053,9.15697e-05,7.79317e-05,7.20868e-05,
8.80366e-05,3.8516e-05,7.97832e-05,6.60275e-05,8.25344e-05,9.35389e-05,0.000165069,0.000228345,0.000511713,0.00111696,0.00353247,0.0303891,0.932237,0.0281332,0.00196157,0.000627261,0.000286119,0.000148562,0.000115548,9.90412e-05,
7.19974e-05,5.98133e-05,5.53826e-05,5.64903e-05,7.53204e-05,7.75357e-05,7.9751e-05,0.000147318,0.000230392,0.000391001,0.00140783,0.00141004,0.0181489,0.958338,0.0176272,0.000911598,0.00040097,0.000204916,0.000187193,0.000118519,
