0.931231,0.0237269,0.00299518,0.00135926,0.000523255,0.000408981,0.000324779,0.000324779,0.00025862,0.000168404,0.000619486,0.000174418,0.000252606,0.00025862,0.00020449,0.000451082,0.000619486,0.00123897,0.00250801,0.0323516,
0.0270115,0.949917,0.0147285,0.00153322,0.000780027,0.000438885,0.000333476,0.000235733,0.000216568,0.000208902,0.00122083,0.000164821,0.00013224,0.000105409,0.000166738,0.00018207,0.000222317,0.000402471,0.000622871,0.00137607,
0.00176604,0.0244459,0.948001,0.0181011,0.00232016,0.0008814,0.000541154,0.000408296,0.000204148,0.000158782,0.000748542,0.000181465,0.000136099,0.000132858,0.000132858,0.000204148,0.000171743,0.000249514,0.0004407,0.000774465,
0.00135121,0.00314876,0.0404153,0.92749,0.0181588,0.00267799,0.00134431,0.000865564,0.000612643,0.000391071,0.00103878,0.00022476,0.000163655,0.000165249,0.000165249,0.000185971,0.000225822,0.000305524,0.000403292,0.000666309,
0.000378811,0.000725459,0.00227644,0.0291398,0.935241,0.0255233,0.00291256,0.00108997,0.000618248,0.000346648,0.000500316,0.000153669,0.000139374,0.000110784,8.21948e-05,0.000110784,0.000128653,0.000117932,0.000185832,0.000217995,
0.000306175,0.00050415,0.00103778,0.00356389,0.0854577,0.887463,0.0153694,0.00272208,0.00117211,0.000596271,0.000588901,0.000220084,0.000148733,0.000118584,0.000102505,0.00010284,9.24555e-05,0.000112219,0.000146053,0.000174861,
0.000238511,0.000306908,0.000569094,0.00145737,0.00527355,0.076416,0.886716,0.0200998,0.00429583,0.00194536,0.00106979,0.000436247,0.000232373,0.000170991,0.000126271,0.000108733,0.000109171,0.000111364,0.000135916,0.000180637,
6.90643e-05,6.72468e-05,0.000127224,0.00023809,0.000508895,0.00144853,0.0318804,0.928339,0.0324875,0.00298067,0.000926915,0.000365314,0.000183566,8.72391e-05,7.81517e-05,5.45244e-05,3.27147e-05,2.90797e-05,5.2707e-05,4.36196e-05,
4.47424e-05,4.35952e-05,6.53928e-05,8.48959e-05,0.000159467,0.000382031,0.00126885,0.037859,0.929352,0.027333,0.00228072,0.000541498,0.000222565,0.000123902,5.50676e-05,5.39204e-05,3.7859e-05,2.98283e-05,3.55645e-05,2.63866e-05,
8.75293e-05,0.000110054,0.000127639,0.000188692,0.000355649,0.000663879,0.00189541,0.00850338,0.0707886,0.893861,0.0195589,0.00205605,0.000767215,0.000357428,0.000213587,0.0001308,9.93842e-05,8.25897e-05,7.90332e-05,7.33033e-05,
0.000112448,0.000116711,0.000121344,0.000125361,0.000153948,0.000230515,0.000407873,0.00122015,0.00688836,0.0594421,0.923723,0.00554002,0.000811557,0.00032241,0.000189631,0.000134898,0.000120556,0.000112152,0.000108727,0.000118116,
5.57785e-05,4.61615e-05,4.23147e-05,8.2706e-05,6.53954e-05,0.00011348,0.000180799,0.000394296,0.00100401,0.00352366,0.0567652,0.916757,0.0181684,0.00175798,0.000473155,0.000225037,0.000130791,9.03996e-05,6.15486e-05,6.15486e-05,
0.000271111,0.000210448,0.000167295,0.000145875,0.000166513,0.000227698,0.000385508,0.000859041,0.00227865,0.00807836,0.0208837,0.0728941,0.873106,0.0159225,0.00200045,0.0008642,0.000486197,0.000383788,0.000347098,0.000320987,
0.000270654,0.000226885,0.00017859,0.000159339,0.000156097,0.000194328,0.000283082,0.000501659,0.00108268,0.0027855,0.0057065,0.00762552,0.0428771,0.919459,0.0151014,0.00138312,0.000753805,0.00050713,0.000404461,0.000342725,
0.000291014,0.000232764,0.000189057,0.000161535,0.000157,0.000177642,0.000228933,0.000338395,0.000612755,0.00128446,0.00295556,0.00253171,0.00341968,0.033743,0.935812,0.0150537,0.00125147,0.000722921,0.000469203,0.000366777,
0.000385712,0.000287377,0.000224604,0.00018595,0.000179559,0.000190382,0.000255527,0.000348296,0.000536101,0.000907177,0.00229325,0.0013703,0.00176395,0.00258444,0.0340878,0.935528,0.0161333,0.00147152,0.000750706,0.000516413,
0.0006067,0.000427438,0.000327912,0.000281921,0.000259567,0.000302709,0.000387144,0.00047172,0.000698396,0.00110747,0.00265291,0.00124231,0.00126395,0.00163956,0.00292145,0.0236187,0.938589,0.0202089,0.00204108,0.000951413,
0.000804874,0.000522418,0.000368466,0.00029289,0.000230546,0.000225456,0.000255738,0.000308667,0.00037381,0.000488574,0.00184869,0.000588579,0.000679932,0.000817597,0.00135427,0.00275764,0.0235513,0.945671,0.0172372,0.00162273,
0.0019881,0.00109086,0.00060918,0.000363619,0.000250283,0.000217227,0.000245561,0.000226672,0.000292784,0.000245561,0.0011003,0.000198338,0.000410842,0.000396675,0.000585569,0.00115697,0.00240366,0.0247828,0.943256,0.0201785,
0.027433,0.00312754,0.00128577,0.000709903,0.000476578,0.00053615,0.000516293,0.0005014,0.00058083,0.00103259,0.00191128,0.000814154,0.00072976,0.00072976,0.000610616,0.000814154,0.00124605,0.00360909,0.0309279,0.922407,


0.930968,0.0240487,0.00300534,0.00131898,0.000801021,0.000385454,0.00035534,0.000283068,0.000216818,0.000222841,0.000728749,0.000228863,0.000210795,0.000240909,0.000240909,0.000517954,0.00062034,0.00120454,0.00267409,0.0317277,
0.0270546,0.946148,0.014997,0.00154016,0.000920794,0.000629362,0.000525148,0.000414816,0.000412981,0.000503326,0.00162847,0.000281235,0.000246973,0.000212914,0.000218421,0.000254926,0.000355061,0.000528819,0.000888367,0.00223825,
0.0021836,0.025164,0.945384,0.0185803,0.00241709,0.00111482,0.000532746,0.000447243,0.000315701,0.000220333,0.000996432,0.000124965,0.000157851,0.000115099,0.000210467,0.000171005,0.000200602,0.000289393,0.000552477,0.000822139,
0.00105254,0.00219492,0.0287009,0.935064,0.0248074,0.00315333,0.00118517,0.000667462,0.000389353,0.000316617,0.000723084,0.00018398,0.000115522,0.000106965,0.000119801,0.000102687,0.000158308,0.000196816,0.000265274,0.000496318,
0.000243608,0.000365935,0.000756964,0.0167159,0.96331,0.0143279,0.00116472,0.000560404,0.000322023,0.000232108,0.00122222,0.000121281,7.63237e-05,5.3322e-05,6.16863e-05,7.42326e-05,8.6779e-05,7.73692e-05,9.30521e-05,0.000133828,
0.000216274,0.000347349,0.000720912,0.00211031,0.0356294,0.93056,0.0237835,0.00309992,0.00126487,0.000622606,0.000599668,0.000199889,0.000144182,8.19218e-05,8.51987e-05,0.000111414,8.51987e-05,7.86449e-05,0.000111414,0.000147459,
0.000134652,0.000199388,0.000300377,0.000590397,0.00178414,0.0276451,0.935789,0.0277098,0.00304003,0.00110052,0.00067067,0.000308146,0.000217515,0.000103578,6.47365e-05,6.2147e-05,6.2147e-05,5.69681e-05,6.99154e-05,9.06311e-05,
5.99073e-05,6.17227e-05,0.000128891,0.000263229,0.000506489,0.00151947,0.0314913,0.928667,0.0326404,0.00286829,0.000905871,0.00034129,0.00017246,9.07686e-05,7.62457e-05,6.17227e-05,3.26767e-05,2.72306e-05,4.17536e-05,4.3569e-05,
3.12076e-05,5.08568e-05,7.39735e-05,7.39735e-05,0.00016644,0.000390672,0.00133499,0.0366689,0.929791,0.0280279,0.00227237,0.000573294,0.000204583,0.000104025,7.39735e-05,4.73893e-05,3.58309e-05,2.42725e-05,2.54284e-05,2.88959e-05,
3.66824e-05,1.48712e-05,4.36223e-05,7.03905e-05,8.72446e-05,0.000170523,0.000410446,0.00155355,0.0410277,0.921532,0.0323568,0.00181726,0.000438206,0.000165566,8.62531e-05,5.55193e-05,4.85793e-05,2.97425e-05,2.97425e-05,2.47854e-05,
5.49414e-05,5.75268e-05,6.6576e-05,7.69179e-05,8.27352e-05,0.0001157,0.000170641,0.000350332,0.00133023,0.0368198,0.947515,0.011782,0.000819596,0.000253377,0.000136384,0.000102126,8.01498e-05,6.98078e-05,5.04168e-05,6.59296e-05,
0.000206368,0.000165897,0.000133425,0.000126408,0.000149215,0.000245381,0.000533136,0.00134332,0.00502933,0.0320284,0.134735,0.801565,0.0185715,0.00289741,0.00086267,0.00038288,0.000257781,0.000251834,0.00026581,0.000249217,
5.27649e-05,4.72107e-05,6.66504e-05,8.05359e-05,6.66504e-05,0.000133301,0.000169403,0.000272156,0.000566528,0.0011636,0.00356024,0.0350637,0.931428,0.0239608,0.00196063,0.000716492,0.000261047,0.000186066,0.000144409,9.99756e-05,
0.000138842,0.000101592,6.7728e-05,0.000104978,7.78872e-05,0.000101592,0.000115138,0.000230275,0.000301389,0.000491028,0.00158483,0.00334576,0.0393533,0.924565,0.0258755,0.00202168,0.000738235,0.000328481,0.000223502,0.000233661,
0.000146716,8.87118e-05,8.18878e-05,9.55358e-05,8.52998e-05,8.18878e-05,9.89477e-05,0.00015354,0.000180836,0.000327551,0.000876882,0.000979241,0.00269547,0.0335842,0.930621,0.0266749,0.00192777,0.00068581,0.000412851,0.000201307,
0.00026678,0.000198666,9.36569e-05,7.66284e-05,8.23045e-05,8.51426e-05,7.94664e-05,0.000122038,0.000136228,0.000204342,0.000754931,0.000471122,0.000908188,0.00229885,0.0338442,0.94025,0.0177835,0.0015127,0.00051937,0.00031219,
0.000379881,0.000204115,0.000181436,0.000141747,7.93781e-05,0.000102058,8.22131e-05,0.000107727,0.000172931,0.000153086,0.000918518,0.000306173,0.000445085,0.000785276,0.00228212,0.0236065,0.950114,0.0178261,0.00149117,0.00062085,
0.000722351,0.000413153,0.000309198,0.000215906,0.000186585,0.000258554,0.000250557,0.000258554,0.000383832,0.000474459,0.0014447,0.000509111,0.000535766,0.000597072,0.000948918,0.0021244,0.0232698,0.946805,0.0184159,0.00187651,
0.00192138,0.000879686,0.000546553,0.000404273,0.000354953,0.000381108,0.000468987,0.00056658,0.000775517,0.00121342,0.00293124,0.00107428,0.000803315,0.000772976,0.000816617,0.00112808,0.00240531,0.025156,0.937356,0.0200436,
0.0219293,0.00267992,0.00134143,0.000864492,0.000663365,0.000551628,0.000525752,0.000501052,0.000562802,0.000705708,0.001679,0.000593382,0.000579856,0.000574564,0.000730407,0.00103386,0.00186483,0.0039355,0.0375883,0.921095,


0.930655,0.0245354,0.00312173,0.0011575,0.000730742,0.000520288,0.000309835,0.000175378,0.000257221,0.000257221,0.000625515,0.000169532,0.000169532,0.000198762,0.000268913,0.000391678,0.000637207,0.00125103,0.0028762,0.0316908,
0.0270736,0.937831,0.0213427,0.00238578,0.00103826,0.000564888,0.000457591,0.0004355,0.000492305,0.000760547,0.00169466,0.000489149,0.000356605,0.000331359,0.000325047,0.000350294,0.000378696,0.000580667,0.000924649,0.00218697,
0.00186241,0.0246027,0.947342,0.0181654,0.00234559,0.000984721,0.000587163,0.000403675,0.000250768,0.000152907,0.00118656,0.000116209,9.78605e-05,9.48024e-05,0.000113151,0.00016514,0.000189605,0.000259942,0.000363919,0.000715605,
0.000893686,0.00217406,0.0294057,0.934323,0.0250103,0.00320094,0.00131905,0.00054996,0.000429657,0.000322242,0.000734713,0.00013749,0.00015038,0.000128897,7.73382e-05,0.000120304,0.00013749,0.000167566,0.000270684,0.000446843,
0.000544651,0.0010118,0.00277478,0.0559787,0.915784,0.0168799,0.00238426,0.00119624,0.000649425,0.000448969,0.000731253,0.000220372,0.000171015,0.000117762,0.000125123,0.000136379,0.000135513,0.000152398,0.000242019,0.000315188,
0.000190484,0.00032842,0.000752082,0.00197381,0.0354201,0.931203,0.0238006,0.00306416,0.00111991,0.000607577,0.000541893,0.000183915,0.000151073,0.000111663,6.23998e-05,8.2105e-05,6.5684e-05,0.00010181,7.88208e-05,0.000160926,
0.000106978,0.000153172,0.000289326,0.000595671,0.00181376,0.0286068,0.93566,0.027182,0.0029662,0.00104546,0.00064916,0.000238268,0.000155604,0.000116703,5.83514e-05,7.0508e-05,5.83514e-05,7.53706e-05,7.78019e-05,8.02332e-05,
6.17674e-05,7.23561e-05,0.000151771,0.000217068,0.000520611,0.00157066,0.0309472,0.927813,0.0339262,0.00279189,0.000981219,0.000347662,0.000172949,0.000107652,6.35322e-05,6.5297e-05,6.00026e-05,3.70604e-05,3.70604e-05,5.47083e-05,
3.70063e-05,3.46934e-05,6.12917e-05,8.67335e-05,0.000166528,0.000398974,0.00131141,0.0359053,0.929889,0.0286579,0.0023765,0.000551625,0.000190814,0.00012374,4.97272e-05,4.27885e-05,3.81627e-05,2.19725e-05,1.85031e-05,3.70063e-05,
3.17469e-05,2.87706e-05,4.06757e-05,6.647e-05,8.73039e-05,0.000154766,0.000381955,0.00155857,0.0400487,0.921996,0.0329999,0.00174608,0.000440488,0.000147821,7.93672e-05,6.05175e-05,3.67073e-05,3.2739e-05,2.28181e-05,3.86915e-05,
4.53428e-05,5.70024e-05,5.57069e-05,6.99575e-05,8.67991e-05,0.000116596,0.000180724,0.00038671,0.00133567,0.0361382,0.948003,0.0119744,0.000794795,0.000281126,0.000137324,9.58677e-05,6.73665e-05,6.8662e-05,5.57069e-05,4.85816e-05,
5.3361e-05,4.5738e-05,3.8115e-05,6.0984e-05,8.95702e-05,0.000125779,0.000158177,0.000337318,0.000952875,0.00373146,0.0541423,0.918405,0.0190137,0.0017228,0.000510741,0.00022869,0.000146743,9.71932e-05,8.19472e-05,5.71725e-05,
6.92565e-05,5.81755e-05,6.64862e-05,8.5878e-05,7.20267e-05,0.000144053,0.000135743,0.000271485,0.000520809,0.00116905,0.00373154,0.0343014,0.930979,0.0250847,0.0019558,0.0006427,0.00031858,0.000177297,0.000124662,9.14186e-05,
0.00012452,0.00011779,0.000114424,8.75008e-05,9.75971e-05,9.42317e-05,0.000137982,0.000255772,0.000380292,0.000790873,0.00166925,0.00339571,0.0377499,0.925661,0.0257185,0.00207983,0.000710103,0.000373561,0.000275964,0.000164905,
0.000110019,9.9705e-05,9.62669e-05,7.90764e-05,8.25145e-05,9.62669e-05,0.000116896,0.000137524,0.000247543,0.000330058,0.000825145,0.00111051,0.00280893,0.0338138,0.929502,0.0275461,0.00180844,0.000625735,0.000347248,0.000216601,
0.000177937,0.000149693,0.000115801,8.47321e-05,0.000121449,8.75565e-05,7.62589e-05,9.60297e-05,0.000169464,0.000234426,0.00105633,0.000539461,0.000844497,0.00236403,0.0339239,0.939213,0.0182993,0.00152518,0.000624193,0.000296562,
0.000364007,0.000299942,0.000165987,0.000104834,0.000104834,0.00012813,0.000101922,9.31858e-05,0.000125218,0.000154339,0.00116773,0.000349447,0.000442633,0.000838672,0.00210833,0.0232149,0.950422,0.0176412,0.0015696,0.000602796,
0.000780798,0.000490379,0.000307082,0.000173775,0.000157112,0.00014997,0.000235668,0.000238048,0.000290419,0.000416584,0.00153303,0.00049276,0.00044515,0.000637969,0.000861734,0.00222575,0.0233859,0.946299,0.0189629,0.00191629,
0.00223887,0.00105027,0.000527696,0.000353505,0.000230547,0.0002203,0.000199807,0.000174191,0.000163945,0.000143451,0.00106052,0.00028178,0.000363752,0.000373998,0.000635285,0.00115273,0.00281267,0.0252218,0.940232,0.0225629,
0.0275764,0.00345186,0.00117469,0.000678818,0.000476617,0.000404402,0.000495874,0.000466988,0.000847319,0.00107359,0.0020846,0.000799176,0.000746218,0.00070289,0.000582532,0.000832876,0.00147799,0.00358185,0.0304313,0.922114,


0.931406,0.0242707,0.00346983,0.00133966,0.000561208,0.000464656,0.000283621,0.000229311,0.000205173,0.000217242,0.000718105,0.000156897,0.000156897,0.000138793,0.000217242,0.000289656,0.000627587,0.00133966,0.0027638,0.031144,
0.0270291,0.952535,0.0133523,0.00111424,0.000646057,0.000480985,0.000317337,0.000186417,0.000136611,0.000160803,0.00126081,9.67663e-05,9.81893e-05,0.000125227,0.000138034,0.000147996,0.000214878,0.000374258,0.000480985,0.00110427,
0.00182025,0.0246415,0.951852,0.0140684,0.00146854,0.000840688,0.000555049,0.000400173,0.000274279,0.000248775,0.00138948,0.000167628,0.000125663,0.000130763,0.000151862,0.000153948,0.000210288,0.000292595,0.000451412,0.000756758,
0.00104975,0.00218735,0.0283916,0.935087,0.0250227,0.00315804,0.00126936,0.000645663,0.000395304,0.00032942,0.0007379,0.000153729,0.000127376,0.000101022,0.000114199,0.000171298,0.000162514,0.000175691,0.000276713,0.000443619,
0.000361719,0.000687625,0.00198767,0.0276554,0.934987,0.0274226,0.00306924,0.00116037,0.000673299,0.000329487,0.000551532,0.000150418,0.000114604,0.000118186,6.80462e-05,7.16276e-05,8.59531e-05,0.000107441,0.000200557,0.000196976,
0.000150749,0.000324438,0.000747191,0.00200889,0.0341315,0.931766,0.0244377,0.00290356,0.00131086,0.000593165,0.000537453,0.000222846,0.000140918,0.000108146,0.0001147,9.83146e-05,9.50374e-05,9.50374e-05,0.0001147,9.83146e-05,
0.000145045,0.000142455,0.00029786,0.00061385,0.00185709,0.0266856,0.935533,0.0289882,0.00303558,0.00108524,0.00063716,0.000259008,0.000134684,0.000134684,5.69818e-05,8.80628e-05,6.47521e-05,4.92116e-05,8.54727e-05,0.000106193,
6.35836e-05,6.70206e-05,0.000137478,0.000273238,0.000503513,0.00157584,0.0308071,0.927824,0.0339932,0.00279596,0.00104999,0.000312763,0.000152944,0.000120293,8.07684e-05,5.32727e-05,3.43695e-05,4.63988e-05,5.15543e-05,5.67097e-05,
4.26979e-05,4.03899e-05,4.38519e-05,8.88578e-05,0.00016156,0.000396975,0.00127055,0.0349442,0.930479,0.0291327,0.00228376,0.000567767,0.00021926,9.11658e-05,5.76999e-05,4.15439e-05,2.76959e-05,4.03899e-05,2.88499e-05,4.15439e-05,
3.76944e-05,4.66221e-05,2.97588e-05,6.44773e-05,8.92763e-05,0.000181529,0.000360081,0.00162582,0.038866,0.922566,0.0335659,0.00174585,0.000364049,0.000169625,8.43165e-05,5.65417e-05,3.86864e-05,3.86864e-05,3.47186e-05,3.47186e-05,
7.36754e-05,5.88111e-05,6.97977e-05,7.23828e-05,7.94919e-05,0.000122146,0.000179018,0.00038001,0.00133003,0.0349609,0.948721,0.0123652,0.000813661,0.000264327,0.000129255,8.9186e-05,8.27233e-05,8.59546e-05,6.01036e-05,6.26887e-05,
5.23304e-05,4.07015e-05,5.81449e-05,5.03923e-05,6.97739e-05,0.000114352,0.000182187,0.000381818,0.000994279,0.00369608,0.0528596,0.919537,0.019087,0.00171334,0.000505861,0.000234518,0.000182187,0.000104661,8.33411e-05,5.23304e-05,
7.20517e-05,8.59078e-05,6.3738e-05,7.20517e-05,8.8679e-05,0.000102535,0.000160731,0.000285436,0.000562557,0.00118885,0.00346125,0.0333904,0.931565,0.0255229,0.00208673,0.000629067,0.000290978,0.000180129,9.69927e-05,9.42215e-05,
0.000111773,7.79027e-05,0.000118548,0.000118548,6.43544e-05,0.000121935,0.000182902,0.000206612,0.000284514,0.000487739,0.0013887,0.00331595,0.038213,0.925108,0.0267308,0.00204241,0.000734995,0.000311611,0.000243869,0.000135483,
0.000172563,6.90253e-05,8.28303e-05,5.17689e-05,6.90253e-05,6.5574e-05,8.28303e-05,0.000176014,0.000220881,0.000296809,0.000697155,0.000969805,0.00258845,0.0324557,0.930464,0.0284902,0.00179121,0.00065574,0.000421054,0.000179466,
0.00013952,0.000160752,8.18924e-05,7.88593e-05,7.27932e-05,0.000121322,7.27932e-05,0.000118289,0.00017895,0.000257809,0.000727932,0.000415528,0.000922048,0.00243857,0.0335304,0.938993,0.0191264,0.00164088,0.00057628,0.000345768,
0.000384371,0.000285275,0.000198191,9.30897e-05,9.90955e-05,8.40811e-05,7.20695e-05,0.000102098,0.000126122,0.000198191,0.0011411,0.000366353,0.000510492,0.000813784,0.00201795,0.0235967,0.949137,0.018702,0.00138133,0.000690666,
0.000937553,0.00049736,0.000345865,0.000282981,0.000205804,0.000245822,0.000245822,0.000300131,0.000363016,0.00065743,0.00174362,0.00064028,0.000603121,0.000651713,0.00114622,0.00239533,0.0233645,0.944476,0.0190426,0.0018551,
0.00217165,0.0010023,0.000486832,0.000272053,0.000186142,0.000257734,0.000143186,0.00013364,0.000190914,0.000176596,0.00109776,0.000205233,0.000305463,0.000443876,0.000677746,0.00106435,0.00286372,0.0245325,0.942945,0.0208431,
0.0138267,0.000897014,0.000464417,0.000297571,0.00025887,0.000183187,0.000141905,0.000169426,0.000165126,0.000240809,0.00163664,0.000202968,0.000202108,0.000196087,0.000320792,0.000324232,0.000466998,0.000951196,0.01404,0.965014,


0.915504,0.0194324,0.0025475,0.00127257,0.000839715,0.000648297,0.000508082,0.000489177,0.000523837,0.000624272,0.00128872,0.000401346,0.000360778,0.000350144,0.000420645,0.000567162,0.000833413,0.00135725,0.00363377,0.048397,
0.0270413,0.941908,0.0187747,0.00200085,0.000940846,0.000494006,0.000464217,0.00041705,0.000431945,0.000583374,0.0017253,0.000342577,0.000280516,0.000317753,0.000215973,0.000270586,0.000382296,0.000513866,0.000861408,0.00203312,
0.00135002,0.0245811,0.951541,0.0160781,0.00170146,0.000685726,0.00043715,0.000267862,0.000240004,0.000132859,0.00109502,0.000102859,6.64297e-05,7.07154e-05,0.000107145,0.000115716,0.000182146,0.000278576,0.000327863,0.000638582,
0.000827048,0.00218077,0.027021,0.936556,0.0249349,0.00309012,0.00141545,0.000629544,0.000415581,0.000238651,0.000818819,0.000160472,0.000168701,0.000172816,0.000139899,0.000102867,0.000189275,0.000193389,0.000263339,0.000481416,
0.000379923,0.000863787,0.00194979,0.0272147,0.935431,0.0275014,0.00295336,0.0011111,0.000616479,0.000362002,0.000534043,0.000175625,0.000121862,0.00011111,7.88519e-05,0.00011111,6.0931e-05,0.000100357,0.000143367,0.000179209,
0.000206979,0.000351535,0.000634078,0.00208293,0.0331626,0.932564,0.0243381,0.00318025,0.00122873,0.000535517,0.000640649,0.000206979,0.00017084,9.85613e-05,0.000111703,8.87052e-05,5.91368e-05,0.000108417,0.000121559,0.000108417,
0.000101128,0.00017114,0.000339686,0.000609361,0.00186179,0.0258447,0.935556,0.0298224,0.00300791,0.00104758,0.000663814,0.000254116,0.000152988,0.000119279,5.44535e-05,7.77907e-05,5.18605e-05,8.03838e-05,0.000101128,8.29768e-05,
8.03411e-05,8.74825e-05,0.000114263,0.000269589,0.000501685,0.00148185,0.0297887,0.927639,0.0353394,0.00282979,0.000942669,0.000344574,0.000205316,9.46239e-05,5.89168e-05,3.03511e-05,4.46339e-05,5.71314e-05,4.10632e-05,4.82046e-05,
3.69919e-05,3.46799e-05,5.43318e-05,9.71036e-05,0.000169931,0.000367607,0.00130743,0.0340522,0.930406,0.0299784,0.00235708,0.000566438,0.000194207,0.000116756,6.12678e-05,5.08638e-05,5.20198e-05,2.19639e-05,3.81479e-05,3.69919e-05,
2.18273e-05,3.67096e-05,4.56389e-05,6.84584e-05,8.43328e-05,0.000182556,0.000398844,0.00155371,0.0379815,0.922397,0.0345288,0.00185433,0.000374041,0.000188509,8.33406e-05,5.75447e-05,4.06782e-05,3.67096e-05,2.48038e-05,4.06782e-05,
5.24205e-05,5.69507e-05,5.56564e-05,6.85997e-05,8.47789e-05,0.000126845,0.000181854,0.000348823,0.00134611,0.0339724,0.949718,0.0124418,0.000766246,0.000287342,0.000122315,0.000108077,7.70129e-05,7.76601e-05,5.24205e-05,5.4362e-05,
3.51188e-05,3.70698e-05,6.43845e-05,7.60907e-05,6.04824e-05,0.00011121,0.000173643,0.000386307,0.000973571,0.00360553,0.0524928,0.919756,0.0194305,0.00171497,0.00050532,0.000195104,0.000148279,9.56012e-05,8.19439e-05,5.65803e-05,
7.74255e-05,7.74255e-05,8.29559e-05,5.80691e-05,8.01907e-05,0.000105077,0.000168677,0.000265459,0.000492205,0.00124987,0.0037026,0.0332183,0.931329,0.0258103,0.00185268,0.000699595,0.000362241,0.000165912,0.000113373,8.84863e-05,
0.000128648,9.47935e-05,9.81789e-05,7.44806e-05,8.4637e-05,0.000128648,0.000135419,0.000196358,0.000328392,0.000578917,0.00143544,0.00318912,0.0365869,0.925655,0.0277711,0.00210915,0.000690638,0.000375788,0.000199743,0.000138805,
0.000151858,6.55751e-05,6.21238e-05,6.21238e-05,7.24778e-05,8.28317e-05,0.000110442,0.000176017,0.000231239,0.000262301,0.000814512,0.0010492,0.00267477,0.032653,0.929272,0.0289635,0.00198451,0.000710972,0.000334778,0.000265752,
0.000229236,0.000123912,7.74447e-05,8.36403e-05,9.91292e-05,8.67381e-05,9.29336e-05,0.000105325,0.000167281,0.000257116,0.00061646,0.000508037,0.000981999,0.00246894,0.0338991,0.93797,0.0194913,0.00169759,0.000638144,0.00040581,
0.000343501,0.000264986,0.000176658,9.48717e-05,0.000121043,0.000127586,9.81431e-05,0.000101415,0.000147215,0.0001374,0.00102069,0.00038603,0.000480901,0.00102069,0.00228019,0.0234202,0.947546,0.019766,0.0017175,0.000749159,
0.000909172,0.000489789,0.000281629,0.000293874,0.000205099,0.000217344,0.000208161,0.000247956,0.000431627,0.000676522,0.00173569,0.000544891,0.000566319,0.000694889,0.000955089,0.00247956,0.0234854,0.941143,0.0223191,0.00211528,
0.00236509,0.00107041,0.000550495,0.000417969,0.00023447,0.000193693,0.000137624,0.000112138,0.000183498,0.00016311,0.000999047,0.000285442,0.000372094,0.000463843,0.000637147,0.00117235,0.00272189,0.0249507,0.941484,0.0214846,
0.0266373,0.00325469,0.00132956,0.000742372,0.000503303,0.000473944,0.000557827,0.000562022,0.000574604,0.000897557,0.00203838,0.000872392,0.000662682,0.000566216,0.000645905,0.00078012,0.00132956,0.00341827,0.0368963,0.917257,


0.931991,0.0252708,0.00289706,0.00138818,0.000742373,0.000482844,0.0002716,0.000211244,0.000211244,0.000193138,0.00071823,0.000181066,0.000193138,0.000187102,0.0002716,0.000404382,0.000573377,0.00119504,0.00267375,0.0299424,
0.0270489,0.943393,0.0181631,0.0018007,0.0008913,0.000572332,0.000411717,0.000416242,0.000427552,0.000597216,0.00168985,0.000368736,0.000237529,0.000239791,0.000255627,0.000208121,0.00030087,0.000484107,0.000665082,0.00182784,
0.00216197,0.0246038,0.942899,0.0215446,0.00268369,0.00121339,0.000632386,0.000367574,0.000304336,0.000237145,0.000865578,0.000193668,0.000142287,0.000126477,0.000122525,0.000197621,0.000201573,0.000256907,0.000403146,0.000841864,
0.00105438,0.00255528,0.0373799,0.925687,0.0253464,0.00293801,0.00113693,0.000720431,0.000446517,0.000262657,0.000547828,0.000153842,0.000131329,0.000135081,0.000127576,0.000153842,0.00015009,0.000240144,0.00033395,0.000499049,
0.000375957,0.000708948,0.00205165,0.0269723,0.934805,0.0282971,0.00307211,0.00124603,0.000565726,0.000293605,0.00058721,0.000136061,0.000114577,9.30942e-05,6.80304e-05,8.59331e-05,7.16109e-05,0.000139641,0.000103836,0.000211252,
0.000212216,0.000404844,0.000688887,0.00202422,0.0325246,0.932584,0.0251036,0.00303633,0.00121127,0.000613795,0.000590941,0.000189362,0.000143654,0.000153449,9.46812e-05,8.48866e-05,7.83569e-05,6.52974e-05,8.81515e-05,0.000107741,
9.59927e-05,0.000186797,0.000280195,0.0006019,0.00164225,0.0260166,0.935005,0.0305049,0.00298615,0.00109224,0.000695298,0.000233496,0.000173825,8.82095e-05,7.00487e-05,5.44823e-05,3.8916e-05,7.00487e-05,7.78319e-05,8.56151e-05,
3.98927e-05,7.7972e-05,0.000146877,0.000252049,0.000569377,0.00153587,0.0285124,0.927685,0.0362534,0.00293574,0.00105172,0.000328208,0.000183144,0.000125118,6.52789e-05,5.9839e-05,2.35729e-05,3.44527e-05,5.80257e-05,6.16523e-05,
3.00837e-05,3.70261e-05,4.51255e-05,0.000105293,0.000207115,0.000410758,0.00135955,0.0333177,0.930184,0.0308092,0.00237892,0.000583161,0.000218685,0.00010645,6.47956e-05,3.93402e-05,3.93402e-05,2.77695e-05,1.8513e-05,1.7356e-05,
3.56752e-05,3.07203e-05,4.4594e-05,6.34225e-05,9.21609e-05,0.000157565,0.000403328,0.00157466,0.0367415,0.922871,0.0352996,0.00184619,0.000396391,0.000178376,8.12601e-05,5.15308e-05,4.75669e-05,3.17113e-05,3.17113e-05,2.08105e-05,
5.95509e-05,5.24307e-05,6.60239e-05,6.8613e-05,7.83224e-05,0.000113276,0.000185126,0.000335945,0.00133019,0.0328346,0.950536,0.0126966,0.000867372,0.000274452,0.000139815,9.12683e-05,7.89697e-05,7.31441e-05,5.76091e-05,6.01982e-05,
5.27517e-05,6.44743e-05,5.47055e-05,5.66592e-05,7.61969e-05,0.000113318,0.000201238,0.000431782,0.00096516,0.00368676,0.0506983,0.920884,0.0199206,0.00162553,0.000545101,0.000224683,0.000156301,0.000107457,6.6428e-05,6.83818e-05,
7.20633e-05,6.92916e-05,6.92916e-05,8.03783e-05,7.76066e-05,0.000124725,0.000171843,0.000291025,0.000501671,0.00123893,0.00365305,0.0320903,0.931529,0.0267577,0.00189859,0.000643026,0.000321513,0.0001663,0.000124725,0.000119182,
0.000131352,7.40958e-05,0.000127984,8.41997e-05,6.39918e-05,0.000121248,0.000131352,0.000188607,0.000373847,0.000643286,0.00167726,0.00369132,0.036509,0.924574,0.0280149,0.00212857,0.000744326,0.000370479,0.000229023,0.000121248,
0.000104717,7.39181e-05,5.45586e-05,2.90392e-05,5.80785e-05,7.21581e-05,7.6558e-05,7.12782e-05,0.000128477,0.000211195,0.00121701,0.000491907,0.00101549,0.0155369,0.963213,0.0163025,0.000641503,0.000335271,0.000227914,0.000139036,
0.000198089,0.000116338,0.000119482,7.23182e-05,8.1751e-05,8.80395e-05,0.000103761,0.000125771,0.000147781,0.000185512,0.000877251,0.000430765,0.000864674,0.0024934,0.0335336,0.93814,0.0198561,0.00166332,0.000613132,0.000289273,
0.000393008,0.000274115,0.000198155,0.000145314,0.000115591,9.24724e-05,7.92621e-05,8.91698e-05,0.000112288,0.000158524,0.0011493,0.000323653,0.000416126,0.000947842,0.0024208,0.0235673,0.947314,0.0198816,0.00158524,0.000736477,
0.000893513,0.000404143,0.000310667,0.000252933,0.000192449,0.00018695,0.000244685,0.000390396,0.000420638,0.000547105,0.00175128,0.000604839,0.000497618,0.000739553,0.00111345,0.00255132,0.0233221,0.943558,0.0200862,0.00193274,
0.00229787,0.00100019,0.000579597,0.000348784,0.000225684,0.00018978,0.000194909,0.000164134,0.000102584,0.000256459,0.000943769,0.000220555,0.000318009,0.000482143,0.000733473,0.00113868,0.00281079,0.0249022,0.940773,0.0223171,
0.0273173,0.00286374,0.00137597,0.000558988,0.00046009,0.000421391,0.000429991,0.000421391,0.000584788,0.000786884,0.00178446,0.000554688,0.00046009,0.000563288,0.000507389,0.000756784,0.00121687,0.00287664,0.0278247,0.928235,


0.93098,0.0259693,0.00311125,0.001429,0.000771782,0.000446186,0.000307507,0.0002653,0.000241182,0.000229123,0.000602954,0.000241182,0.000192945,0.000180886,0.000283389,0.000349714,0.000602954,0.00120591,0.00280374,0.029786,
0.0268392,0.940946,0.0193412,0.00215163,0.000975404,0.000704168,0.000435541,0.0003573,0.000479878,0.000605063,0.00170044,0.000485094,0.000307748,0.000299924,0.000255587,0.000263411,0.000354692,0.000547687,0.000816314,0.00213337,
0.00146804,0.0245269,0.950255,0.0165575,0.00183896,0.000927277,0.000500903,0.000299849,0.000213187,0.00017159,0.00110407,0.000129992,0.000121326,0.000124792,0.000126526,0.000155991,0.000185455,0.000289449,0.000393443,0.000610096,
0.000803192,0.00219019,0.0278217,0.935979,0.0253117,0.00281861,0.00123082,0.000669327,0.000457373,0.000297478,0.000810629,0.000118991,0.000126428,0.000100399,0.000100399,0.000130147,0.000126428,0.000178487,0.000319789,0.000409033,
0.000347163,0.000790958,0.00208655,0.0259656,0.935471,0.0287966,0.00284888,0.00109875,0.000694325,0.000314952,0.000468848,0.000196845,8.58959e-05,6.80009e-05,7.15799e-05,0.000103791,0.000110949,9.30539e-05,0.000125265,0.000261267,
0.000185151,0.000293688,0.000734219,0.00198239,0.0316002,0.933662,0.0251263,0.00306457,0.00122902,0.000536299,0.000632067,0.000213881,0.000118114,9.896e-05,8.61909e-05,5.10761e-05,7.98064e-05,7.98064e-05,8.61909e-05,0.000140459,
0.000107851,0.000174958,0.000306776,0.000625536,0.00173281,0.0261838,0.934791,0.0302918,0.00304619,0.00106173,0.00065909,0.000294793,0.000155785,0.000100661,7.66941e-05,8.38842e-05,5.03305e-05,7.66941e-05,7.42974e-05,0.000105454,
8.92813e-05,0.000120495,0.000182464,0.000326141,0.000792974,0.00262841,0.0701054,0.901889,0.0179584,0.0032481,0.0013647,0.000459489,0.000238925,0.00014666,8.81338e-05,7.52809e-05,6.54118e-05,6.65593e-05,7.41333e-05,8.05598e-05,
3.85659e-05,4.86665e-05,4.683e-05,0.000100088,0.000168955,0.000415961,0.00146091,0.0344908,0.931138,0.028693,0.00223039,0.000566551,0.000235068,0.00012488,6.51947e-05,4.04024e-05,4.59118e-05,2.93835e-05,2.84653e-05,3.21383e-05,
3.07418e-05,2.77668e-05,4.06585e-05,5.35503e-05,0.000104126,0.000168584,0.000371877,0.00152321,0.0357637,0.922567,0.0366393,0.00183063,0.000466086,0.000149742,8.23088e-05,5.05753e-05,3.47085e-05,3.37168e-05,2.38001e-05,3.76835e-05,
5.29896e-05,4.91123e-05,5.4282e-05,7.04374e-05,9.24087e-05,0.000111795,0.000165431,0.000355418,0.00131698,0.0319663,0.951108,0.0130522,0.000843956,0.000259132,0.000136997,0.000104041,7.81919e-05,7.30222e-05,6.00979e-05,4.91123e-05,
4.88729e-05,4.6918e-05,7.42868e-05,6.25573e-05,5.08278e-05,0.000130979,0.000166168,0.000347975,0.00092663,0.00379254,0.0493323,0.922067,0.020165,0.00164213,0.000549331,0.000232635,0.000136844,9.3836e-05,6.25573e-05,7.0377e-05,
0.000100013,8.33438e-05,5.27844e-05,6.11187e-05,5.83406e-05,0.000111125,0.000138906,0.000269478,0.000530622,0.00122237,0.00365323,0.0315178,0.931886,0.0270228,0.00193635,0.000591741,0.000358378,0.000191691,0.000127794,8.61219e-05,
0.000122366,9.51734e-05,8.15772e-05,6.11829e-05,8.15772e-05,9.17743e-05,9.17743e-05,0.000227736,0.000339905,0.000618627,0.00154317,0.0032291,0.0355812,0.925506,0.0287322,0.00217879,0.000737593,0.000360299,0.000173351,0.000146159,
0.000110346,7.24145e-05,9.65527e-05,8.96561e-05,6.89662e-05,7.24145e-05,8.62078e-05,0.000110346,0.000231037,0.000331038,0.00075518,0.00105863,0.00273106,0.0307658,0.929427,0.0307658,0.00203795,0.000682766,0.000313796,0.000193105,
0.000223863,0.000111932,0.000121808,0.000105347,9.87632e-05,9.21789e-05,8.23026e-05,0.000131684,0.000158021,0.000240324,0.000711095,0.000539905,0.000918497,0.00273903,0.0341227,0.936044,0.0207304,0.00183699,0.000645253,0.000345671,
0.000469316,0.000252708,0.000144405,0.000111586,0.000127995,0.000131277,0.000121431,0.000144405,0.000124713,0.000154251,0.000925504,0.000416805,0.00052839,0.000971451,0.00232032,0.0235708,0.947089,0.0200985,0.00161143,0.000685923,
0.00100429,0.000594895,0.000383804,0.000230282,0.000169513,0.000172712,0.000246274,0.000355018,0.000396597,0.000668458,0.0017495,0.000598094,0.000607689,0.00072283,0.00103307,0.00256509,0.0235527,0.940968,0.0219216,0.00205975,
0.00221458,0.0011505,0.000648169,0.000437514,0.000275472,0.000189049,0.000248465,0.000135035,0.000178246,0.000221458,0.000918239,0.000280873,0.00042131,0.00042131,0.000610359,0.00121532,0.00280873,0.0249599,0.939083,0.0235825,
0.0274464,0.00279131,0.00118675,0.000813391,0.000400028,0.000400028,0.000453366,0.000484479,0.000608932,0.00104007,0.00208459,0.000697827,0.000573374,0.000524482,0.000573374,0.000755609,0.00125787,0.00314245,0.0276197,0.927146,


0.931963,0.0257732,0.00326076,0.0011912,0.000739988,0.00043918,0.000258695,0.000222598,0.000180485,0.000240646,0.000625681,0.000168452,0.000192517,0.000222598,0.000288776,0.000373002,0.000721939,0.00114307,0.00282158,0.0291724,
0.0268002,0.935869,0.0220622,0.0023949,0.00118774,0.000734652,0.000553416,0.000556652,0.000582543,0.000935305,0.00208097,0.000501634,0.000398071,0.000297744,0.00027509,0.000297744,0.000430435,0.00064727,0.000977378,0.00241755,
0.00186939,0.024669,0.942517,0.0220151,0.00268115,0.00107714,0.000620529,0.000398075,0.000280994,0.000261481,0.000995188,0.000148303,9.75674e-05,0.000148303,0.000163913,0.000148303,0.000183427,0.000351243,0.000480032,0.000893718,
0.00085496,0.00206356,0.0251125,0.938715,0.0254856,0.00291852,0.00104927,0.00069174,0.000303122,0.000314781,0.000788895,0.000151561,9.71545e-05,0.00013213,0.000124358,0.000128244,0.000124358,0.00021374,0.000326439,0.000404163,
0.000364793,0.000732964,0.0018037,0.0253498,0.937188,0.0282107,0.00263462,0.00111465,0.000584345,0.000334394,0.000560701,0.000151997,9.45761e-05,9.11983e-05,7.43098e-05,8.78206e-05,0.000111465,0.000111465,0.00011822,0.00028035,
0.000204408,0.000360002,0.000643732,0.00205018,0.0299046,0.93548,0.0249347,0.00298069,0.00113187,0.000573562,0.000713902,0.000271527,0.000131187,0.000115933,7.32207e-05,7.01699e-05,8.84751e-05,7.62716e-05,9.15259e-05,0.000103729,
0.000116563,0.000176139,0.000331556,0.000624259,0.0017329,0.0248952,0.935271,0.0314253,0.00281823,0.000989489,0.000647571,0.000238306,0.000194271,0.000139875,7.51182e-05,6.99377e-05,5.69863e-05,6.21668e-05,6.73474e-05,6.73474e-05,
6.97283e-05,8.22436e-05,0.000141244,0.000253882,0.000509553,0.00148754,0.0272423,0.927082,0.038313,0.00294825,0.000913619,0.000339702,0.000194882,0.000109062,7.33041e-05,5.18492e-05,4.46976e-05,4.82734e-05,5.00613e-05,4.46976e-05,
3.90366e-05,5.42175e-05,4.98801e-05,9.97602e-05,0.000158315,0.000370848,0.00125351,0.0323039,0.931566,0.030724,0.00226846,0.000567115,0.000204942,0.000105182,6.5061e-05,4.22897e-05,4.12053e-05,1.95183e-05,3.46992e-05,3.25305e-05,
2.0743e-05,1.61334e-05,2.56818e-05,3.21571e-05,5.93754e-05,0.0001148,0.000301157,0.0013079,0.0706193,0.916179,0.0100776,0.000816878,0.000199747,8.73619e-05,4.30224e-05,2.79865e-05,2.206e-05,1.72309e-05,1.45969e-05,1.70114e-05,
5.24377e-05,5.82642e-05,6.02063e-05,6.79748e-05,8.73962e-05,0.000119118,0.00016055,0.000369006,0.00131677,0.0310956,0.95159,0.0134318,0.000822172,0.00028161,0.000146308,9.58122e-05,7.05644e-05,6.02063e-05,6.27958e-05,5.17904e-05,
1.28394e-05,1.34814e-05,1.25184e-05,1.53431e-05,1.81677e-05,2.86318e-05,4.6286e-05,9.38559e-05,0.000299222,0.00128285,0.071253,0.919359,0.00653685,0.000683826,0.000177505,7.51104e-05,3.56293e-05,2.29183e-05,1.91307e-05,1.34172e-05,
7.1994e-05,8.0301e-05,6.0918e-05,6.6456e-05,8.86081e-05,0.000132912,0.000168909,0.000240903,0.000542724,0.00116852,0.0035997,0.0314559,0.931628,0.0273411,0.00195768,0.000661791,0.000296283,0.000174447,0.000160602,0.000102453,
0.000127478,0.000103995,0.000127478,9.72861e-05,0.000100641,0.00015767,0.000177799,0.000204636,0.000358952,0.000791707,0.00155322,0.00366668,0.0343218,0.9257,0.0291623,0.00191888,0.000694421,0.000342179,0.000234828,0.00015767,
0.000144559,0.000117024,0.000117024,8.94892e-05,6.88378e-05,0.000106699,8.94892e-05,0.000117024,0.000213397,0.000333863,0.000857031,0.00110829,0.00272942,0.0306087,0.928935,0.0312283,0.00193434,0.000647075,0.000340747,0.000213397,
0.000135964,7.93747e-05,7.00365e-05,6.76085e-05,6.79821e-05,6.46203e-05,6.7235e-05,8.88996e-05,0.00010907,0.000171449,0.000709329,0.000343832,0.000588867,0.0016988,0.0340695,0.946754,0.0133826,0.000917571,0.000375769,0.000237377,
0.000375816,0.000192987,0.000118501,0.000125272,0.000138815,0.000148972,0.000118501,0.000108343,0.000145587,0.000240387,0.000995406,0.000385974,0.000474003,0.000870133,0.00259686,0.0234902,0.945744,0.0212692,0.0017335,0.000727933,
0.000600568,0.000355782,0.000308212,0.000211091,0.000203162,0.000195234,0.000222983,0.000330015,0.000375603,0.000489572,0.00172341,0.000603541,0.000564891,0.000677869,0.000829497,0.0019791,0.0234836,0.947075,0.0182202,0.00155097,
0.00215598,0.00113555,0.000617491,0.000413405,0.000261649,0.000198853,0.000177921,0.000183154,0.000104659,0.000209319,0.00091577,0.000188387,0.000319211,0.00038724,0.000680286,0.00116695,0.00276301,0.0251078,0.940025,0.0229884,
0.027615,0.00312129,0.00123314,0.00075034,0.000488951,0.000418222,0.000492026,0.000553529,0.000676536,0.000990203,0.00202038,0.000888722,0.000676536,0.000642709,0.000608882,0.00075649,0.00115626,0.00333655,0.0352783,0.918296,


0.932096,0.0267667,0.0032384,0.00139826,0.000696105,0.000514512,0.000320814,0.00025423,0.000199752,0.000230017,0.000653733,0.00015738,0.000260283,0.000211858,0.000326867,0.000375291,0.000617415,0.00107745,0.00277837,0.027826,
0.0273021,0.935182,0.0230022,0.00243844,0.00117358,0.000834548,0.000606351,0.000528112,0.000505293,0.000850847,0.00140504,0.000462913,0.000384674,0.000312955,0.000299916,0.000312955,0.000436834,0.000423794,0.000873667,0.00266338,
0.00195141,0.0240012,0.944104,0.0213929,0.00257387,0.00113419,0.000580458,0.000404793,0.000248222,0.000229128,0.000805768,0.000175665,0.000126021,6.49197e-05,9.54701e-05,0.000145115,0.000206215,0.000339874,0.000530814,0.000889782,
0.000871011,0.00212451,0.0250094,0.938923,0.0251571,0.00288191,0.00121563,0.000624856,0.000390061,0.000291599,0.00074604,0.000231007,0.000117397,9.08881e-05,0.000132545,0.000140119,0.000174202,0.00022722,0.000257516,0.000393848,
0.000364624,0.000732656,0.00202758,0.0247092,0.937544,0.028301,0.00262393,0.0011484,0.000521378,0.000313508,0.000565678,9.20079e-05,0.000139716,8.17848e-05,9.88233e-05,8.17848e-05,8.17848e-05,0.0001329,0.000190831,0.000248762,
0.000208406,0.00030035,0.000692644,0.00200131,0.0296948,0.935934,0.0250884,0.00279816,0.00106655,0.000576182,0.000637478,0.000186953,0.000122592,0.000113397,6.74255e-05,0.000128721,7.66199e-05,9.19439e-05,8.88791e-05,0.000125657,
0.000114177,0.000160885,0.000301011,0.000565693,0.00196436,0.0237306,0.93541,0.0318163,0.00308796,0.00105094,0.000723983,0.000324365,0.00016867,0.000121961,8.82274e-05,6.48731e-05,8.30375e-05,5.18984e-05,6.48731e-05,0.000106392,
4.72407e-05,0.000103566,0.000127186,0.000207132,0.000505112,0.00154077,0.0266892,0.926853,0.0391607,0.0027981,0.00105928,0.0003216,0.000165342,0.000116285,6.72271e-05,6.17763e-05,4.17898e-05,4.36068e-05,4.72407e-05,4.36068e-05,
3.23589e-05,4.276e-05,5.66281e-05,7.97416e-05,0.000156016,0.000379061,0.00128742,0.0304786,0.930933,0.0330639,0.002331,0.000596328,0.00024847,9.82324e-05,5.54724e-05,3.58259e-05,3.81373e-05,2.77362e-05,2.19578e-05,3.69816e-05,
3.57305e-05,2.67979e-05,3.8708e-05,5.85583e-05,7.24535e-05,0.000158802,0.00038708,0.00156817,0.0340462,0.922748,0.0381482,0.0018699,0.000412886,0.000176667,7.1461e-05,5.75658e-05,4.26781e-05,3.6723e-05,1.68727e-05,2.67979e-05,
2.49211e-05,2.10985e-05,1.84883e-05,1.85321e-05,2.09048e-05,3.18388e-05,5.94711e-05,0.000171053,0.000960993,0.0594732,0.93208,0.00621802,0.000593045,0.000118551,4.88974e-05,2.93819e-05,2.67027e-05,2.82149e-05,2.88868e-05,2.76121e-05,
4.68549e-05,6.24732e-05,7.61392e-05,3.90457e-05,9.17575e-05,0.00011128,0.000197181,0.000357268,0.00095662,0.00374253,0.0464332,0.923593,0.0215493,0.00158135,0.000534926,0.000271368,0.00011128,9.17575e-05,8.00437e-05,7.22346e-05,
8.606e-05,3.88658e-05,8.05077e-05,6.38509e-05,8.05077e-05,9.71645e-05,0.000163792,0.000224866,0.000519136,0.00111878,0.00355344,0.0305735,0.932293,0.027839,0.00197938,0.000632957,0.000288717,0.000149911,0.000116597,9.99406e-05,
7.20628e-05,5.98676e-05,5.54329e-05,5.65416e-05,7.42801e-05,7.76061e-05,8.09321e-05,0.000149669,0.000228384,0.000391356,0.00140689,0.00141243,0.0179359,0.958487,0.0176809,0.000916861,0.000401334,0.00020621,0.000187363,0.000118626,
