0.931135,0.0236874,0.00299621,0.00137501,0.000522384,0.000414305,0.000324239,0.000324239,0.00025819,0.000162119,0.000642473,0.000180133,0.000264194,0.00025819,0.00020415,0.000450331,0.000618455,0.00124892,0.00251585,0.0324179,
0.0271199,0.949827,0.0147162,0.00153397,0.000778462,0.000436092,0.000334719,0.000237173,0.000216133,0.000212308,0.00121838,0.000164491,0.000133888,0.000105198,0.000164491,0.000181705,0.000221871,0.000401663,0.000621622,0.00137522,
0.00175818,0.0252242,0.947284,0.0180334,0.00231628,0.000877476,0.00054197,0.000409704,0.000206465,0.000158075,0.000758113,0.000183883,0.000135493,0.000135493,0.000132267,0.000203239,0.000170979,0.000248403,0.00044519,0.00077747,
0.00134843,0.00314509,0.0406029,0.927323,0.0181343,0.00267511,0.00134365,0.000864649,0.000614802,0.000394662,0.00104394,0.000224384,0.000163381,0.000165503,0.000166034,0.000186722,0.000225445,0.000305545,0.00040474,0.000667848,
0.000374525,0.000720515,0.00227212,0.0294805,0.934936,0.0254927,0.00290703,0.00108791,0.000627776,0.00034599,0.000506501,0.000156944,0.000139109,0.000110574,8.20388e-05,0.000110574,0.000128409,0.000117708,0.000185479,0.000217581,
0.0003057,0.00050392,0.00103764,0.00356293,0.0854655,0.887466,0.015363,0.0027205,0.00117157,0.000596333,0.000588967,0.000219984,0.000148665,0.00011853,0.000102458,0.000102793,9.27481e-05,0.000112168,0.000145986,0.000174782,
0.000238302,0.000307077,0.000569035,0.00145654,0.00526981,0.0765398,0.886614,0.0200862,0.00429295,0.00194409,0.00107105,0.000435866,0.00023217,0.000170842,0.00012616,0.000108638,0.000109076,0.000111266,0.000136235,0.000180479,
6.88721e-05,7.06846e-05,0.00012687,0.000237428,0.000505667,0.00144632,0.032002,0.928288,0.0324207,0.00297419,0.000929774,0.000364297,0.000183055,8.69964e-05,7.79343e-05,5.43727e-05,3.26236e-05,2.89988e-05,5.61852e-05,4.53106e-05,
4.43937e-05,4.43937e-05,6.60213e-05,8.53724e-05,0.000162777,0.000382468,0.00125782,0.0379293,0.929441,0.0271871,0.00227546,0.000538415,0.000221968,0.000125213,5.57766e-05,5.46383e-05,3.64256e-05,2.95958e-05,3.52873e-05,2.61809e-05,
8.74399e-05,0.000109497,0.000127024,0.000188271,0.000354683,0.000661707,0.0018898,0.00847675,0.0712078,0.893546,0.0195019,0.00204991,0.000765296,0.000356652,0.000213282,0.000130372,9.92561e-05,8.21226e-05,7.87747e-05,7.32604e-05,
0.000112363,0.000116674,0.000121379,0.00012542,0.000153874,0.000230441,0.000407743,0.00121995,0.0068864,0.0594394,0.92373,0.00553852,0.000811643,0.000322332,0.000189546,0.000134954,0.000120493,0.000112264,0.000108815,0.000118029,
5.76358e-05,4.61086e-05,4.22662e-05,8.45325e-05,6.53205e-05,0.00011335,0.000178671,0.000395766,0.0010067,0.00351962,0.0571228,0.916413,0.0181437,0.00176173,0.000476456,0.00022478,0.000130641,9.22172e-05,6.33994e-05,6.14782e-05,
0.000271189,0.000210479,0.000167174,0.000145861,0.000166445,0.000227676,0.00038547,0.000859062,0.00227879,0.00807784,0.0208822,0.0728887,0.873112,0.0159241,0.00200057,0.000864481,0.000486098,0.000383803,0.000347064,0.00032106,
0.000270629,0.000226807,0.000178529,0.00015942,0.000156044,0.000194262,0.000282986,0.000501691,0.00108245,0.00278482,0.0057055,0.00762327,0.0429112,0.919434,0.0150978,0.00138272,0.000753684,0.000507092,0.000404256,0.000342811,
0.000290992,0.000232981,0.000189122,0.000161367,0.000156989,0.000177707,0.000229072,0.000338449,0.000612788,0.00128445,0.00295542,0.00253168,0.00341951,0.0337508,0.935805,0.015053,0.00125145,0.000722946,0.000469168,0.00036675,
0.000385795,0.000287362,0.000224695,0.00018594,0.000179653,0.000190372,0.000255719,0.000348277,0.000536485,0.000906923,0.00229292,0.00137033,0.00176406,0.00258451,0.0340899,0.935526,0.0161326,0.00147175,0.000750667,0.000516386,
0.000606738,0.000427465,0.000327932,0.000281939,0.000259725,0.000302728,0.000387167,0.000471749,0.000698439,0.00110753,0.0026525,0.0012421,0.00126388,0.0016398,0.00292177,0.023606,0.938599,0.0202109,0.00204078,0.000951756,
0.000804969,0.000522568,0.000368393,0.00029334,0.0002305,0.000225666,0.000255687,0.000309114,0.000373736,0.000488986,0.0018496,0.000588207,0.000679797,0.000817944,0.00135425,0.00275709,0.0235555,0.945667,0.0172348,0.0016224,
0.00197379,0.0010877,0.000600108,0.000361002,0.00025317,0.000215664,0.000239105,0.00022504,0.000295366,0.000248482,0.00111583,0.000201599,0.000403197,0.000393821,0.000576666,0.00116271,0.00239105,0.0251014,0.94306,0.0200942,
0.0273299,0.00312116,0.00128402,0.000701273,0.000483977,0.000543239,0.000513608,0.000498793,0.000582748,0.00102722,0.00191615,0.000814859,0.000725965,0.000725965,0.000617318,0.000814859,0.00124945,0.0036002,0.0322388,0.921211,


0.930974,0.0240531,0.00300739,0.00132325,0.000799966,0.000390961,0.000366902,0.000282695,0.000222547,0.000228562,0.000739818,0.000228562,0.000216532,0.000240591,0.000240591,0.000517271,0.000625538,0.00120296,0.00267056,0.0316678,
0.0270815,0.946127,0.0149933,0.00153967,0.000920786,0.000629078,0.000525319,0.000414629,0.000412998,0.000502692,0.00162957,0.000281312,0.000246861,0.000212818,0.000218322,0.000255015,0.000354901,0.000528581,0.00088817,0.00223785,
0.00217409,0.0262659,0.944358,0.0185256,0.00240984,0.00110669,0.0005337,0.00044857,0.000327423,0.000219374,0.000995367,0.000121147,0.000153889,0.000121147,0.000203002,0.000173534,0.000199728,0.000284858,0.000553345,0.000825107,
0.00104866,0.00219109,0.0288338,0.935013,0.0247287,0.00314597,0.00118933,0.000665001,0.00039218,0.000323975,0.000733207,0.000183302,0.000115096,0.000106571,0.000119359,0.000102308,0.000157725,0.00019609,0.000264295,0.000490225,
0.00024589,0.000369877,0.000757466,0.0174217,0.962608,0.014297,0.00116173,0.000561588,0.000326117,0.000233387,0.00123883,0.000121903,7.60592e-05,5.41791e-05,6.25144e-05,7.39754e-05,8.64782e-05,7.71011e-05,9.27297e-05,0.000133364,
0.000215791,0.000346574,0.000719304,0.00209906,0.0358246,0.93043,0.0237403,0.00309301,0.00126205,0.000621218,0.00060487,0.000199444,0.000143861,8.50087e-05,8.50087e-05,0.000107896,8.50087e-05,7.84696e-05,0.000111165,0.00014713,
0.000134454,0.000199096,0.000299936,0.000592115,0.00178152,0.0278346,0.93564,0.0276743,0.00303815,0.00110666,0.000669685,0.000307693,0.000214609,0.000103426,6.46414e-05,6.20558e-05,6.20558e-05,5.42988e-05,6.98127e-05,9.0498e-05,
5.97626e-05,6.15736e-05,0.00012858,0.000262593,0.000505265,0.00152123,0.0315184,0.92868,0.0325851,0.0028686,0.00091636,0.000344088,0.000172044,9.05494e-05,7.60615e-05,6.33846e-05,3.44088e-05,2.71648e-05,4.16527e-05,4.34637e-05,
3.09665e-05,5.39046e-05,7.56958e-05,7.3402e-05,0.000166301,0.000387654,0.00132812,0.0367021,0.929901,0.0279019,0.00226399,0.000572306,0.000201855,0.000103222,7.68427e-05,4.58762e-05,3.55541e-05,2.4085e-05,2.52319e-05,2.98196e-05,
3.61246e-05,1.36688e-05,4.19826e-05,6.93202e-05,8.8847e-05,0.000168907,0.000406158,0.00153871,0.0430127,0.920055,0.0319029,0.00179061,0.000433495,0.000165978,8.78706e-05,5.66277e-05,4.68643e-05,2.92902e-05,3.02666e-05,2.44085e-05,
5.51305e-05,5.70537e-05,6.92337e-05,7.88494e-05,8.20547e-05,0.000115389,0.000167956,0.000351938,0.00132954,0.0369265,0.947491,0.0116896,0.000819265,0.000254498,0.000137826,0.000101927,8.07726e-05,7.24389e-05,5.12842e-05,6.79516e-05,
0.000206332,0.000165904,0.000133472,0.000126457,0.000149287,0.000245393,0.000532998,0.00134311,0.00502822,0.032019,0.134751,0.801565,0.0185676,0.00289677,0.000862517,0.000382759,0.000257878,0.000251814,0.000265785,0.000249138,
5.26199e-05,4.7081e-05,6.64673e-05,8.30841e-05,6.64673e-05,0.000132935,0.000168938,0.000276947,0.000564972,0.00116595,0.003556,0.0349618,0.931536,0.0239476,0.00195801,0.000720062,0.0002631,0.000188324,0.000144012,9.97009e-05,
0.000138082,0.000104403,6.73571e-05,0.000104403,7.74606e-05,0.000101036,0.000117875,0.000229014,0.000303107,0.000491707,0.00157616,0.00332744,0.0398754,0.92419,0.0257506,0.00201734,0.00073756,0.000333418,0.00021891,0.000239118,
0.000149783,8.85079e-05,8.16996e-05,9.53162e-05,8.51038e-05,8.16996e-05,9.87204e-05,0.000153187,0.000183824,0.000326799,0.000905504,0.0009838,0.00269268,0.0338917,0.930351,0.0266068,0.00192675,0.000684234,0.000411902,0.000200845,
0.000266926,0.000193096,9.37082e-05,7.66703e-05,8.23496e-05,8.23496e-05,7.951e-05,0.000122105,0.000136303,0.000204454,0.000752505,0.000471381,0.000911525,0.00230011,0.033752,0.940308,0.0178159,0.00151353,0.000519655,0.00031804,
0.000379297,0.000203801,0.000183987,0.000141529,7.92561e-05,0.000101901,8.20867e-05,0.000110392,0.000172665,0.000155682,0.000914276,0.000305702,0.000447231,0.0007869,0.00228144,0.0237004,0.950032,0.0178072,0.00149737,0.000617066,
0.00072058,0.000414799,0.000313758,0.000215376,0.000188787,0.00025792,0.000249943,0.00025792,0.000382891,0.000470637,0.00146509,0.000510522,0.000534452,0.000598267,0.000943933,0.00212717,0.023367,0.946728,0.0183788,0.00187457,
0.00192087,0.000879604,0.000546857,0.000404465,0.000355009,0.000381007,0.000469012,0.000566431,0.000775163,0.0012131,0.00293121,0.00107399,0.000803103,0.000772922,0.0008167,0.00112778,0.00240513,0.0251741,0.937343,0.0200405,
0.0219072,0.00267871,0.00134053,0.000864743,0.000663517,0.000552051,0.000525651,0.000500425,0.000562611,0.000703411,0.00168725,0.000591944,0.000579038,0.000574344,0.000730984,0.0010337,0.00186559,0.00393593,0.0381479,0.920555,


0.930582,0.0245245,0.00311663,0.00116144,0.000723711,0.000513602,0.000309328,0.000175091,0.000250964,0.000262637,0.000653675,0.000169255,0.000175091,0.000198437,0.000268474,0.000396874,0.000647839,0.00124899,0.00288901,0.0317324,
0.0280979,0.936829,0.0212922,0.00238357,0.00104125,0.000561394,0.000457897,0.000435943,0.000492396,0.000768389,0.00169359,0.00048926,0.0003544,0.000329309,0.000326173,0.000341855,0.000385763,0.000592757,0.000928339,0.00219853,
0.00185492,0.0251465,0.946826,0.0181228,0.00234226,0.000986854,0.000587848,0.000405098,0.000255851,0.000155338,0.0012092,0.000112696,9.74671e-05,9.44212e-05,0.000112696,0.000164476,0.000188842,0.000258897,0.000368547,0.000709682,
0.000890407,0.00216609,0.0296018,0.934221,0.02494,0.00318492,0.00131421,0.000543662,0.00042808,0.000325341,0.000749141,0.000136986,0.000149828,0.000128424,7.70545e-05,0.000119863,0.000136986,0.000166951,0.000269691,0.000449484,
0.000543917,0.00101081,0.00277757,0.0561187,0.915636,0.0168753,0.00238337,0.00119731,0.00065296,0.00045175,0.000735608,0.00022025,0.000170921,0.000117697,0.000125919,0.000136304,0.000136304,0.000152747,0.000241453,0.000315013,
0.000190059,0.000327687,0.000753681,0.00197595,0.0355082,0.931114,0.0237737,0.00305077,0.00112397,0.000606221,0.000563622,0.000186782,0.000154013,0.000111414,6.22606e-05,8.19218e-05,6.88143e-05,0.000101583,8.19218e-05,0.000163844,
0.000106809,0.00015293,0.000288869,0.000597157,0.00180604,0.0288043,0.935502,0.0271464,0.00296151,0.00105109,0.000645706,0.000242747,0.000155358,0.000118946,5.82592e-05,7.03965e-05,5.82592e-05,7.52515e-05,7.7679e-05,8.01064e-05,
6.16224e-05,7.21863e-05,0.000151415,0.000218319,0.00052115,0.00156697,0.0310102,0.92783,0.0338642,0.00279062,0.000975395,0.000343325,0.000174303,0.000107399,6.16224e-05,6.51437e-05,5.81011e-05,3.69735e-05,3.69735e-05,5.45799e-05,
3.67209e-05,3.44259e-05,6.0819e-05,8.60646e-05,0.000165244,0.00039475,0.00130015,0.0359073,0.930012,0.0285597,0.00236965,0.000550814,0.00019049,0.000123933,5.04913e-05,4.24586e-05,3.78684e-05,2.06555e-05,1.83605e-05,3.78684e-05,
3.22342e-05,2.8327e-05,4.00485e-05,6.54452e-05,8.69346e-05,0.00015238,0.000378019,0.00153943,0.0418956,0.920663,0.0325477,0.00172404,0.000434673,0.000145542,7.81435e-05,5.95844e-05,3.61414e-05,3.22342e-05,2.24662e-05,3.80949e-05,
4.49549e-05,5.65147e-05,5.65147e-05,7.00012e-05,8.86254e-05,0.000116241,0.000181104,0.000388539,0.00133002,0.0361913,0.948025,0.0118989,0.000788637,0.000282574,0.00013936,9.69742e-05,6.9359e-05,6.9359e-05,5.77992e-05,4.8166e-05,
5.32884e-05,4.56757e-05,3.616e-05,6.0901e-05,8.75452e-05,0.000125608,0.000156059,0.000338762,0.000953481,0.00373019,0.0544074,0.918162,0.0189992,0.00172426,0.000506239,0.000230282,0.000146543,9.7061e-05,8.18357e-05,5.70947e-05,
6.90716e-05,5.80202e-05,6.63088e-05,8.2886e-05,7.18345e-05,0.000143669,0.00013538,0.000270761,0.000524945,0.00116593,0.00372434,0.0341932,0.931116,0.0250758,0.00195058,0.000640985,0.00031773,0.000179586,0.000121566,9.11746e-05,
0.000123817,0.000117124,0.000113777,8.70063e-05,9.70455e-05,9.03527e-05,0.000143895,0.000257672,0.000388182,0.000789749,0.0016732,0.00339324,0.0381757,0.925372,0.0255798,0.00207142,0.000709436,0.000374796,0.000274404,0.00016732,
0.000118445,0.000104909,0.000108293,7.78355e-05,8.12196e-05,9.81404e-05,0.000118445,0.00013875,0.000270732,0.000341799,0.000869727,0.00112015,0.00280546,0.0356723,0.927789,0.0272526,0.00183083,0.000622684,0.000351952,0.000226738,
0.000178041,0.000146955,0.000115868,8.47814e-05,0.00012152,8.76075e-05,7.63033e-05,9.60856e-05,0.000172389,0.000234562,0.00104564,0.000539775,0.000842162,0.00236258,0.0338419,0.939294,0.01831,0.00152889,0.000624557,0.000296735,
0.000366382,0.000299503,0.000168652,0.000107588,0.000101773,0.000127943,0.000101773,9.30495e-05,0.000125035,0.000154113,0.00117184,0.000351843,0.000439077,0.000837445,0.00210524,0.023274,0.95037,0.0176329,0.00157021,0.000601914,
0.000783962,0.000489382,0.000311209,0.000171046,0.000156792,0.00014729,0.000237564,0.000235188,0.000289828,0.000413362,0.00155367,0.000491758,0.000446621,0.000639047,0.000859982,0.00222122,0.0234642,0.946204,0.0189671,0.00191714,
0.00227716,0.001056,0.000540513,0.000365347,0.000230219,0.000230219,0.000205195,0.000180171,0.000160152,0.000150143,0.00116611,0.000275261,0.000365347,0.000395376,0.000650618,0.00115109,0.00284771,0.0277964,0.937511,0.0224463,
0.0274705,0.00342423,0.00116855,0.000675268,0.000474124,0.000402287,0.000502859,0.000464546,0.000847677,0.00106798,0.0021168,0.000794996,0.000742316,0.000694424,0.000579485,0.00082852,0.00147026,0.00357269,0.0314311,0.921271,


0.931323,0.0242676,0.00348142,0.00134318,0.000554137,0.000463788,0.000283092,0.000234906,0.00020479,0.000216836,0.000692671,0.000156604,0.000156604,0.000138534,0.000216836,0.000289115,0.000644485,0.00133113,0.00276466,0.0312364,
0.0270536,0.952512,0.0133463,0.00111409,0.000645148,0.000480309,0.00031689,0.000187576,0.00013784,0.000160577,0.00126898,9.66302e-05,9.80512e-05,0.000127893,0.000136419,0.000147787,0.000214576,0.000373731,0.000480309,0.0011013,
0.00181926,0.0246904,0.951807,0.014066,0.00146834,0.000840676,0.000554424,0.00039913,0.000274894,0.000248703,0.00138977,0.000167579,0.000125626,0.000130725,0.000152049,0.000154135,0.000210227,0.00029251,0.000451744,0.000757002,
0.00104566,0.00217883,0.0285917,0.934959,0.0249559,0.00315012,0.00125567,0.000638774,0.000393765,0.000328137,0.000770028,0.000153131,0.000131255,0.000100629,0.000113754,0.000170631,0.000166256,0.000170631,0.00028001,0.000446266,
0.000360993,0.000682669,0.00199082,0.0278536,0.934857,0.0273675,0.00306308,0.00115446,0.000671947,0.000328825,0.000557573,0.000150116,0.000114374,0.000117948,6.79095e-05,7.14837e-05,8.57805e-05,0.000107226,0.000200154,0.00019658,
0.000150395,0.000323675,0.000745434,0.00201071,0.0341853,0.931783,0.0243835,0.00289673,0.00131105,0.000578692,0.00053619,0.000225592,0.000140586,0.000107892,0.000114431,9.80835e-05,9.4814e-05,9.4814e-05,0.000114431,0.000104622,
0.000144799,0.000144799,0.00029994,0.000615394,0.00185394,0.0267826,0.935497,0.0289442,0.0030356,0.0010834,0.000630908,0.000255983,0.00013187,0.000134456,5.68852e-05,8.27421e-05,6.46422e-05,4.91281e-05,8.53278e-05,0.000106013,
6.34327e-05,6.68615e-05,0.000138866,0.000272589,0.000502319,0.0015721,0.0308317,0.927862,0.0339382,0.00279275,0.00105264,0.000315449,0.000152581,0.000118293,8.05767e-05,5.1432e-05,3.4288e-05,4.62888e-05,5.1432e-05,5.65751e-05,
4.23687e-05,4.00785e-05,4.35138e-05,8.93177e-05,0.000160314,0.000393914,0.0012619,0.03489,0.930605,0.0290764,0.00228333,0.000565679,0.000221004,9.04628e-05,5.72549e-05,4.12236e-05,2.74824e-05,4.00785e-05,2.86275e-05,4.23687e-05,
3.71224e-05,4.68915e-05,2.93072e-05,6.44758e-05,8.79215e-05,0.000179751,0.000356571,0.00160603,0.0405416,0.921402,0.0331113,0.00172131,0.000362432,0.000168028,8.40139e-05,5.66605e-05,3.71224e-05,3.71224e-05,3.61455e-05,3.41917e-05,
7.37046e-05,5.83228e-05,7.05e-05,7.17818e-05,8.01137e-05,0.000125618,0.000178814,0.000382623,0.00132861,0.0350013,0.948746,0.0122901,0.000810109,0.000265977,0.000130746,8.90864e-05,8.20364e-05,8.78046e-05,6.40909e-05,6.28091e-05,
5.22633e-05,4.06492e-05,5.80703e-05,5.03276e-05,6.96844e-05,0.000110334,0.000181954,0.000387135,0.00099881,0.00369521,0.0530898,0.919292,0.0190916,0.00171307,0.000505212,0.000234217,0.000185825,0.000106462,8.32341e-05,5.4199e-05,
7.1879e-05,8.57019e-05,6.08207e-05,7.46436e-05,8.84665e-05,0.000102289,0.000160345,0.000287516,0.000563974,0.00118877,0.00345572,0.0333601,0.931662,0.02547,0.00208449,0.000624794,0.000293045,0.000179697,9.1231e-05,9.39956e-05,
0.000111151,8.08369e-05,0.000121255,0.000117887,6.06277e-05,0.000121255,0.000181883,0.000205461,0.000289666,0.00048839,0.0013877,0.00330758,0.0385794,0.924838,0.0266425,0.00204113,0.000737637,0.000309875,0.000242511,0.000134728,
0.00017226,6.54588e-05,8.95752e-05,5.1678e-05,6.8904e-05,6.54588e-05,8.26848e-05,0.000175705,0.000234274,0.000296287,0.000706266,0.000968101,0.0025839,0.0325916,0.930355,0.0284505,0.00178117,0.000658033,0.000423759,0.00017915,
0.000142606,0.000160811,8.19224e-05,7.88883e-05,7.282e-05,0.000121367,7.282e-05,0.000118332,0.000188118,0.000260938,0.000719097,0.000415681,0.000922386,0.00243947,0.033482,0.939013,0.0191425,0.00164148,0.000579525,0.000345895,
0.000383838,0.00028488,0.000200915,9.29608e-05,9.89582e-05,8.39646e-05,7.49684e-05,0.000101957,0.000125947,0.000197916,0.00114552,0.000368844,0.000509785,0.000815656,0.00201815,0.023705,0.949031,0.0186791,0.00138841,0.000692708,
0.000935299,0.000496165,0.000345034,0.000282301,0.00020531,0.000245231,0.000248082,0.00029941,0.000362143,0.00065585,0.00177935,0.000638741,0.000598819,0.00065585,0.00114346,0.00239243,0.0233996,0.944447,0.0190168,0.00185349,
0.0021546,0.000999167,0.00049248,0.000269917,0.000179945,0.000255711,0.000142062,0.000132591,0.000189415,0.000175209,0.00112702,0.000208357,0.000298329,0.000440391,0.000681896,0.00106073,0.00284123,0.024804,0.942721,0.0208262,
0.0137678,0.0008942,0.000465052,0.000300916,0.000258172,0.000182943,0.000141909,0.000169265,0.000164991,0.00023851,0.00165931,0.00020346,0.000201751,0.000198331,0.000323143,0.000323143,0.000467617,0.000953186,0.0149466,0.96414,


0.915479,0.0194204,0.0025457,0.00127088,0.000839782,0.000647832,0.000507409,0.000488529,0.000523143,0.000624232,0.00129488,0.000401601,0.0003603,0.000350073,0.000420481,0.00056641,0.000833095,0.00135663,0.00363093,0.0484383,
0.0271143,0.941859,0.0187688,0.00199104,0.000938563,0.000492807,0.000468043,0.000416038,0.00042842,0.000579482,0.00173102,0.000344222,0.000282312,0.000314505,0.000215448,0.000274882,0.000383845,0.000510142,0.000861794,0.00202571,
0.00134587,0.0249713,0.951166,0.0160351,0.00169837,0.000690028,0.000433671,0.000267039,0.000239267,0.000134587,0.0011237,0.000102543,6.62256e-05,7.26345e-05,0.000108952,0.00012177,0.000181586,0.000279857,0.000328992,0.000632348,
0.000828079,0.00217268,0.0271216,0.936463,0.0248998,0.00307865,0.00141839,0.000635407,0.000418139,0.000241865,0.000848576,0.000159877,0.000168075,0.000172175,0.000143479,0.000102485,0.000188573,0.000196771,0.000262362,0.00047963,
0.000375527,0.000861924,0.00194559,0.0274135,0.935309,0.0274528,0.00294699,0.0011087,0.000618726,0.000357645,0.000518585,0.000175246,0.000125176,0.000114446,7.86819e-05,0.00011087,6.07996e-05,0.000100141,0.000143058,0.000182399,
0.000209804,0.000350767,0.000632691,0.00207838,0.0332278,0.932571,0.0242849,0.00317001,0.00122604,0.000534346,0.000645804,0.000209804,0.000167188,9.83458e-05,0.000111459,8.5233e-05,5.90075e-05,0.00010818,0.000121293,0.00010818,
9.83534e-05,0.000170824,0.000346825,0.00060565,0.00186095,0.0259446,0.935501,0.0297778,0.00299978,0.001056,0.000665179,0.00025106,0.000155295,0.000119059,5.43532e-05,7.76474e-05,5.17649e-05,8.02356e-05,0.000100942,8.28239e-05,
8.19139e-05,8.72562e-05,0.000113967,0.000268891,0.000500387,0.00147801,0.0298256,0.927679,0.0352604,0.00282781,0.000950914,0.000347244,0.000204785,9.43791e-05,5.87643e-05,3.02725e-05,4.45184e-05,5.69836e-05,4.0957e-05,4.80799e-05,
3.67034e-05,3.44095e-05,5.39082e-05,9.74935e-05,0.000169753,0.00036474,0.00129724,0.0340275,0.930481,0.0299569,0.00234558,0.000562021,0.000194987,0.000116992,6.1937e-05,5.04672e-05,5.16142e-05,2.17927e-05,3.78504e-05,3.67034e-05,
2.24739e-05,3.61537e-05,4.49479e-05,6.9376e-05,8.30558e-05,0.000178814,0.000394759,0.00153702,0.0393304,0.921542,0.03409,0.00183211,0.000370331,0.000187608,8.20787e-05,5.76505e-05,3.90851e-05,3.71308e-05,2.54053e-05,4.00622e-05,
5.39128e-05,5.71219e-05,5.71219e-05,6.93165e-05,8.47201e-05,0.000130289,0.000178426,0.000353642,0.00133883,0.0339689,0.949785,0.0123685,0.00076569,0.000288819,0.000122587,0.000108467,7.57347e-05,8.08692e-05,5.64801e-05,5.58383e-05,
3.50747e-05,3.70233e-05,6.43035e-05,7.59951e-05,6.04064e-05,0.00011107,0.000173425,0.000383873,0.000970399,0.00360295,0.052727,0.919548,0.0194138,0.00171281,0.000504685,0.000196808,0.000148093,9.5481e-05,8.18409e-05,5.65092e-05,
7.99993e-05,7.44821e-05,8.27579e-05,6.06892e-05,7.99993e-05,0.000104827,0.000165516,0.00025655,0.00049103,0.00125516,0.00370756,0.0330701,0.931479,0.0258094,0.00185102,0.000697925,0.000361376,0.000168274,0.000115861,8.82751e-05,
0.000127916,9.42542e-05,0.000100987,7.74231e-05,8.41555e-05,0.000127916,0.000134649,0.000185142,0.00032989,0.000585723,0.00143401,0.00317435,0.036877,0.925526,0.0276434,0.00210052,0.000686709,0.000373651,0.000198607,0.000138015,
0.000151564,6.5448e-05,6.20033e-05,6.20033e-05,7.23372e-05,8.26711e-05,0.000110228,0.000175676,0.000234235,0.000261792,0.000819822,0.00104717,0.00266614,0.0328308,0.929144,0.0289246,0.00198411,0.000706149,0.000334129,0.000265236,
0.000226249,0.000123972,7.74824e-05,8.3681e-05,9.91775e-05,8.67803e-05,9.29789e-05,0.000105376,0.000167362,0.000254142,0.000610561,0.000508284,0.000982477,0.00247324,0.0338908,0.937943,0.0195287,0.00169841,0.000641554,0.000406008,
0.000339692,0.000264568,0.000179645,9.47217e-05,0.000124118,0.000127384,9.7988e-05,9.7988e-05,0.000146982,0.000137183,0.00103541,0.000385419,0.000476875,0.00101581,0.00228312,0.023442,0.947511,0.0197674,0.00171806,0.000754507,
0.000906657,0.000485382,0.00028085,0.000293061,0.000204532,0.000219796,0.000207585,0.00024727,0.000430433,0.000674651,0.00173089,0.000546436,0.000570858,0.00069602,0.000949395,0.00246965,0.0235059,0.941195,0.0222726,0.00211248,
0.00235558,0.00106658,0.000550984,0.000414501,0.00022747,0.000187031,0.000136482,0.000111208,0.000181976,0.000161757,0.00104636,0.000283074,0.000374062,0.00046505,0.000641972,0.00118285,0.00271448,0.0253048,0.941115,0.0214783,
0.0265275,0.00323608,0.00132784,0.000743255,0.000501071,0.000467666,0.000551178,0.000559529,0.000576232,0.000893577,0.00204186,0.000868523,0.000659744,0.000555354,0.000643041,0.00077666,0.00132366,0.00341981,0.0375344,0.916793,


0.931872,0.0252977,0.00289392,0.0013927,0.000747596,0.000476291,0.000265276,0.000217044,0.000211015,0.000192928,0.00072348,0.00018087,0.000192928,0.000186899,0.000271305,0.000416001,0.000572755,0.00119977,0.0026829,0.0300063,
0.0270754,0.943406,0.0181338,0.00179375,0.000895746,0.000573097,0.000412901,0.000412901,0.000426438,0.00059566,0.00168093,0.000370031,0.000239166,0.000239166,0.000257217,0.000209835,0.000300086,0.000482845,0.000665605,0.00182985,
0.00215388,0.0251901,0.942431,0.0214523,0.0026609,0.00121057,0.00063673,0.000373391,0.000306574,0.000239756,0.000868625,0.000192591,0.000137565,0.000125774,0.000125774,0.000196522,0.000200452,0.000255478,0.000400904,0.000841112,
0.00105455,0.00254663,0.037489,0.925617,0.0253093,0.00292433,0.00113682,0.000725472,0.000452485,0.000265508,0.000553453,0.000153321,0.000134624,0.000134624,0.000130884,0.000153321,0.000149582,0.000239331,0.00033282,0.00049736,
0.000378669,0.000707325,0.00204695,0.0271248,0.934722,0.0282323,0.00307222,0.00124675,0.000564431,0.00030365,0.00057872,0.000135749,0.000114315,9.2881e-05,6.78746e-05,8.57363e-05,7.14469e-05,0.000135749,0.00010717,0.000210768,
0.000211808,0.000400806,0.000687561,0.00201706,0.0325337,0.932626,0.0250683,0.00302396,0.00120893,0.000612613,0.00059632,0.000188998,0.000149895,0.000153153,9.44989e-05,8.47231e-05,7.8206e-05,6.19131e-05,8.79817e-05,0.00011405,
9.58517e-05,0.000181341,0.000279783,0.000601016,0.00163984,0.0261675,0.934893,0.0304705,0.00298176,0.00109582,0.000691687,0.000235743,0.000173569,9.58517e-05,6.99458e-05,5.44023e-05,3.88588e-05,6.99458e-05,7.77176e-05,8.54894e-05,
3.97906e-05,7.95811e-05,0.00014831,0.000251404,0.000566111,0.00153375,0.0285533,0.927688,0.0362221,0.00293184,0.00105083,0.000325559,0.000179058,0.000124798,6.51118e-05,6.14945e-05,2.35126e-05,3.61732e-05,5.78772e-05,6.14945e-05,
2.98479e-05,3.67358e-05,4.59198e-05,0.000104468,0.000204343,0.000408686,0.00135234,0.0332586,0.930273,0.0308064,0.00236946,0.000576293,0.000221563,0.000106764,6.42877e-05,3.90318e-05,3.90318e-05,2.75519e-05,1.83679e-05,1.72199e-05,
3.51252e-05,3.02467e-05,4.29308e-05,6.24449e-05,9.07402e-05,0.000157088,0.000400037,0.00155039,0.038028,0.922081,0.0348599,0.00182261,0.000393208,0.000179529,8.29346e-05,5.17122e-05,4.87851e-05,3.12224e-05,3.21981e-05,2.04897e-05,
6.0335e-05,5.26327e-05,6.67536e-05,6.99629e-05,8.15164e-05,0.000116819,0.000187424,0.00033441,0.00132737,0.0328325,0.95062,0.0126081,0.000863946,0.000272791,0.000138642,8.72932e-05,7.95908e-05,7.76653e-05,6.0335e-05,6.16187e-05,
5.26876e-05,6.43959e-05,5.46389e-05,5.65903e-05,7.80556e-05,0.000111229,0.00019709,0.000431257,0.000960084,0.00368227,0.0509137,0.920715,0.0198964,0.00161965,0.000542487,0.000226361,0.000158063,0.000107326,6.43959e-05,6.82987e-05,
7.4652e-05,7.18871e-05,6.91223e-05,8.01818e-05,7.74169e-05,0.00012442,0.000171423,0.000287549,0.000511505,0.00123591,0.00366348,0.0320091,0.931597,0.0267641,0.00189395,0.000644219,0.000312433,0.000168658,0.00012442,0.00011889,
0.000134003,7.37018e-05,0.000127303,8.37521e-05,6.03015e-05,0.000120603,0.000134003,0.000187605,0.000371859,0.000649916,0.00167839,0.00367504,0.0367169,0.924439,0.0279531,0.00211725,0.000743719,0.000371859,0.000241206,0.000120603,
0.00010282,7.29404e-05,5.44856e-05,3.0758e-05,5.88796e-05,7.20616e-05,7.64556e-05,7.11828e-05,0.000127426,0.000211791,0.00121889,0.000492128,0.00101413,0.015611,0.963142,0.0162965,0.000642402,0.00033658,0.000228488,0.00013885,
0.000201262,0.000116354,0.000119499,7.23284e-05,8.49073e-05,8.8052e-05,0.00010692,0.000125789,0.000150946,0.000182393,0.00087423,0.000430826,0.000864796,0.0024969,0.0334786,0.938125,0.0199123,0.00166041,0.000619509,0.000289314,
0.000398902,0.000273627,0.000197802,0.000145055,0.000115385,9.23078e-05,7.9121e-05,8.90111e-05,0.000112088,0.000161539,0.00114066,0.000319781,0.000425275,0.000956045,0.00242308,0.023611,0.947276,0.0198627,0.00158572,0.000735166,
0.000894162,0.000408682,0.00030994,0.000255083,0.000194741,0.000186512,0.000244112,0.000389482,0.000419653,0.000545823,0.00174718,0.000603423,0.000493709,0.000740564,0.00111359,0.00254809,0.0233909,0.943506,0.0200665,0.00194192,
0.00229435,0.0009971,0.000579946,0.000345933,0.000218752,0.000188228,0.000193315,0.000162792,0.000101745,0.00025945,0.00096149,0.000218752,0.000315409,0.000488376,0.000727476,0.00112428,0.00280816,0.0250903,0.940571,0.0223534,
0.0271752,0.00285829,0.0013778,0.000560533,0.00045784,0.00041933,0.000427888,0.00041933,0.000586207,0.000783035,0.00179713,0.000551976,0.000462119,0.000564812,0.000509187,0.000748804,0.00122376,0.00286685,0.0284759,0.927734,


0.930963,0.0259723,0.00311258,0.00143287,0.000752559,0.000445515,0.000307044,0.000264901,0.000240819,0.000234798,0.000608067,0.000240819,0.000192655,0.000180614,0.000282962,0.000349187,0.000608067,0.00120409,0.00280554,0.0298013,
0.0268744,0.940956,0.0193353,0.00214548,0.00097782,0.000699557,0.000439499,0.00035628,0.000478507,0.000603336,0.00168258,0.000483709,0.000306869,0.000299067,0.000254857,0.000262659,0.000353679,0.000546123,0.000816583,0.00212728,
0.00146625,0.0247567,0.950027,0.0165316,0.00183799,0.000926778,0.00049797,0.00029567,0.000214404,0.000171177,0.00113081,0.000133138,0.000121034,0.000124493,0.000126222,0.000155616,0.000188468,0.000288753,0.000394226,0.000612088,
0.000804195,0.00218652,0.0279171,0.935872,0.0253006,0.00280912,0.00123038,0.000674486,0.000455834,0.000300183,0.000830137,0.000118591,0.000126003,0.000103767,0.000100061,0.000129709,0.000126003,0.000181592,0.000322419,0.000411363,
0.000342936,0.000785894,0.00207905,0.0261167,0.9354,0.0287351,0.00284708,0.00109668,0.000693016,0.00031793,0.000478681,0.000189329,8.57339e-05,6.78727e-05,7.50171e-05,0.000103595,0.00011074,8.93061e-05,0.000125029,0.000260774,
0.000181564,0.000293051,0.000738997,0.00197809,0.0317164,0.933557,0.0251163,0.0030611,0.00122317,0.00053195,0.000640252,0.000219788,0.000117857,0.000101931,8.6004e-05,5.09653e-05,7.96333e-05,7.96333e-05,8.6004e-05,0.000140155,
0.00010769,0.000174697,0.000306318,0.000626995,0.00173022,0.0263218,0.93469,0.0302729,0.00303925,0.00106493,0.000660499,0.00029196,0.000153159,0.000100511,7.65796e-05,8.13658e-05,5.02553e-05,7.17934e-05,7.41865e-05,0.000105297,
8.9252e-05,0.000120456,0.000182405,0.000326263,0.000792714,0.00262754,0.0700899,0.901902,0.0179592,0.00324841,0.00136654,0.000459338,0.000238847,0.000146612,8.81048e-05,7.57151e-05,6.53903e-05,6.63081e-05,7.43385e-05,8.05333e-05,
3.83278e-05,4.83661e-05,4.6541e-05,0.000100382,0.000168825,0.000412481,0.0014519,0.034423,0.931132,0.0287787,0.00223214,0.000563967,0.000235442,0.000124109,6.47923e-05,4.0153e-05,4.83661e-05,3.01147e-05,2.82896e-05,3.19399e-05,
3.12474e-05,2.83179e-05,4.00357e-05,5.27299e-05,0.000104483,0.000166002,0.000368133,0.00150378,0.0367889,0.922048,0.0361903,0.00180747,0.000461875,0.000146472,8.20244e-05,5.17535e-05,3.51533e-05,3.32003e-05,2.34355e-05,3.71063e-05,
5.57494e-05,5.25454e-05,5.57494e-05,7.43325e-05,9.61196e-05,0.00011278,0.000162763,0.000356283,0.00131556,0.031929,0.951209,0.0129742,0.000839444,0.000260804,0.000137131,0.000103168,7.75365e-05,7.49733e-05,6.34389e-05,4.93414e-05,
4.88145e-05,4.68619e-05,6.83403e-05,6.24825e-05,5.07671e-05,0.000130823,0.000167922,0.000349512,0.00092357,0.00378605,0.0494393,0.921992,0.0201487,0.00164212,0.000550627,0.000228452,0.000136681,9.37238e-05,6.24825e-05,7.02929e-05,
9.97647e-05,8.31373e-05,4.98824e-05,6.09673e-05,5.81961e-05,0.000105307,0.000141333,0.000271582,0.000526536,0.00123043,0.00366081,0.0314896,0.93188,0.0270667,0.00192324,0.000593046,0.00035749,0.000191216,0.000124706,8.59085e-05,
0.000121695,9.12714e-05,8.45106e-05,6.08476e-05,8.11301e-05,9.12714e-05,9.46518e-05,0.000226488,0.000341423,0.000621998,0.00155499,0.00321816,0.0358122,0.92532,0.0286998,0.00217023,0.000733552,0.000358325,0.000172402,0.000145358,
0.000110141,7.22802e-05,9.63736e-05,8.94898e-05,6.88383e-05,7.22802e-05,8.60479e-05,0.000110141,0.000230608,0.000333866,0.000781315,0.00104634,0.00272944,0.0307914,0.92943,0.0307122,0.00204106,0.000684941,0.000316656,0.000196189,
0.000223986,0.000111993,0.000121875,0.000105405,9.88175e-05,8.89357e-05,8.23479e-05,0.000131757,0.000161402,0.000237162,0.000708192,0.000540202,0.000919003,0.00273724,0.034069,0.936095,0.0207418,0.00183471,0.000645608,0.000345861,
0.000468559,0.000252301,0.000144172,0.000114682,0.000127789,0.000131065,0.000124512,0.000140895,0.000124512,0.000157279,0.000933841,0.000412856,0.000527538,0.000966608,0.00231658,0.0235951,0.94705,0.0201022,0.00161538,0.000694647,
0.00101616,0.000595136,0.000386206,0.00023109,0.000174109,0.000174109,0.000250084,0.000357715,0.000392537,0.000671111,0.00176642,0.000598302,0.000610964,0.000734424,0.00103832,0.00257048,0.0239131,0.940372,0.022077,0.00207031,
0.00220541,0.00115088,0.000647707,0.000444295,0.000267647,0.000187353,0.000251588,0.000139177,0.000182,0.000224824,0.00096353,0.000278353,0.00041753,0.00041753,0.00059953,0.00120441,0.00278889,0.0250732,0.938896,0.02366,
0.0273533,0.00279196,0.00118138,0.000818562,0.000402644,0.00039822,0.000451315,0.000482288,0.000606179,0.00103537,0.00209286,0.000694672,0.000575206,0.000526535,0.000570781,0.000765466,0.0012566,0.00313266,0.0282116,0.926652,


0.931916,0.025798,0.00326154,0.00118929,0.000744807,0.000438475,0.000252273,0.000234254,0.000180195,0.000246267,0.000630684,0.000174189,0.000192208,0.000222241,0.000282306,0.00037841,0.000726788,0.00113523,0.00282306,0.0291736,
0.0267827,0.935854,0.0221292,0.00239287,0.00118031,0.000735275,0.000554681,0.000557906,0.00058693,0.000931993,0.0020736,0.000496633,0.000396662,0.00029669,0.000277341,0.00029669,0.000432135,0.000641753,0.000977142,0.00240577,
0.00186344,0.0250478,0.942226,0.0219575,0.00266705,0.00107148,0.0006095,0.000395981,0.000283398,0.000263987,0.000993835,0.000151405,9.70542e-05,0.000147522,0.000163051,0.000147522,0.000182462,0.000353277,0.000485271,0.000892899,
0.000852224,0.00205696,0.0251948,0.938651,0.025466,0.00290531,0.00104204,0.000689527,0.000306026,0.000317647,0.000813487,0.000151076,0.000100717,0.000131707,0.00012396,0.000127834,0.00012396,0.000213056,0.000329268,0.00040287,
0.000364166,0.000731704,0.00180397,0.025468,0.937097,0.0281858,0.00263009,0.00110936,0.000590084,0.000333819,0.000563109,0.000151736,9.44134e-05,9.10415e-05,7.4182e-05,8.76696e-05,0.000118017,0.000111273,0.000118017,0.000276496,
0.000200958,0.000359288,0.000651591,0.00204612,0.0300463,0.935349,0.0249279,0.00297783,0.00113267,0.000569381,0.000721622,0.000264899,0.000127882,0.000115703,7.30756e-05,7.00308e-05,9.13445e-05,7.61204e-05,9.43893e-05,0.000103524,
0.000116375,0.000173269,0.000333607,0.000620665,0.00172752,0.0250309,0.935169,0.0313875,0.00281885,0.000993064,0.000651698,0.000243094,0.000193958,0.000137064,7.4997e-05,6.98248e-05,5.68943e-05,6.46526e-05,6.98248e-05,6.72387e-05,
6.95545e-05,8.20387e-05,0.000140893,0.00025325,0.000504716,0.00148383,0.0272315,0.927107,0.0382996,0.00294448,0.00092026,0.000340639,0.000196179,0.000112357,7.31214e-05,5.172e-05,4.45862e-05,4.99366e-05,4.99366e-05,4.45862e-05,
3.76753e-05,5.27454e-05,4.95161e-05,0.000100109,0.000159313,0.000368141,0.00124759,0.032249,0.931503,0.0308561,0.0022659,0.000565129,0.000207752,0.000103338,6.56626e-05,4.30575e-05,3.98282e-05,1.93759e-05,3.4446e-05,3.22931e-05,
2.08174e-05,1.61061e-05,2.57479e-05,3.21026e-05,5.93844e-05,0.000114715,0.000301305,0.0013058,0.070651,0.916152,0.0100757,0.000815823,0.000199409,8.76523e-05,4.30592e-05,2.80487e-05,2.20226e-05,1.72018e-05,1.45722e-05,1.70922e-05,
5.32866e-05,5.77807e-05,6.03487e-05,6.80528e-05,8.6029e-05,0.000121339,0.000163712,0.000373648,0.00131226,0.0310565,0.951688,0.0133679,0.000819844,0.000280557,0.000144452,9.63011e-05,7.19048e-05,6.29167e-05,6.22747e-05,5.26446e-05,
1.28388e-05,1.3545e-05,1.25179e-05,1.52782e-05,1.81669e-05,2.86306e-05,4.61556e-05,9.37876e-05,0.000299209,0.00128292,0.0712553,0.919357,0.00653676,0.00068386,0.000177497,7.51071e-05,3.56277e-05,2.29173e-05,1.91299e-05,1.34166e-05,
7.18444e-05,8.01342e-05,6.07914e-05,6.63179e-05,9.11872e-05,0.000132636,0.000168558,0.000234876,0.00054436,0.00116885,0.00358393,0.0313601,0.931684,0.0274004,0.00195638,0.000657653,0.000298431,0.000174085,0.000160268,0.000105003,
0.000126815,0.000103454,0.000126815,9.67799e-05,0.000103454,0.00015685,0.000176874,0.000203572,0.000360422,0.000787588,0.00155515,0.00365761,0.0345204,0.925573,0.0291107,0.00191557,0.000687471,0.000343736,0.000236944,0.00015685,
0.000144315,0.00011339,0.000116826,9.621e-05,6.87214e-05,0.000106518,9.27739e-05,0.000116826,0.000213036,0.000329863,0.000845274,0.00110985,0.0027248,0.0306772,0.928925,0.0311789,0.00193451,0.000649418,0.000340171,0.000216473,
0.000136184,7.9581e-05,7.02405e-05,6.79988e-05,6.83724e-05,6.44494e-05,6.68779e-05,8.89215e-05,0.000109284,0.000171491,0.000708757,0.000343357,0.000589012,0.00169941,0.034068,0.946754,0.0133818,0.000918357,0.000376609,0.000237435,
0.000375204,0.000192672,0.000118308,0.000125068,0.000138589,0.000145349,0.000118308,0.000111547,0.00015211,0.000239995,0.000983643,0.000385345,0.00047323,0.000872096,0.00259601,0.0235534,0.945673,0.0212886,0.00172391,0.000733507,
0.000602926,0.000355419,0.000308888,0.000210875,0.000201965,0.000195035,0.000222756,0.000330669,0.00037522,0.000489073,0.00173254,0.000602926,0.000566295,0.000678167,0.000828651,0.00197708,0.0234834,0.947039,0.0182442,0.00155533,
0.00214651,0.00113547,0.000622177,0.000414785,0.000264425,0.000197023,0.000176284,0.000186653,0.000108881,0.000207392,0.000974745,0.000186653,0.000316274,0.000394046,0.000668841,0.00115621,0.00272721,0.0252189,0.939804,0.0230932,
0.0275792,0.00311338,0.00122881,0.000744638,0.000487232,0.000416752,0.000490297,0.000551584,0.000674158,0.000989786,0.00201635,0.000885598,0.000680287,0.000643514,0.000612871,0.000756896,0.0011522,0.00333708,0.0356017,0.918038,


0.932067,0.0267116,0.0032332,0.00140206,0.000694986,0.000507642,0.000332385,0.000253821,0.000199431,0.000229647,0.000676856,0.000163171,0.000259864,0.000211517,0.000332385,0.000380731,0.000622466,0.00108176,0.00278599,0.0278538,
0.0270952,0.935158,0.0232044,0.00244446,0.0011846,0.000837726,0.000608661,0.000526851,0.000503945,0.000854088,0.00140057,0.000464676,0.00038614,0.000314147,0.000301058,0.000310875,0.000435225,0.000422136,0.000880267,0.00266698,
0.00194133,0.0242534,0.943895,0.0213395,0.00255679,0.00113593,0.000581261,0.000410302,0.000243142,0.000224146,0.0008358,0.000174758,0.000129169,6.45845e-05,0.000102575,0.000144365,0.00020895,0.000341918,0.000524274,0.000892786,
0.000868085,0.0021136,0.0250914,0.938864,0.0251669,0.00287223,0.001204,0.000622757,0.000384977,0.00029062,0.000754857,0.000234006,0.000117003,9.05828e-05,0.0001321,0.000143423,0.000173617,0.000226457,0.000256651,0.000392525,
0.000367374,0.00073815,0.00203076,0.0248284,0.937451,0.0282776,0.00261924,0.00114975,0.000520447,0.00031635,0.000554463,9.52452e-05,0.000139466,8.16388e-05,9.86468e-05,8.16388e-05,8.16388e-05,0.000132663,0.000187089,0.000248318,
0.000207978,0.000302791,0.00069122,0.00200332,0.0297255,0.935943,0.0250552,0.00279241,0.00106436,0.000574997,0.000645343,0.00018351,0.000119281,0.000113164,6.72869e-05,0.000128457,7.64624e-05,9.17549e-05,8.86964e-05,0.000125398,
0.000113962,0.000160582,0.000300444,0.000562038,0.00196066,0.0237817,0.935386,0.0317875,0.00308214,0.00104896,0.00074075,0.000321164,0.000165762,0.000124322,8.80612e-05,6.47509e-05,8.28812e-05,5.43908e-05,6.47509e-05,0.000108782,
4.53138e-05,0.000105128,0.000126879,0.000210256,0.000507515,0.00153704,0.0266971,0.926911,0.0390986,0.00279496,0.00106397,0.000317197,0.000164942,0.000114191,6.70645e-05,6.16268e-05,4.16887e-05,4.35013e-05,4.89389e-05,4.35013e-05,
3.21096e-05,4.24306e-05,5.61919e-05,7.79806e-05,0.000157108,0.000376142,0.00127751,0.0303815,0.930874,0.0332415,0.00231992,0.000595175,0.000247703,9.74757e-05,5.61919e-05,3.78435e-05,4.24306e-05,2.75226e-05,2.17887e-05,3.78435e-05,
3.5179e-05,2.63842e-05,3.90878e-05,5.86317e-05,7.13352e-05,0.000155374,0.000385992,0.0015469,0.0347119,0.92255,0.0377383,0.00184592,0.000409444,0.000175895,7.0358e-05,5.76545e-05,4.20194e-05,3.61562e-05,1.66123e-05,2.63842e-05,
2.49276e-05,2.1126e-05,1.85197e-05,1.85686e-05,2.09728e-05,3.18725e-05,5.95291e-05,0.000171109,0.000961322,0.0594674,0.932085,0.006218,0.00059302,0.000118609,4.89258e-05,2.94043e-05,2.67139e-05,2.82662e-05,2.89447e-05,2.76348e-05,
4.68077e-05,6.24103e-05,7.60625e-05,3.90064e-05,9.16651e-05,0.000109218,0.000196982,0.000358859,0.000965409,0.00373877,0.0465269,0.923549,0.0214906,0.00158366,0.000534388,0.000273045,0.000113119,9.16651e-05,7.99632e-05,7.21619e-05,
8.58533e-05,4.15419e-05,8.03144e-05,6.36976e-05,8.03144e-05,9.41617e-05,0.000163398,0.000224326,0.000523428,0.00112163,0.00356707,0.030525,0.932276,0.0278912,0.00197463,0.000631437,0.000288024,0.000149551,0.000116317,0.00010247,
7.12225e-05,6.02652e-05,5.58823e-05,5.80737e-05,7.3414e-05,7.67012e-05,7.99883e-05,0.000150115,0.000234486,0.000403229,0.00143212,0.00140911,0.0182527,0.958006,0.0178034,0.000914935,0.00040542,0.000205997,0.000186274,0.00012053,
