0.93124,0.0237449,0.00299897,0.00137302,0.000523917,0.000427564,0.000331212,0.00032519,0.000264969,0.000162595,0.000632313,0.000180661,0.000252925,0.000258947,0.000204749,0.000451652,0.000620269,0.00124054,0.00251721,0.032248,
0.0269668,0.949955,0.0147348,0.00153883,0.000779953,0.000438844,0.000331528,0.000235711,0.000216547,0.000208882,0.00122071,0.000164806,0.000132228,0.000105399,0.000164806,0.000182053,0.000222296,0.000404349,0.000622813,0.00137402,
0.00176377,0.0246022,0.947851,0.0180876,0.00232041,0.000877031,0.000540458,0.000407771,0.000203885,0.000155341,0.000760525,0.000181232,0.000135924,0.000132687,0.000132687,0.000203885,0.000171523,0.000249193,0.000446606,0.000776707,
0.00135149,0.0031487,0.0404433,0.927464,0.0181554,0.00267855,0.00134459,0.00086487,0.000611996,0.000390998,0.00104018,0.000224717,0.000163624,0.000165218,0.000165218,0.000186468,0.00022578,0.000305467,0.000403748,0.000666184,
0.000375598,0.000726157,0.00228578,0.0291285,0.935222,0.0255443,0.00291536,0.0010946,0.00062242,0.000350558,0.000486489,0.000153816,0.000139508,0.000110891,8.22739e-05,0.000110891,0.000128777,0.000118045,0.000186011,0.000218205,
0.000305812,0.000504104,0.00103768,0.0035639,0.0854588,0.887465,0.0153683,0.00272149,0.00117166,0.000596216,0.000588847,0.000220399,0.000148384,0.000118573,0.000102495,0.00010283,9.24469e-05,0.000112209,0.000146039,0.000174845,
0.000238519,0.000306917,0.000569112,0.00145786,0.00527372,0.0764167,0.886712,0.0201018,0.00429596,0.00194498,0.00106983,0.000436261,0.000232819,0.000170997,0.000126275,0.000108736,0.000109175,0.000111367,0.000135921,0.000180643,
6.90782e-05,6.72604e-05,0.000127249,0.000241774,0.00050718,0.00144882,0.0319305,0.928284,0.0324868,0.00298127,0.000927102,0.000365387,0.00018542,8.72567e-05,7.81675e-05,5.45354e-05,3.27213e-05,2.90856e-05,5.27176e-05,4.36284e-05,
4.47414e-05,4.47414e-05,6.53913e-05,8.71884e-05,0.00016061,0.000382023,0.00126767,0.037795,0.929419,0.0273301,0.00228296,0.000539191,0.00022256,0.000122752,5.50663e-05,5.39191e-05,3.67109e-05,2.86804e-05,3.55637e-05,2.6386e-05,
8.75346e-05,0.000109863,0.000127449,0.000188703,0.000355671,0.000664117,0.00189573,0.0085035,0.0707671,0.89388,0.0195609,0.00205637,0.000767459,0.000357252,0.0002136,0.00013061,9.93903e-05,8.23971e-05,7.9038e-05,7.33078e-05,
0.000112395,0.000116658,0.000121316,0.000125382,0.000153893,0.000230458,0.000407811,0.00122028,0.00688821,0.0594427,0.923723,0.00554001,0.000811556,0.000322326,0.000189625,0.000134968,0.000120576,0.000112247,0.000108748,0.000118038,
5.58368e-05,4.62097e-05,4.23589e-05,8.27925e-05,6.54638e-05,0.000113599,0.000179063,0.000394708,0.00100506,0.00352734,0.0568418,0.91667,0.0181701,0.00175982,0.00047365,0.000225272,0.000132853,9.04941e-05,6.1613e-05,6.1613e-05,
0.000271193,0.000210471,0.000167261,0.000145891,0.000166531,0.000227671,0.000385446,0.000859135,0.00227874,0.00807872,0.0208856,0.0728801,0.873116,0.0159245,0.00200062,0.000864295,0.000486251,0.000383778,0.000347084,0.000321022,
0.000270658,0.000226956,0.000178593,0.000159409,0.000156235,0.000194466,0.000283154,0.000501667,0.00108236,0.00278561,0.00570666,0.00762558,0.0428772,0.919458,0.0151018,0.00138335,0.000753953,0.000507206,0.000404468,0.00034273,
0.000291042,0.000232787,0.000189076,0.000161473,0.000157016,0.000177659,0.000228955,0.000338429,0.000612815,0.00128451,0.00295585,0.00253211,0.00341994,0.0337342,0.935818,0.0150548,0.0012519,0.00072307,0.000469249,0.000366892,
0.000385829,0.00028749,0.000224611,0.000185956,0.000179668,0.000190492,0.000255535,0.000348204,0.000536119,0.000906898,0.00229291,0.00137045,0.00176411,0.00258473,0.0340827,0.93553,0.016135,0.00147198,0.000751144,0.000516637,
0.00060691,0.00042777,0.00032809,0.000281953,0.000259738,0.000302743,0.000387329,0.00047163,0.000697904,0.0011073,0.00265263,0.00124216,0.00126394,0.00163974,0.00292205,0.0236014,0.9386,0.0202129,0.00204159,0.000952231,
0.000805123,0.000522923,0.000368464,0.000293142,0.000231053,0.000225455,0.000255736,0.000308665,0.000373807,0.000488825,0.00184868,0.00058832,0.000679927,0.000817592,0.00135426,0.00275737,0.0235506,0.945671,0.0172361,0.00162297,
0.00199186,0.00109033,0.000599447,0.000363444,0.000250163,0.000217122,0.000240723,0.000226563,0.000292643,0.000245443,0.00108089,0.000198242,0.000405925,0.000396485,0.000580567,0.00115641,0.00239779,0.0246576,0.943435,0.0201735,
0.0274434,0.00312646,0.00129028,0.000704694,0.000476413,0.000535964,0.000521076,0.000501226,0.000580628,0.00103223,0.00190069,0.000813872,0.000729507,0.000729507,0.000610404,0.000818834,0.00124066,0.00360783,0.0311455,0.922191,


0.931098,0.0240655,0.00301045,0.00133329,0.000802384,0.00038611,0.000355945,0.000283549,0.000217187,0.00022322,0.000723956,0.000229253,0.000211154,0.000241319,0.000241319,0.000524868,0.000621395,0.00120659,0.00268467,0.0315403,
0.0270467,0.946153,0.0149981,0.00154036,0.000920787,0.000629766,0.000525145,0.000414609,0.000412978,0.000502915,0.00162989,0.000281437,0.000246971,0.000212913,0.000218419,0.000254925,0.000355059,0.000528815,0.000888565,0.00223844,
0.00218843,0.0248967,0.945612,0.0186181,0.00242573,0.00111399,0.00053722,0.000441641,0.000319695,0.000210933,0.000988748,0.000125241,0.000154904,0.000115354,0.000204341,0.000171383,0.000207637,0.000286737,0.000553699,0.000827253,
0.00106458,0.00219757,0.0287693,0.934992,0.0247889,0.00314671,0.00118857,0.000666966,0.000389063,0.000316381,0.000735373,0.000183843,0.000115436,0.000106886,0.000119712,0.00010261,0.000158191,0.000196669,0.000265076,0.000495949,
0.000243671,0.00036603,0.000757158,0.0167223,0.9633,0.0143327,0.00116397,0.000559502,0.00032106,0.000231122,0.00122358,0.000122358,7.63433e-05,5.33357e-05,6.17021e-05,7.42517e-05,8.68013e-05,7.73891e-05,9.30761e-05,0.000133862,
0.00021653,0.00034776,0.000721766,0.00210296,0.0355732,0.930592,0.0238084,0.00310359,0.00126637,0.000620062,0.000600378,0.000203407,0.000144353,8.20188e-05,8.52996e-05,0.000108265,8.52996e-05,7.87381e-05,0.000111546,0.000147634,
0.000134707,0.000202061,0.000303092,0.00059064,0.00178746,0.0275813,0.935846,0.0277212,0.00304128,0.00110097,0.000663175,0.000305682,0.000215014,0.000103621,6.47631e-05,6.21726e-05,6.21726e-05,5.4401e-05,6.99442e-05,9.06684e-05,
5.99311e-05,6.35633e-05,0.000128943,0.000263334,0.00050669,0.00152007,0.0314911,0.928653,0.0326516,0.0028658,0.000908047,0.00033961,0.000172529,9.08048e-05,7.80921e-05,6.17472e-05,3.26897e-05,2.72414e-05,4.17702e-05,4.35863e-05,
3.12076e-05,5.08568e-05,7.51293e-05,7.39735e-05,0.000167596,0.000389517,0.00133499,0.0366134,0.929837,0.0280348,0.00227353,0.000573294,0.000203427,0.000104025,7.62851e-05,4.62334e-05,3.58309e-05,2.42725e-05,2.54284e-05,2.88959e-05,
3.66561e-05,1.38699e-05,4.26004e-05,6.83587e-05,8.71821e-05,0.000170401,0.000410152,0.00155244,0.0410915,0.921489,0.0323446,0.00181795,0.000435911,0.000164457,8.61914e-05,5.54795e-05,4.75539e-05,2.97212e-05,2.97212e-05,2.57584e-05,
5.42521e-05,5.74814e-05,6.65234e-05,7.62112e-05,8.2024e-05,0.000117546,0.000169215,0.000350055,0.00132853,0.0368468,0.947501,0.0117714,0.000819594,0.000253176,0.000136922,0.0001014,8.00864e-05,6.91068e-05,5.16686e-05,6.65234e-05,
0.000206358,0.00016589,0.000133419,0.000126432,0.000149179,0.00024537,0.000533083,0.00134332,0.00502923,0.0320268,0.134736,0.801568,0.0185703,0.00289731,0.000862691,0.000382804,0.000257799,0.000251823,0.000265768,0.000249206,
5.28189e-05,4.7259e-05,6.67186e-05,8.06183e-05,6.67186e-05,0.000133437,0.000169576,0.000275214,0.000569888,0.00116479,0.00356388,0.0348799,0.931566,0.0239909,0.00196264,0.000717224,0.000261314,0.000186256,0.000144557,0.000100078,
0.000138973,0.000101688,6.77918e-05,0.000105077,7.79606e-05,0.000101688,0.000115246,0.000233882,0.000301673,0.00049488,0.00157955,0.00334213,0.0393531,0.924555,0.0258863,0.00202358,0.00073893,0.00032879,0.000220323,0.000233882,
0.000146893,8.8819e-05,8.19868e-05,9.56513e-05,8.54029e-05,8.19868e-05,9.90674e-05,0.000153725,0.000174222,0.000331363,0.000884774,0.000980426,0.00269873,0.0335394,0.930643,0.0266867,0.00192669,0.00068664,0.00041335,0.000201551,
0.000269811,0.000193128,9.37239e-05,7.66832e-05,8.23634e-05,8.23634e-05,7.95233e-05,0.000122125,0.000136326,0.000207329,0.000758312,0.00047146,0.000908838,0.0023005,0.0337576,0.940304,0.0178075,0.00151378,0.000522582,0.000312413,
0.000382454,0.000203975,0.000181311,0.000141649,7.93237e-05,0.000104821,8.21567e-05,0.000107654,0.000172812,0.000152981,0.000929221,0.00030313,0.000444779,0.000787571,0.00228056,0.0236498,0.95008,0.0178082,0.00149015,0.000617592,
0.000722206,0.000415735,0.000309136,0.000218527,0.000186548,0.000258502,0.000250507,0.000258502,0.000383755,0.000471699,0.00144974,0.000509009,0.000535659,0.000594288,0.000940734,0.00212398,0.0232812,0.946799,0.0184123,0.0018788,
0.00192351,0.000880752,0.000546864,0.000404282,0.00035511,0.000380967,0.000469146,0.000566742,0.000775384,0.00121344,0.00293101,0.0010743,0.000803482,0.000773292,0.000816784,0.00112855,0.00240611,0.0251571,0.937343,0.0200504,
0.021916,0.00267802,0.00133989,0.000863877,0.000662893,0.000551236,0.000525378,0.000500108,0.000562402,0.000704618,0.00167898,0.000592961,0.000579444,0.000574743,0.000731063,0.00103371,0.00186351,0.00393329,0.037705,0.921003,


0.930635,0.0245674,0.0031258,0.00115901,0.000731696,0.000520967,0.000310239,0.000175607,0.000251703,0.000257557,0.000638039,0.000169753,0.000169753,0.000199021,0.000269264,0.000392189,0.000638039,0.00126437,0.00287996,0.0316444,
0.0270082,0.93792,0.0213201,0.00239133,0.00104424,0.000561553,0.000457445,0.000435361,0.000492148,0.000760305,0.00169728,0.000488993,0.000356492,0.000331253,0.000324944,0.000343872,0.000378575,0.000580482,0.0009212,0.00218627,
0.00186043,0.0247141,0.947215,0.0181644,0.00234005,0.00098673,0.000586539,0.000403246,0.000250501,0.000152745,0.00120363,0.000113031,9.77565e-05,9.47016e-05,0.000113031,0.000164964,0.000192458,0.000262721,0.000366587,0.000717899,
0.00089344,0.00217346,0.0294921,0.934216,0.025012,0.00319147,0.00131868,0.000545514,0.000433834,0.000326449,0.000751692,0.000137452,0.000150338,0.000128862,7.73169e-05,0.000120271,0.000137452,0.000171815,0.000274905,0.00044672,
0.000544354,0.00101082,0.0027737,0.056017,0.915757,0.0168715,0.00238252,0.00119645,0.000649503,0.000448724,0.000733017,0.000220251,0.000170922,0.000118131,0.000125054,0.000136305,0.000135439,0.000152748,0.000241454,0.000315016,
0.000190699,0.000325504,0.000752933,0.00197275,0.0354076,0.931184,0.0238177,0.00306105,0.00112118,0.000608265,0.00055237,0.000190699,0.000151244,0.000111789,6.24704e-05,8.21979e-05,6.57583e-05,0.000101925,7.891e-05,0.000161108,
0.000106994,0.000153196,0.000289369,0.000598192,0.0018116,0.0285625,0.935699,0.027191,0.00296664,0.00105048,0.000639531,0.000235873,0.000155627,0.00011672,5.83602e-05,7.29503e-05,5.83602e-05,7.5382e-05,7.78136e-05,8.02453e-05,
6.17976e-05,7.06258e-05,0.000151846,0.000217174,0.000520865,0.00156966,0.0309394,0.927822,0.0339304,0.00279325,0.000981699,0.000344301,0.000174799,0.000107704,6.17976e-05,6.53289e-05,5.82663e-05,3.70786e-05,3.70786e-05,5.4735e-05,
3.70056e-05,3.46927e-05,6.12905e-05,8.67319e-05,0.000167682,0.00039781,0.0013137,0.0358411,0.929953,0.0286585,0.0023753,0.000550458,0.00019081,0.000123737,5.08827e-05,4.27877e-05,3.8162e-05,2.08156e-05,1.85028e-05,3.70056e-05,
3.17227e-05,2.87487e-05,4.06448e-05,6.64195e-05,8.72375e-05,0.000154648,0.000382656,0.00155838,0.0400589,0.922014,0.0329728,0.00174475,0.000440153,0.000149692,7.83155e-05,6.04715e-05,3.66794e-05,3.27141e-05,2.28007e-05,3.86621e-05,
4.53041e-05,5.63066e-05,5.4365e-05,7.24866e-05,8.6725e-05,0.000116496,0.000179922,0.000387674,0.00133582,0.0361553,0.947999,0.0119629,0.000790233,0.000281533,0.000139148,9.77275e-05,6.66618e-05,6.92506e-05,5.56594e-05,4.72457e-05,
5.34163e-05,4.57854e-05,3.62467e-05,6.10471e-05,8.77553e-05,0.00012591,0.000156433,0.000335759,0.000953862,0.00373914,0.0541679,0.918369,0.0190238,0.00172458,0.000509362,0.000227019,0.000146895,9.72939e-05,8.20321e-05,5.72317e-05,
6.93399e-05,5.82455e-05,6.65663e-05,8.32078e-05,7.21134e-05,0.000144227,0.000135906,0.000271812,0.000521436,0.00117046,0.00372494,0.0341263,0.931134,0.0251066,0.00196093,0.000643474,0.000318963,0.00017751,0.000122038,9.15286e-05,
0.000124622,0.000117886,0.000114517,8.75722e-05,9.76766e-05,9.09403e-05,0.000138095,0.00025598,0.000380602,0.000794886,0.00167061,0.00339511,0.0377099,0.925702,0.0257092,0.00208489,0.000710682,0.000373866,0.000276189,0.00016504,
0.000110161,9.98334e-05,9.63909e-05,7.91782e-05,8.26207e-05,9.63909e-05,0.000117046,0.000134259,0.000247862,0.000330483,0.000826207,0.00110849,0.00281599,0.0337334,0.929552,0.0275712,0.00181077,0.000623098,0.000347696,0.000216879,
0.000178073,0.000146981,0.000115889,8.76233e-05,0.000121542,8.76233e-05,7.63171e-05,9.6103e-05,0.000169594,0.000234604,0.001043,0.000537046,0.000845141,0.002363,0.0338678,0.939288,0.0182935,0.00152634,0.00062467,0.000296789,
0.00036375,0.00029973,0.00016587,0.00010476,0.00010185,0.00012804,0.00010185,9.31199e-05,0.00012804,0.00015714,0.00116982,0.00035211,0.000442319,0.000840989,0.00210684,0.0232334,0.950417,0.0176288,0.00156558,0.000599459,
0.000780835,0.000492783,0.000309477,0.000171403,0.000157119,0.000149978,0.000235679,0.000235679,0.000290433,0.000414224,0.00153786,0.000492783,0.000442791,0.000638,0.000866537,0.00222586,0.0234274,0.946258,0.0189567,0.00191638,
0.00224719,0.00105961,0.000532364,0.000353203,0.00023035,0.000220112,0.000199637,0.000174042,0.000163804,0.000143329,0.00106473,0.000281539,0.000363441,0.000383916,0.000639861,0.00115175,0.00281027,0.0250774,0.940345,0.0225589,
0.0275779,0.00344063,0.00116933,0.000678501,0.000481206,0.000404213,0.000495643,0.00046677,0.000846923,0.00107309,0.00210287,0.000798803,0.000750682,0.000697749,0.00058226,0.000832487,0.00148212,0.00358499,0.0306288,0.921905,


0.93148,0.0242884,0.00346891,0.00134163,0.000562035,0.000459298,0.000284039,0.000235692,0.000211519,0.000217562,0.000701033,0.000157128,0.000157128,0.000138998,0.000217562,0.000290083,0.000634556,0.00134163,0.00276787,0.0310449,
0.0269903,0.952561,0.0133621,0.00111422,0.000644625,0.000479556,0.000320178,0.000186415,0.000136609,0.000160801,0.00126506,9.67649e-05,9.81879e-05,0.000125225,0.000136609,0.000147993,0.000214875,0.000374253,0.000480979,0.00110426,
0.00182375,0.0246671,0.951815,0.0140723,0.00146976,0.000840821,0.00055452,0.000399199,0.000274478,0.000248978,0.00139001,0.000167376,0.000125648,0.000130748,0.000151844,0.000154162,0.000210263,0.000293488,0.000451591,0.000758988,
0.00105352,0.00219045,0.0284715,0.935028,0.0250036,0.00316057,0.00126423,0.000640893,0.000395071,0.000329226,0.000737466,0.000153639,0.000127301,0.000105352,0.000114132,0.000171198,0.000162418,0.000171198,0.00027655,0.000443358,
0.000362029,0.000695383,0.00198937,0.0275931,0.935053,0.027421,0.00307187,0.00115419,0.000677461,0.000333354,0.000537667,0.000150547,0.000114702,0.000118287,6.81045e-05,7.1689e-05,8.60267e-05,0.000107533,0.000200729,0.00019356,
0.000154205,0.000324814,0.000751337,0.0020145,0.0340825,0.931776,0.0244627,0.00290364,0.00131238,0.000580728,0.000544637,0.000226385,0.000141081,0.000108271,0.000114833,9.84284e-05,9.51475e-05,9.51475e-05,0.000114833,9.84284e-05,
0.000147629,0.000142449,0.000300437,0.000619004,0.00185442,0.026625,0.935616,0.0289818,0.00303545,0.0010852,0.000621594,0.000256408,0.000132089,0.000134679,5.95694e-05,8.28792e-05,6.47494e-05,4.92095e-05,8.54692e-05,0.000106189,
6.36005e-05,6.70384e-05,0.000137515,0.00027331,0.000503648,0.00157282,0.0308102,0.92782,0.0339936,0.00279671,0.00105027,0.000314565,0.000152985,0.000122044,8.07899e-05,5.1568e-05,3.43787e-05,4.64112e-05,5.1568e-05,5.67248e-05,
4.26996e-05,4.03915e-05,4.38536e-05,8.88613e-05,0.00016272,0.000396991,0.00126945,0.0348832,0.930534,0.029135,0.00228731,0.000567789,0.000219268,9.11694e-05,5.77021e-05,4.15455e-05,2.7697e-05,4.03915e-05,2.88511e-05,4.15455e-05,
3.76655e-05,4.65863e-05,2.97359e-05,6.44278e-05,8.92077e-05,0.000180398,0.000359805,0.00162457,0.0389194,0.922537,0.0335431,0.00174748,0.000363769,0.000170486,8.42518e-05,5.64982e-05,3.76655e-05,3.86567e-05,3.46919e-05,3.46919e-05,
7.36143e-05,5.81165e-05,7.1677e-05,7.23228e-05,7.94259e-05,0.000122045,0.000178224,0.000379695,0.00132764,0.0349629,0.948723,0.0123607,0.000810403,0.000264753,0.000129148,9.1695e-05,8.39461e-05,8.45918e-05,6.32824e-05,6.26367e-05,
5.23801e-05,4.07401e-05,5.82001e-05,5.04401e-05,6.98401e-05,0.00011058,0.00018236,0.000380241,0.000997162,0.00370347,0.0528573,0.919517,0.0190974,0.00171884,0.000506341,0.00023474,0.00018236,0.00010476,8.34201e-05,5.23801e-05,
7.21459e-05,8.60201e-05,6.10465e-05,7.21459e-05,8.87949e-05,0.000102669,0.000160941,0.000283034,0.000563293,0.00119041,0.00346023,0.0332648,0.931678,0.0255424,0.00208946,0.000627114,0.000291358,0.000180365,9.15698e-05,9.43446e-05,
0.000111896,7.79878e-05,0.000122068,0.000118677,6.10339e-05,0.000122068,0.000183102,0.000206837,0.000281434,0.000488271,0.00139361,0.00331957,0.038214,0.925081,0.026743,0.00204803,0.000735798,0.000311951,0.000244136,0.000135631,
0.000172861,6.56873e-05,8.29735e-05,5.18584e-05,6.91446e-05,6.56873e-05,8.29735e-05,0.000176319,0.000221263,0.000293864,0.000694903,0.000968024,0.00258946,0.0323631,0.930524,0.0285325,0.00178739,0.000656874,0.000421782,0.000179776,
0.00014263,0.000160839,8.19366e-05,7.89019e-05,7.28325e-05,0.000121388,7.58672e-05,0.000115318,0.000182081,0.000257949,0.000725291,0.000409683,0.000928615,0.00244293,0.0334392,0.939066,0.0191337,0.00164177,0.000576591,0.000345955,
0.000384085,0.000285063,0.000198044,9.30205e-05,9.90218e-05,8.40185e-05,7.20158e-05,0.000102022,0.000126028,0.000195043,0.00114625,0.000366081,0.000513113,0.00081618,0.00201344,0.0237202,0.949019,0.0186911,0.0013833,0.000693152,
0.000937504,0.000497335,0.000348706,0.000282966,0.000205794,0.000245809,0.000245809,0.000302974,0.000362997,0.000660255,0.00173781,0.000640247,0.00060309,0.00065168,0.00115187,0.00239235,0.0233633,0.944496,0.0190188,0.001855,
0.00216961,0.00100613,0.000491143,0.000271797,0.000181198,0.000257492,0.000143051,0.000133515,0.000190735,0.00017643,0.00108242,0.00020504,0.000300408,0.000438691,0.000681878,0.00106335,0.00285626,0.0245762,0.942932,0.0208426,
0.0138241,0.000897013,0.000463557,0.000298431,0.000258869,0.000183187,0.000141905,0.000169426,0.000165126,0.000239949,0.00163148,0.000202967,0.000202967,0.000196087,0.000320792,0.000324232,0.000466997,0.000950335,0.0140564,0.965006,


0.915491,0.0194337,0.00254762,0.00127263,0.00083936,0.000649116,0.000508106,0.000488806,0.000523861,0.000624301,0.00129232,0.000401365,0.000360795,0.00035016,0.000421452,0.000567188,0.000833846,0.00135731,0.00363355,0.0484036,
0.0270247,0.941915,0.0187868,0.00199806,0.000940703,0.000498895,0.000464147,0.000416987,0.000429398,0.000580804,0.00173248,0.000342525,0.000280474,0.000315223,0.000218422,0.000270545,0.00038472,0.000513788,0.000858795,0.00202785,
0.00134899,0.0246308,0.951486,0.0160722,0.00170443,0.0006852,0.000434674,0.000265515,0.00023982,0.000130616,0.00111131,0.00010278,6.63787e-05,7.06612e-05,0.000107062,0.000115627,0.000184147,0.000278362,0.000329752,0.000635951,
0.000830742,0.00218378,0.0270814,0.936506,0.0249182,0.00309678,0.00141062,0.000625113,0.000415371,0.00023853,0.000814292,0.000160391,0.000172729,0.000172729,0.000139828,0.000102815,0.000189179,0.000193292,0.000263206,0.000485285,
0.000380186,0.000864385,0.00195473,0.0272012,0.93544,0.0275168,0.00295541,0.00111186,0.000616905,0.000358666,0.000512892,0.000179333,0.000121946,0.000111186,7.89065e-05,0.000111186,6.09732e-05,0.000100426,0.000143466,0.000179333,
0.000210544,0.000352003,0.000634921,0.0020857,0.0331508,0.93255,0.0243441,0.00318118,0.00123694,0.000539518,0.00064479,0.000207254,0.000167777,9.86923e-05,0.000111851,8.55333e-05,5.92154e-05,0.000108562,0.000121721,0.000108562,
0.000101146,0.000171169,0.000339745,0.000609467,0.00186212,0.0257817,0.935625,0.0298224,0.00300324,0.00104517,0.000666523,0.000251567,0.000153015,0.0001193,5.4463e-05,7.78043e-05,5.18695e-05,8.03977e-05,0.000101146,8.29912e-05,
8.03619e-05,8.75052e-05,0.000114292,0.000269659,0.000501815,0.00148223,0.0298428,0.927578,0.0353467,0.00283052,0.000942913,0.000344663,0.000203583,9.46484e-05,5.8932e-05,3.03589e-05,4.46455e-05,5.71462e-05,4.10739e-05,4.82171e-05,
3.69914e-05,3.46794e-05,5.43311e-05,9.71024e-05,0.000169929,0.000367602,0.00130741,0.033987,0.930472,0.0299757,0.0023582,0.000565275,0.000195361,0.000116754,6.1267e-05,5.08632e-05,5.20192e-05,2.19636e-05,3.81474e-05,3.69914e-05,
2.18146e-05,3.56966e-05,4.56124e-05,6.84186e-05,8.32922e-05,0.000180466,0.000398613,0.0015528,0.0379237,0.922479,0.0345117,0.00185424,0.000373823,0.000189391,8.23006e-05,5.75113e-05,4.06545e-05,3.56966e-05,2.47893e-05,4.06545e-05,
5.36667e-05,5.56065e-05,5.56065e-05,6.98314e-05,8.40563e-05,0.000126084,0.000179105,0.00034851,0.00134425,0.0339782,0.94973,0.0124274,0.000764266,0.000287085,0.000124791,0.00010798,7.69439e-05,7.62973e-05,5.49599e-05,5.56065e-05,
3.51571e-05,3.71103e-05,6.44548e-05,7.61738e-05,6.05484e-05,0.000111331,0.000175786,0.000384775,0.000972681,0.00361142,0.0525384,0.919711,0.0194146,0.00171684,0.000507825,0.000195317,0.000150394,9.57056e-05,8.20333e-05,5.85952e-05,
7.7522e-05,7.47533e-05,8.30592e-05,5.81415e-05,8.02906e-05,0.000105208,0.000166118,0.000263021,0.000490049,0.00125143,0.00370167,0.033124,0.931382,0.0258563,0.00185499,0.000700466,0.000362692,0.000166118,0.000113514,8.85965e-05,
0.00012871,9.48391e-05,9.82262e-05,7.45164e-05,8.46777e-05,0.00012871,0.000135484,0.000186291,0.000338711,0.000579196,0.00143613,0.00318727,0.0366384,0.925626,0.0277472,0.00211017,0.00069097,0.000375969,0.000199839,0.000138871,
0.000152058,6.56615e-05,6.22056e-05,6.22056e-05,7.25732e-05,8.29408e-05,0.000110588,0.000176249,0.000234999,0.000262646,0.000805217,0.00104713,0.00266793,0.0325888,0.929303,0.0290016,0.00199058,0.000711909,0.000335219,0.000266102,
0.000229431,0.000124017,7.75105e-05,8.37113e-05,9.92134e-05,8.68117e-05,9.30126e-05,0.000105414,0.000164322,0.000254234,0.000620084,0.000505368,0.000982833,0.00247103,0.0338907,0.937939,0.0195264,0.00169903,0.000641787,0.000406155,
0.000339947,0.000264766,0.000176511,9.47929e-05,0.000120943,0.000130749,9.80616e-05,9.80616e-05,0.000147092,0.000137286,0.00102638,0.000388978,0.000480502,0.00102311,0.0022783,0.02344,0.94755,0.0197365,0.00171608,0.000751806,
0.000908832,0.000486547,0.000281524,0.000293764,0.000205023,0.000217263,0.000208083,0.000247863,0.000431466,0.000676269,0.00173504,0.000544687,0.000566108,0.000694629,0.000951673,0.00247557,0.0234889,0.94118,0.0222893,0.00211755,
0.00236339,0.00107473,0.0005501,0.000417668,0.000229208,0.00018846,0.000137525,0.000112057,0.000183367,0.000162993,0.00104417,0.000285237,0.000371827,0.00046351,0.00063669,0.00117151,0.00271994,0.0249786,0.94144,0.0214692,
0.026656,0.00325442,0.00133364,0.00074231,0.000503261,0.00046971,0.000553587,0.000561974,0.000574556,0.000901675,0.00203821,0.000876512,0.000658433,0.000557781,0.000645851,0.000780054,0.00133364,0.00342217,0.0370316,0.917105,


0.931956,0.0252618,0.00290088,0.00139001,0.000749394,0.00048348,0.000271958,0.000211523,0.000211523,0.000193392,0.000749394,0.000181305,0.000193392,0.000187349,0.000271958,0.000417002,0.000580176,0.00119661,0.00268331,0.0299093,
0.0270459,0.943379,0.0181656,0.00180502,0.000888939,0.000572269,0.000413934,0.000413934,0.000427505,0.00059715,0.00169645,0.000368695,0.000237503,0.000239765,0.000255598,0.000208098,0.000300837,0.000484053,0.000671794,0.00182764,
0.00215797,0.0247397,0.942804,0.0215284,0.00267083,0.00121904,0.000631216,0.000366894,0.000303773,0.000240651,0.000856087,0.00019331,0.000138078,0.000126243,0.000122298,0.0002012,0.000197255,0.000256431,0.0004024,0.000844251,
0.00105745,0.00255738,0.0374233,0.925656,0.0253301,0.00293236,0.0011437,0.000723717,0.000446229,0.000262488,0.000539975,0.000153743,0.000131244,0.000134994,0.000127494,0.000157493,0.000149993,0.000239989,0.000333735,0.000498727,
0.000376256,0.000705929,0.00205329,0.02694,0.934832,0.0283232,0.00307455,0.00124344,0.000566176,0.000293838,0.00056976,0.000136169,0.000114669,9.31683e-05,6.80845e-05,8.60015e-05,7.16679e-05,0.000136169,0.000103918,0.00021142,
0.000212488,0.000402092,0.000689768,0.00202027,0.0324681,0.932612,0.0251324,0.00303367,0.00121608,0.00061458,0.000591697,0.000189604,0.000147107,0.000153645,9.48022e-05,8.49951e-05,7.8457e-05,6.21118e-05,8.82641e-05,0.000107878,
9.60109e-05,0.000181642,0.000280248,0.000604609,0.00163997,0.0260112,0.935008,0.0305185,0.00298412,0.00108985,0.00069024,0.00023354,0.000173858,8.82262e-05,7.0062e-05,5.44927e-05,4.15182e-05,7.0062e-05,7.78467e-05,8.56313e-05,
3.99029e-05,7.79919e-05,0.000146915,0.000252114,0.000567709,0.00153626,0.0285305,0.927678,0.0362499,0.0029383,0.00104836,0.000328292,0.000179563,0.00012515,6.52956e-05,5.98543e-05,2.3579e-05,3.26478e-05,5.80405e-05,6.1668e-05,
3.00835e-05,3.70258e-05,4.51252e-05,0.000105292,0.000205956,0.000410755,0.00135838,0.0332446,0.930258,0.0308113,0.00237544,0.000584314,0.000218684,0.000107606,6.47952e-05,3.93399e-05,3.93399e-05,2.77694e-05,1.85129e-05,1.73558e-05,
3.56487e-05,3.06975e-05,4.35706e-05,6.33754e-05,9.20924e-05,0.000155468,0.000403028,0.00157151,0.0368043,0.92283,0.0352872,0.00184581,0.000396096,0.000177253,8.11998e-05,5.14925e-05,4.75316e-05,3.16877e-05,3.16877e-05,2.07951e-05,
5.88551e-05,5.36811e-05,6.59695e-05,6.98501e-05,7.56709e-05,0.00011577,0.00018562,0.000338255,0.00132844,0.0328496,0.950537,0.012681,0.000869245,0.000270346,0.0001397,8.98996e-05,7.95515e-05,7.37306e-05,5.82084e-05,5.95019e-05,
5.28137e-05,6.45501e-05,5.47698e-05,5.67258e-05,7.62865e-05,0.000111496,0.000199518,0.00043229,0.000958471,0.00368913,0.0507266,0.920899,0.0198912,0.00161962,0.000543786,0.000226903,0.000156485,0.000107583,6.45501e-05,6.84622e-05,
7.21515e-05,6.93764e-05,6.93764e-05,8.04766e-05,7.77016e-05,0.000124878,0.000172054,0.000288606,0.000502285,0.00124323,0.00366862,0.0319825,0.9316,0.0267793,0.00189814,0.000646588,0.000313581,0.000166503,0.000124878,0.000119327,
0.000131487,7.4172e-05,0.000128115,8.42863e-05,6.06862e-05,0.000121372,0.000131487,0.000188801,0.000374231,0.000643948,0.00166887,0.00369511,0.0364994,0.924533,0.0280606,0.0021375,0.000745091,0.00037086,0.000229259,0.000121372,
0.000102991,7.30619e-05,5.45764e-05,2.90487e-05,5.80974e-05,7.21816e-05,7.6583e-05,7.13014e-05,0.000127638,0.000211263,0.00122093,0.000493828,0.00101582,0.015534,0.963212,0.0163034,0.000641712,0.0003345,0.000227988,0.000139082,
0.000198161,0.00011638,0.000119526,7.23446e-05,8.17808e-05,8.80716e-05,0.000103799,0.000125817,0.000147835,0.000182434,0.00087128,0.000427777,0.000864989,0.00249117,0.0334861,0.938193,0.0198696,0.00165763,0.000613356,0.000289378,
0.000392734,0.000277224,0.000198017,0.000145213,0.00011881,9.57083e-05,7.92069e-05,8.91077e-05,0.00011551,0.000158414,0.0011419,0.000320128,0.000415836,0.000953783,0.00241911,0.0235574,0.947308,0.0198941,0.00158084,0.000739264,
0.000893466,0.000404121,0.000310651,0.000255669,0.000192439,0.000186941,0.000244672,0.000390376,0.000420616,0.000547076,0.00175119,0.000604808,0.000494843,0.000736766,0.0011134,0.00255119,0.0233841,0.943536,0.0200494,0.00193264,
0.00230587,0.00100434,0.00057903,0.000343319,0.000220339,0.000189594,0.000199842,0.000163973,0.000102483,0.000256208,0.000978714,0.000220339,0.000317698,0.000481671,0.000732755,0.00113244,0.00281316,0.0248983,0.940703,0.0223567,
0.0272787,0.0028633,0.00137576,0.000554603,0.000464318,0.000421326,0.000429924,0.000421326,0.000584697,0.000786762,0.00177989,0.000554603,0.000460019,0.000563201,0.000507311,0.000752368,0.00121239,0.00288049,0.0278892,0.92822,


0.930987,0.0259644,0.003115,0.00143073,0.00076064,0.000464835,0.000307878,0.00026562,0.000241473,0.000229399,0.000591609,0.000241473,0.000193178,0.000181105,0.000283731,0.000344099,0.000609719,0.00121944,0.00280712,0.0297615,
0.0268291,0.94097,0.019335,0.00214863,0.000980441,0.000701432,0.000435462,0.000359843,0.00047979,0.000604953,0.0016923,0.000485005,0.000305084,0.000299869,0.00025554,0.000263363,0.000357235,0.000547587,0.000816165,0.00213298,
0.00146885,0.0245841,0.950196,0.0165609,0.00183952,0.000928421,0.000500585,0.000296194,0.000213052,0.000169749,0.0011051,0.00012991,0.000121249,0.000124713,0.000126445,0.000155892,0.000185338,0.000289266,0.000393193,0.000611442,
0.000802631,0.00219609,0.027884,0.935908,0.0253089,0.00281664,0.00123367,0.000668859,0.00046077,0.000297271,0.000813778,0.000118908,0.00012634,0.000100329,0.000100329,0.000130056,0.00012634,0.000178362,0.000319566,0.000408747,
0.000343906,0.000788118,0.00208851,0.0259649,0.935464,0.0288057,0.00284797,0.00109978,0.000694977,0.000315247,0.000480036,0.000189865,8.59765e-05,6.80647e-05,7.16471e-05,0.000103888,0.000111053,8.95589e-05,0.000125382,0.000261512,
0.000185376,0.000294044,0.000735111,0.0019848,0.0315938,0.933639,0.0251536,0.00306829,0.00123051,0.000530558,0.000629638,0.000214141,0.000118257,9.90801e-05,8.62956e-05,5.11381e-05,7.99034e-05,7.99034e-05,8.62956e-05,0.00014063,
0.000107882,0.000175009,0.000306865,0.000625718,0.00173331,0.0261699,0.934803,0.0303102,0.00304708,0.00106204,0.000649692,0.000290084,0.00015583,0.000103088,7.67164e-05,8.15111e-05,5.03451e-05,7.19216e-05,7.4319e-05,0.000105485,
8.92844e-05,0.000120499,0.000182471,0.000326152,0.000793231,0.00262849,0.0701075,0.901885,0.0179595,0.00324821,0.00136474,0.000459734,0.000238933,0.000146665,8.81367e-05,7.52835e-05,6.5414e-05,6.63321e-05,7.41359e-05,8.05625e-05,
3.85655e-05,4.8666e-05,4.68296e-05,0.000100087,0.000169872,0.000415039,0.0014609,0.034462,0.931151,0.0287047,0.00223037,0.000567464,0.000235984,0.000125797,6.51941e-05,4.0402e-05,4.59114e-05,2.93833e-05,2.8465e-05,3.30562e-05,
3.07181e-05,2.77454e-05,4.06272e-05,5.3509e-05,0.000105036,0.000166472,0.00037159,0.00152402,0.0357658,0.922588,0.03662,0.00182822,0.000466717,0.000148636,8.22453e-05,5.05363e-05,3.46818e-05,3.36909e-05,2.37818e-05,3.76545e-05,
5.35966e-05,5.16594e-05,5.35966e-05,7.16774e-05,9.42783e-05,0.000114296,0.000161436,0.000355804,0.00131861,0.0319616,0.951114,0.0130472,0.000842048,0.000260234,0.000136252,0.000103964,7.87805e-05,7.16774e-05,6.0054e-05,4.90764e-05,
4.89227e-05,4.89227e-05,6.84918e-05,6.26211e-05,5.28365e-05,0.000131113,0.000166337,0.000346373,0.000923661,0.00379445,0.0493806,0.922037,0.0201483,0.0016438,0.000549891,0.000228958,0.000136984,9.58885e-05,6.26211e-05,7.24056e-05,
0.000100148,8.34564e-05,5.00739e-05,6.12014e-05,5.84195e-05,0.000105711,0.000141876,0.000269842,0.000528557,0.00122403,0.00365539,0.0314714,0.931911,0.027051,0.00193063,0.000592541,0.000361645,0.00019195,0.000125185,8.62383e-05,
0.000122439,9.18295e-05,8.16263e-05,6.12197e-05,8.16263e-05,9.18295e-05,9.18295e-05,0.000224472,0.000340109,0.000618999,0.0015441,0.00323444,0.0356231,0.925434,0.0287495,0.0021835,0.00074484,0.000360516,0.000173456,0.000146247,
0.000110508,7.25211e-05,9.66948e-05,8.9788e-05,6.90677e-05,7.25211e-05,8.63346e-05,0.000110508,0.000231377,0.000331525,0.000756291,0.00105328,0.00274199,0.0307213,0.929454,0.0307697,0.00204095,0.000680317,0.000314258,0.000196843,
0.000230568,0.00011199,0.000121872,0.000105403,9.88149e-05,8.89334e-05,8.23457e-05,0.000131753,0.000158104,0.000237156,0.000708173,0.000536894,0.000918978,0.00274047,0.034045,0.936106,0.0207544,0.00183137,0.000645591,0.000345852,
0.000472356,0.000252579,0.000150891,0.000111528,0.00012793,0.00013121,0.000121369,0.000141051,0.000124649,0.000154172,0.000938151,0.000416592,0.0005314,0.000974234,0.00232242,0.0235325,0.947116,0.0200784,0.00161716,0.000685572,
0.00100391,0.000592785,0.000385629,0.000229465,0.000168912,0.000172099,0.0002454,0.000353759,0.00039519,0.000666087,0.00173374,0.000595972,0.000602346,0.000720266,0.00102941,0.0025528,0.0236668,0.940919,0.0219139,0.00205244,
0.00220736,0.00115495,0.000647637,0.000437155,0.000269849,0.000188894,0.000248261,0.000134924,0.0001781,0.000221276,0.000933677,0.000280643,0.000420964,0.000415567,0.000604461,0.00121432,0.00280103,0.0248423,0.939209,0.0235902,
0.0274222,0.00279111,0.00118667,0.000817778,0.0004,0.0004,0.000453333,0.000484444,0.000608889,0.00104,0.00206667,0.000697778,0.000573333,0.000524444,0.000573333,0.000764444,0.00125778,0.00314222,0.0276578,0.927138,


0.931907,0.0257953,0.00327034,0.00119852,0.000740794,0.000439658,0.000258977,0.000222841,0.000180682,0.000240909,0.000632385,0.000168636,0.000192727,0.000222841,0.000283068,0.000379431,0.000722726,0.00113829,0.00282465,0.0291801,
0.0267469,0.935901,0.0221041,0.00239418,0.00117768,0.000731195,0.000553249,0.000556485,0.000582368,0.000935024,0.00208035,0.000498248,0.000397951,0.000297655,0.000275007,0.000297655,0.000430305,0.00064384,0.000980319,0.00241683,
0.00186649,0.0247202,0.942501,0.0220004,0.00267309,0.00107937,0.000611771,0.000397456,0.000280557,0.000264971,0.000985847,0.000148072,9.74158e-05,0.000148072,0.000163658,0.000148072,0.000187038,0.000354593,0.000479286,0.000892328,
0.000850614,0.00206245,0.0251456,0.938678,0.0254874,0.00291695,0.00104093,0.000687483,0.000306843,0.000314611,0.000800121,0.000155363,0.000100986,0.000132059,0.000124291,0.000128175,0.000124291,0.000213625,0.000326263,0.000403945,
0.000365087,0.000736935,0.00180515,0.0253397,0.937164,0.0282368,0.00263336,0.00111554,0.000584815,0.000341424,0.000554391,0.00015212,9.46522e-05,9.12717e-05,7.43695e-05,8.78913e-05,0.000111554,0.000111554,0.000118315,0.000280576,
0.000204661,0.000360448,0.000644531,0.00205578,0.0299294,0.935464,0.024929,0.00298439,0.00113327,0.000571219,0.000708678,0.000265754,0.000128295,0.000116077,7.33115e-05,7.02569e-05,8.85848e-05,7.63662e-05,9.16394e-05,0.000103858,
0.000124359,0.000173585,0.000331625,0.000621797,0.00173326,0.0248874,0.93525,0.031437,0.002824,0.000992285,0.000647705,0.000243537,0.000194312,0.000137314,7.51338e-05,6.99522e-05,5.69981e-05,6.21797e-05,6.99522e-05,6.73614e-05,
6.97535e-05,8.22733e-05,0.000139507,0.000252186,0.00050616,0.00148807,0.0272468,0.927067,0.0383268,0.0029529,0.000913949,0.000339825,0.000194952,0.000109102,7.33306e-05,5.1868e-05,4.47138e-05,4.82909e-05,5.00794e-05,4.29252e-05,
3.79507e-05,5.31309e-05,4.9878e-05,9.9756e-05,0.000159393,0.000371917,0.00125346,0.0322884,0.93159,0.0307151,0.00226728,0.00056926,0.000206018,0.000104093,6.50583e-05,4.22879e-05,4.01193e-05,1.95175e-05,3.46978e-05,3.25291e-05,
2.07415e-05,1.61322e-05,2.56799e-05,3.22645e-05,5.93711e-05,0.000114791,0.000301355,0.00130792,0.0706164,0.91618,0.0100793,0.000816819,0.000199733,8.75751e-05,4.30193e-05,2.79845e-05,2.20584e-05,1.72297e-05,1.45958e-05,1.70102e-05,
5.30401e-05,6.01552e-05,6.01552e-05,6.98577e-05,8.60284e-05,0.000119664,0.000161061,0.000369987,0.00131501,0.0310873,0.951598,0.0134275,0.00081824,0.000282018,0.000145537,9.76713e-05,7.11513e-05,6.0802e-05,6.59767e-05,5.10996e-05,
1.28398e-05,1.34818e-05,1.25188e-05,1.52794e-05,1.81684e-05,2.86328e-05,4.62234e-05,9.37949e-05,0.000299104,0.00128276,0.0712554,0.919359,0.00653573,0.000683849,0.000177446,7.5113e-05,3.55663e-05,2.29191e-05,1.91313e-05,1.34176e-05,
7.21015e-05,8.04209e-05,6.10089e-05,6.93283e-05,8.87402e-05,0.00013311,0.000169161,0.000238489,0.000540761,0.00117026,0.00359675,0.0313503,0.931706,0.027368,0.0019606,0.000660006,0.000296725,0.000174707,0.000160842,0.000102606,
0.000127612,0.000104105,0.000127612,9.73883e-05,0.000100747,0.000157836,0.000177986,0.000204851,0.000362688,0.000799256,0.00154478,0.00367389,0.0343143,0.925669,0.0291863,0.0019209,0.000691793,0.000342538,0.000238433,0.000157836,
0.000151647,0.000113735,0.000117182,8.96094e-05,6.89303e-05,0.000106842,8.96094e-05,0.000117182,0.000213684,0.000334312,0.000844397,0.00111323,0.00272964,0.0305913,0.928905,0.0312668,0.00193694,0.000647945,0.000348098,0.000213684,
0.000136213,7.94111e-05,7.00686e-05,6.78264e-05,6.80132e-05,6.44631e-05,6.68921e-05,8.87535e-05,0.00010912,0.000171341,0.000708534,0.000343243,0.000588763,0.00169958,0.0340642,0.946763,0.0133801,0.000917618,0.000375941,0.000237299,
0.000375544,0.000192847,0.000121798,0.000128565,0.000138715,0.000145481,0.000118415,0.000108265,0.000145481,0.000240213,0.000984535,0.000385694,0.000473659,0.000872887,0.00259498,0.0235037,0.945773,0.0212436,0.00172547,0.000727406,
0.00060151,0.000355753,0.000309178,0.000211074,0.000202155,0.000194227,0.000222965,0.00033197,0.000375572,0.000491514,0.00172129,0.000602501,0.000564845,0.000677814,0.000828439,0.00197894,0.0234817,0.947078,0.0182197,0.00155085,
0.00215423,0.00113463,0.000616987,0.000413068,0.000261435,0.000198691,0.000177776,0.000183005,0.000104574,0.000209148,0.000915023,0.000188233,0.000318951,0.000386924,0.000674503,0.001166,0.00274507,0.0250403,0.940095,0.0230168,
0.0276252,0.00312071,0.00123291,0.000747127,0.000488861,0.000418145,0.000491935,0.000553427,0.000676411,0.000993094,0.00202001,0.000891633,0.000676411,0.000642591,0.000611845,0.000756351,0.00115605,0.00333901,0.0353148,0.918243,


0.932105,0.0267581,0.00324782,0.00139971,0.000702885,0.000515045,0.000321146,0.000254493,0.000206018,0.000230256,0.000666529,0.000163603,0.000260552,0.000212078,0.000327205,0.00037568,0.000611995,0.00107857,0.00278125,0.0277822,
0.0271558,0.935159,0.0231211,0.00243983,0.00117898,0.00083511,0.000605864,0.00053054,0.000504341,0.000858035,0.00140167,0.000468317,0.000386443,0.000314394,0.00030457,0.000311119,0.000442117,0.000432292,0.000884234,0.0026658,
0.00194842,0.0239987,0.944152,0.0213525,0.00256993,0.00113245,0.000579569,0.000407986,0.000244029,0.000224964,0.000815972,0.000175396,0.000125827,6.48202e-05,9.53238e-05,0.000144892,0.000205899,0.000343166,0.000526187,0.000892231,
0.000874699,0.00212048,0.0250633,0.938877,0.0251542,0.00288158,0.00120792,0.000624785,0.000390017,0.000295353,0.000745955,0.000230981,0.000117384,9.08778e-05,0.00013253,0.000140103,0.000174182,0.000227194,0.000257487,0.000393804,
0.000364962,0.000733335,0.00202946,0.0247458,0.937493,0.0283136,0.00262636,0.00115287,0.000521862,0.000320621,0.000549149,9.55041e-05,0.000139845,8.18607e-05,9.8915e-05,8.18607e-05,8.18607e-05,0.000133024,0.000187597,0.000248993,
0.000214804,0.000303795,0.000693511,0.00200382,0.0297013,0.935915,0.0250799,0.00280166,0.00107095,0.000576903,0.000641344,0.000184118,0.000119677,0.000113539,6.75099e-05,0.000128883,7.67158e-05,9.2059e-05,8.89904e-05,0.000125814,
0.00011419,0.000163499,0.000301045,0.000565758,0.00196199,0.023684,0.935444,0.0318355,0.00308831,0.00104847,0.000721471,0.000321807,0.000168689,0.000121975,8.82374e-05,6.48805e-05,8.3047e-05,5.19044e-05,6.48805e-05,0.000106404,
4.54436e-05,0.000103611,0.000127242,0.000207223,0.000505333,0.00154145,0.0267081,0.926856,0.0391415,0.00279751,0.00106338,0.000316288,0.000165415,0.000116336,6.72566e-05,6.18034e-05,4.18081e-05,4.36259e-05,4.72614e-05,4.36259e-05,
3.23556e-05,4.27556e-05,5.66223e-05,7.85778e-05,0.000156,0.000379023,0.00128613,0.0304651,0.930953,0.0330674,0.00232729,0.000596267,0.000246134,9.70667e-05,5.54667e-05,3.58222e-05,3.81334e-05,2.77334e-05,2.19556e-05,3.69778e-05,
3.57031e-05,2.77691e-05,3.86784e-05,5.95052e-05,7.2398e-05,0.000157689,0.000388767,0.00156895,0.0340538,0.922741,0.0381438,0.00186946,0.000412569,0.000176532,7.14063e-05,5.75217e-05,4.36372e-05,3.66949e-05,1.68598e-05,2.67773e-05,
2.49355e-05,2.11113e-05,1.84979e-05,1.85265e-05,2.09059e-05,3.18413e-05,5.94929e-05,0.000171073,0.000961046,0.059472,0.932081,0.00621801,0.000593047,0.000118548,4.88927e-05,2.94013e-05,2.67019e-05,2.82225e-05,2.89011e-05,2.76113e-05,
4.69056e-05,6.25408e-05,7.62216e-05,3.9088e-05,9.18568e-05,0.000109446,0.000197394,0.00035961,0.00095961,0.00374268,0.0464795,0.923556,0.0215316,0.00158306,0.000539414,0.000271662,0.000111401,9.18568e-05,7.8176e-05,7.23128e-05,
8.6159e-05,3.89105e-05,8.06003e-05,6.39244e-05,8.06003e-05,9.72763e-05,0.00016398,0.000225125,0.000519733,0.00112007,0.00355475,0.0305336,0.932301,0.0278627,0.00198166,0.000633685,0.000289049,0.000150083,0.000116732,0.000100056,
7.20519e-05,5.98585e-05,5.54246e-05,5.65331e-05,7.42689e-05,7.75944e-05,7.98114e-05,0.000149646,0.000231675,0.000392406,0.00140889,0.00141111,0.0179332,0.958494,0.0176738,0.000914505,0.000403491,0.000206179,0.000187335,0.000118609,
