0.931327,0.0237419,0.00299859,0.00136081,0.000529871,0.000409446,0.000325148,0.000325148,0.000264936,0.000162574,0.000602127,0.000174617,0.000252893,0.000258914,0.000204723,0.000457616,0.000626212,0.00124038,0.00251087,0.0322258,
0.0269662,0.949942,0.0147446,0.00153562,0.000780269,0.000440938,0.000335497,0.000235806,0.000216635,0.000207049,0.00121737,0.000164873,0.000132281,0.000105442,0.000164873,0.000182127,0.000222386,0.000402596,0.000624982,0.00137841,
0.00176747,0.0244402,0.948028,0.0180793,0.00231777,0.000877258,0.000547073,0.000411114,0.000203938,0.000155382,0.000744537,0.000184516,0.000135959,0.000132722,0.000132722,0.000203938,0.000174804,0.000249258,0.000440248,0.000773671,
0.00135061,0.00314753,0.040378,0.927524,0.0181594,0.00267837,0.0013437,0.000864985,0.000612078,0.00039105,0.00104245,0.000224747,0.000164177,0.00016524,0.000165771,0.000185961,0.00022581,0.000305508,0.000403801,0.000666804,
0.000374485,0.000724004,0.00226831,0.0296842,0.934743,0.0254721,0.00291385,0.00108779,0.000620575,0.000345953,0.000506447,0.000153361,0.000142661,0.000110562,8.20301e-05,0.000110562,0.000131961,0.000121262,0.000185459,0.000221125,
0.000306026,0.000504575,0.00103795,0.00356317,0.085446,0.887483,0.0153636,0.00272009,0.00117187,0.000595647,0.00059029,0.000219977,0.000148661,0.000118527,0.000102455,0.000103125,9.24106e-05,0.000112165,0.000145982,0.000174777,
0.000238775,0.000306683,0.000568679,0.00145631,0.00527145,0.0764847,0.886666,0.0200869,0.00429313,0.00194393,0.00106945,0.000436367,0.000232203,0.000171305,0.000127055,0.000108654,0.000109092,0.000111282,0.000135817,0.000181819,
7.08215e-05,6.71897e-05,0.000128931,0.000237888,0.000506646,0.0014473,0.0320077,0.928243,0.0324581,0.00297814,0.000927944,0.000365003,0.00018341,8.7165e-05,7.80853e-05,5.44781e-05,3.26869e-05,2.9055e-05,5.26622e-05,4.35825e-05,
4.47203e-05,4.35736e-05,6.6507e-05,8.48538e-05,0.000160534,0.000382989,0.00127051,0.0378437,0.929379,0.0273161,0.00228303,0.000540083,0.000224748,0.000123841,5.50403e-05,5.38936e-05,3.66935e-05,2.86668e-05,3.55469e-05,2.63735e-05,
8.73071e-05,0.000109825,0.000127603,0.000188639,0.000355549,0.000664087,0.00189547,0.0085002,0.0708047,0.893856,0.0195521,0.00205547,0.000767592,0.000357525,0.000213725,0.000130566,9.93563e-05,8.2369e-05,7.9011e-05,7.32827e-05,
0.000112388,0.000116701,0.000121309,0.00012535,0.000153933,0.00023042,0.000407787,0.00122026,0.00688766,0.0594386,0.923728,0.00553966,0.000811681,0.00032243,0.000189614,0.000134935,0.00012052,0.000112117,0.000108766,0.000118081,
5.56728e-05,4.6074e-05,4.22345e-05,8.25493e-05,6.52715e-05,0.000115185,0.000178537,0.000393549,0.00100403,0.00351698,0.0569686,0.916602,0.0181282,0.00175657,0.000474178,0.000224611,0.000130543,9.02283e-05,6.1432e-05,6.33518e-05,
0.000271079,0.000210422,0.000167171,0.000145857,0.000166441,0.000227619,0.000385409,0.000858938,0.00227843,0.00807692,0.0208815,0.0728986,0.873108,0.0159217,0.00200016,0.000864097,0.000486087,0.00038369,0.000346952,0.000320949,
0.000270631,0.000226865,0.000178574,0.000159326,0.000156084,0.000194311,0.000283058,0.000501616,0.00108239,0.00278519,0.00570681,0.0076248,0.0428805,0.919458,0.0151008,0.00138307,0.000753808,0.000507086,0.000404359,0.000342695,
0.00029091,0.000232744,0.000189041,0.000161365,0.000156987,0.000177705,0.000228913,0.000338444,0.00061278,0.00128427,0.00295546,0.00253172,0.0034197,0.0337525,0.935804,0.0150528,0.00125152,0.000722858,0.00046924,0.000366824,
0.000385762,0.000287337,0.000224882,0.000186027,0.000179534,0.000190459,0.000255594,0.000348247,0.000536026,0.000906844,0.00229293,0.00137021,0.0017637,0.00258428,0.0340992,0.935519,0.0161314,0.00147142,0.000750498,0.000516547,
0.000606919,0.000427349,0.000327953,0.000281957,0.000259742,0.000302747,0.000387192,0.000471636,0.000697914,0.00110704,0.00265239,0.00124232,0.00126425,0.00163962,0.00292181,0.0235982,0.938608,0.0202109,0.00204063,0.000951675,
0.000804815,0.000522379,0.000368439,0.000292868,0.000230783,0.000225694,0.000255719,0.000308644,0.000373782,0.000488792,0.00184855,0.000588281,0.000679881,0.000817792,0.00135493,0.00275744,0.0235457,0.945677,0.0172362,0.00162261,
0.00198261,0.00108785,0.000598081,0.000362616,0.000249593,0.000221337,0.000240174,0.000230755,0.000291976,0.000244883,0.00108314,0.00019779,0.000409709,0.000395581,0.000583953,0.00115378,0.00239232,0.0248651,0.943258,0.0201511,
0.0274023,0.00312291,0.00128386,0.000703894,0.000475872,0.000535356,0.000515528,0.000500657,0.000579969,0.00103106,0.00190844,0.000812948,0.000728679,0.000733636,0.000609711,0.000817905,0.00123925,0.00360374,0.0312241,0.92217,


0.931086,0.024057,0.00300411,0.00132108,0.000808334,0.00038607,0.000355908,0.00028352,0.000217164,0.000223197,0.000723881,0.000235261,0.000211132,0.000241294,0.000241294,0.000518782,0.000627364,0.00120044,0.00267836,0.0315793,
0.0270427,0.946159,0.014998,0.00154002,0.000921035,0.000629387,0.000525169,0.000414629,0.000412997,0.000502939,0.00162915,0.000281246,0.000246983,0.000212923,0.00021843,0.000254937,0.00035528,0.00052884,0.000888403,0.00223834,
0.002189,0.0247911,0.945727,0.0186131,0.00241647,0.00111098,0.00053736,0.000441756,0.000316482,0.000210988,0.00100549,0.000125274,0.000154944,0.000115384,0.000204394,0.000174724,0.000201098,0.000286812,0.000553843,0.000824171,
0.00104878,0.00218282,0.0287604,0.93507,0.0247145,0.00314207,0.00118094,0.000677868,0.000392225,0.000315486,0.000771661,0.000183323,0.00011511,0.000106583,0.000119373,0.00010232,0.000162006,0.000196113,0.000264326,0.000494545,
0.00024415,0.000366225,0.000755405,0.0171166,0.962929,0.0143026,0.00116545,0.000558207,0.000320317,0.000230586,0.00123119,0.000121032,7.72099e-05,5.32122e-05,6.15593e-05,7.40798e-05,8.66003e-05,7.72099e-05,9.28606e-05,0.000136682,
0.000215835,0.000346644,0.00071945,0.00209622,0.0356815,0.930537,0.0237549,0.00309364,0.00126885,0.000624614,0.000621343,0.000199484,0.00014389,8.17557e-05,8.50259e-05,0.000107918,8.50259e-05,7.84855e-05,0.000111188,0.00014716,
0.000134325,0.000198905,0.000302232,0.000588965,0.00177723,0.0279603,0.935555,0.0276452,0.00303782,0.00110043,0.000671626,0.000307398,0.000214404,0.000103327,6.45795e-05,6.19963e-05,6.19963e-05,5.42467e-05,6.97458e-05,9.04112e-05,
6.16809e-05,6.16809e-05,0.000128804,0.000263051,0.00050796,0.00152025,0.0316115,0.928568,0.0326165,0.00286272,0.000907072,0.000342873,0.000172344,9.25214e-05,7.61941e-05,6.16809e-05,3.26546e-05,2.72122e-05,4.17253e-05,4.35395e-05,
3.11906e-05,5.08291e-05,7.50884e-05,7.39332e-05,0.00016635,0.00039046,0.00133426,0.0366478,0.929824,0.0280149,0.00227345,0.000574138,0.000203316,0.000103969,7.39332e-05,4.62083e-05,3.58114e-05,2.54145e-05,2.65698e-05,2.88802e-05,
3.66562e-05,1.38699e-05,4.26004e-05,6.83588e-05,8.71822e-05,0.000170402,0.000410153,0.00155244,0.0411381,0.921455,0.0323347,0.00181597,0.000436902,0.000164457,8.61915e-05,5.54796e-05,4.75539e-05,2.97212e-05,2.97212e-05,2.47677e-05,
5.35151e-05,5.86731e-05,6.7055e-05,7.67264e-05,8.18845e-05,0.000116702,0.000170217,0.00034817,0.00132821,0.0367835,0.947581,0.0117559,0.000818845,0.000252746,0.000139913,0.000103806,7.80159e-05,6.76998e-05,5.02913e-05,6.7055e-05,
0.000206345,0.000165879,0.00013347,0.000126424,0.000149199,0.000245414,0.000533078,0.00134321,0.00502879,0.0320247,0.134739,0.801568,0.0185693,0.00289713,0.000862606,0.000382839,0.000257842,0.000251807,0.000265781,0.00024919,
5.27068e-05,4.71587e-05,6.6577e-05,8.32212e-05,6.6577e-05,0.000135928,0.000169216,0.000271856,0.000565904,0.00116232,0.00355909,0.0351194,0.931392,0.02394,0.00195847,0.000715702,0.000263534,0.000185861,0.00014425,9.98655e-05,
0.000138674,0.000101469,6.7646e-05,0.000108234,7.77929e-05,0.000101469,0.00011838,0.000229996,0.000301024,0.000490433,0.00159306,0.00333495,0.0394072,0.924531,0.0258475,0.002026,0.000740723,0.000331465,0.000219849,0.000233379,
0.000146591,9.20456e-05,8.18183e-05,9.54547e-05,8.52274e-05,8.18183e-05,9.88637e-05,0.000153409,0.000177273,0.000327273,0.000886365,0.00097841,0.00269318,0.03375,0.930478,0.0266489,0.00192273,0.000685228,0.0004125,0.000204546,
0.00026683,0.000198703,9.6513e-05,7.66427e-05,8.23199e-05,8.23199e-05,8.23199e-05,0.000122061,0.000136254,0.000204381,0.000752234,0.000474049,0.000908358,0.00229928,0.0338307,0.940236,0.0178067,0.00151298,0.000519467,0.000312248,
0.000379722,0.00020403,0.000187027,0.000141687,8.21786e-05,0.000102015,8.21786e-05,0.000107682,0.000172858,0.000153022,0.000920967,0.000303211,0.000444898,0.000784947,0.002284,0.0236079,0.950115,0.0178158,0.00149338,0.000617756,
0.000721595,0.00041272,0.000308875,0.00021568,0.00018639,0.000258283,0.000250295,0.000258283,0.00038343,0.0004713,0.00144319,0.000511241,0.000537868,0.000593785,0.0009426,0.00212484,0.0232614,0.946831,0.0184127,0.00187455,
0.00192074,0.000879462,0.000546713,0.00040417,0.000354863,0.000380861,0.000469016,0.000566435,0.000775319,0.00121341,0.00293079,0.001074,0.00080326,0.000773078,0.000816558,0.00112734,0.0024041,0.025187,0.937333,0.0200401,
0.0219117,0.00267794,0.00134014,0.000863661,0.000663315,0.000551098,0.000525247,0.000499984,0.000562261,0.00070503,0.00168267,0.000592225,0.000579887,0.000575187,0.000731468,0.00103404,0.00186304,0.00393289,0.0376991,0.921009,


0.930469,0.0245499,0.00313017,0.00115846,0.0007372,0.000520721,0.000315943,0.000181375,0.000251584,0.000257435,0.000631886,0.000169673,0.000169673,0.000198927,0.000269136,0.000392003,0.000637736,0.00125207,0.00288444,0.0318225,
0.0270387,0.937853,0.0213367,0.0023932,0.00104189,0.000561991,0.000460959,0.000438858,0.000498846,0.000764055,0.00169229,0.000489374,0.00035677,0.000331512,0.000325197,0.000344141,0.00037887,0.000580935,0.000921918,0.00219113,
0.00186063,0.024564,0.947362,0.0181694,0.0023403,0.000983783,0.000592714,0.000400235,0.000253584,0.000152761,0.00119765,0.000113043,9.77672e-05,9.4712e-05,0.000113043,0.000164982,0.000189424,0.000262749,0.000363572,0.000724089,
0.000890361,0.00216598,0.0296045,0.934203,0.0249472,0.00318047,0.0013227,0.000543634,0.000428058,0.000329605,0.000753383,0.000136979,0.00014982,0.000128418,7.70505e-05,0.000119856,0.000136979,0.000166943,0.000269677,0.000445181,
0.000544509,0.00101067,0.00277449,0.0560126,0.915756,0.016875,0.00238363,0.0011955,0.000649256,0.000448852,0.000733659,0.000220747,0.000170971,0.000117732,0.00012509,0.000136344,0.000135478,0.000152792,0.000241523,0.000315105,
0.000190081,0.000324449,0.000750492,0.00196963,0.0354927,0.931178,0.02377,0.00305113,0.00111755,0.000606293,0.00055058,0.000186804,0.000150754,0.000111427,6.22679e-05,8.19315e-05,6.55452e-05,0.000101595,7.86542e-05,0.000160586,
0.000106701,0.000152776,0.000288576,0.000594128,0.00180663,0.0288964,0.935453,0.0271213,0.00296094,0.00104276,0.000645053,0.000237651,0.000155201,0.000116401,6.06253e-05,7.03254e-05,5.82003e-05,7.51754e-05,7.76004e-05,8.00254e-05,
6.17442e-05,7.05648e-05,0.000151714,0.000216987,0.000522179,0.00157007,0.0310273,0.927765,0.0339046,0.00279084,0.00098085,0.000344003,0.000172884,0.000107611,6.17442e-05,6.52724e-05,5.82159e-05,3.70465e-05,3.70465e-05,5.46877e-05,
3.69858e-05,3.46741e-05,6.12577e-05,8.66854e-05,0.000166436,0.000399908,0.00130953,0.0358958,0.929903,0.0286559,0.00237633,0.000550163,0.000191864,0.000123671,4.96996e-05,4.27648e-05,3.81416e-05,2.08045e-05,1.96487e-05,3.69858e-05,
3.17246e-05,2.87504e-05,4.06471e-05,6.64234e-05,8.72426e-05,0.000154657,0.000382678,0.00155847,0.0400761,0.921997,0.0329708,0.00174584,0.000439187,0.000148709,7.93115e-05,6.14664e-05,3.66816e-05,3.2716e-05,2.28021e-05,3.86644e-05,
4.45774e-05,5.55602e-05,5.42681e-05,6.97733e-05,8.85087e-05,0.000117581,0.000180894,0.000385691,0.0013328,0.0360863,0.948082,0.0119513,0.000792056,0.000284907,0.0001389,9.56152e-05,6.71891e-05,6.91272e-05,5.55602e-05,4.78076e-05,
5.32541e-05,4.56464e-05,3.80387e-05,6.08618e-05,8.74889e-05,0.000125528,0.000155958,0.00033474,0.000950966,0.00372589,0.0543116,0.918291,0.0189775,0.00172505,0.000507816,0.00022633,0.000146449,9.69986e-05,8.17831e-05,5.7058e-05,
6.91613e-05,5.80955e-05,6.63948e-05,8.29935e-05,7.19277e-05,0.000143855,0.000135556,0.000271112,0.000522859,0.00117021,0.00371534,0.0344229,0.930883,0.0250723,0.00195588,0.000644583,0.000318142,0.000179819,0.00012449,9.12929e-05,
0.00012436,0.000117638,0.000114276,8.73879e-05,9.74711e-05,9.0749e-05,0.000141165,0.000255442,0.000379801,0.000789852,0.0016839,0.00339468,0.0377381,0.925703,0.0256786,0.00207714,0.000709186,0.000373079,0.000278969,0.000164693,
0.000112947,9.92566e-05,9.5834e-05,7.87208e-05,8.21434e-05,9.5834e-05,0.00011637,0.000136906,0.000253275,0.000328574,0.00084197,0.00110209,0.00279972,0.0339286,0.92947,0.0274735,0.00180373,0.000619498,0.000345687,0.000215626,
0.000177998,0.000146919,0.00011584,8.75862e-05,0.000121491,8.75862e-05,7.62848e-05,9.60623e-05,0.000169522,0.000234505,0.00103973,0.000536819,0.000841958,0.00236483,0.0338761,0.939294,0.0182857,0.0015257,0.000624405,0.000296663,
0.000363884,0.00029984,0.000165931,0.000104799,0.000101888,0.000128087,0.000101888,9.31543e-05,0.000125176,0.000154287,0.00116443,0.00035224,0.000442483,0.000832567,0.00210762,0.0232129,0.950451,0.0176324,0.00156325,0.000602592,
0.00078264,0.000487663,0.000306871,0.000176035,0.000157004,0.000147488,0.000235506,0.000235506,0.000290219,0.000413919,0.00153673,0.000492421,0.000442465,0.000642288,0.000861142,0.00222422,0.0234007,0.946298,0.0189546,0.00191497,
0.00223288,0.00104746,0.000531396,0.000352561,0.000229931,0.000219712,0.000199273,0.000173726,0.000163506,0.000143068,0.00105768,0.000281027,0.00036278,0.000372999,0.000633587,0.00114965,0.00281027,0.0253741,0.940152,0.0225128,
0.0275402,0.00343231,0.00116814,0.00067781,0.000485523,0.000403802,0.000495138,0.000466295,0.00084606,0.001072,0.00210073,0.000797989,0.00074511,0.000697038,0.000581666,0.000836446,0.0014758,0.00357653,0.0307226,0.921879,


0.93138,0.0242808,0.00346696,0.00134088,0.00055568,0.00045904,0.00028388,0.00022952,0.00020536,0.00021744,0.00068856,0.00016308,0.00015704,0.00013892,0.00022348,0.000302,0.0006342,0.00133484,0.00276632,0.0311724,
0.0269948,0.952552,0.013365,0.00111731,0.000644766,0.00047966,0.000317401,0.000186455,0.000136639,0.000160836,0.00126106,9.6786e-05,9.82093e-05,0.000125252,0.000136639,0.000148026,0.000216345,0.000375757,0.000482507,0.0011045,
0.00182032,0.0245885,0.951907,0.0140682,0.00146836,0.000840949,0.000554604,0.00039926,0.000274056,0.000248552,0.00138929,0.000167633,0.000125667,0.000130768,0.000151867,0.000153954,0.000210527,0.000292605,0.000451196,0.000757016,
0.00104569,0.00218326,0.0284218,0.935154,0.0249697,0.00314582,0.0012557,0.00063879,0.000393775,0.000328146,0.000748172,0.000153135,0.000126883,0.000100631,0.000113757,0.000170636,0.000161885,0.000170636,0.000275642,0.000441903,
0.000361002,0.000682687,0.0019873,0.0279187,0.934784,0.0273539,0.0030703,0.00115092,0.000679112,0.000328833,0.000564735,0.00015012,0.000114377,0.000117951,6.79112e-05,7.14855e-05,8.93569e-05,0.000107228,0.000203734,0.000196585,
0.000150442,0.000323777,0.000748939,0.0020048,0.0341536,0.931778,0.0244206,0.00289764,0.00130819,0.000578874,0.000546169,0.000225663,0.00014063,0.000107926,0.000114467,9.81142e-05,9.48438e-05,9.48438e-05,0.000114467,9.81142e-05,
0.00014467,0.000142086,0.000302256,0.000612262,0.0018497,0.0268491,0.935464,0.0289236,0.00303031,0.00107986,0.000632929,0.000255755,0.000131753,0.000134336,5.94179e-05,8.26683e-05,6.45846e-05,4.90843e-05,8.52517e-05,0.000105919,
6.35408e-05,6.69754e-05,0.000137386,0.000274771,0.000503174,0.00157478,0.0309083,0.927744,0.0339754,0.00279408,0.00104928,0.000312552,0.000152841,0.000118495,8.24313e-05,5.15196e-05,3.43464e-05,4.63676e-05,5.32369e-05,5.66715e-05,
4.26835e-05,4.03763e-05,4.38371e-05,8.88278e-05,0.000161505,0.000396841,0.00127128,0.0349139,0.930506,0.0291309,0.00228299,0.000568728,0.000222646,9.1135e-05,5.76804e-05,4.26835e-05,2.76866e-05,4.03763e-05,2.88402e-05,4.15299e-05,
3.86545e-05,4.65836e-05,2.97342e-05,6.44242e-05,8.92027e-05,0.00018237,0.000359784,0.00162448,0.03894,0.92252,0.0335402,0.00174441,0.000366722,0.000168494,8.4247e-05,5.6495e-05,3.76634e-05,3.76634e-05,3.46899e-05,3.46899e-05,
7.41426e-05,5.67352e-05,6.96295e-05,7.22084e-05,8.05897e-05,0.000122496,0.000179232,0.000381028,0.00133199,0.0349102,0.948787,0.0123476,0.000811055,0.000264334,0.000130233,8.76816e-05,8.38133e-05,8.51028e-05,6.18929e-05,6.25376e-05,
5.2222e-05,4.06171e-05,5.80245e-05,5.02879e-05,6.96294e-05,0.000117983,0.00018181,0.000379093,0.000996087,0.00369229,0.0529628,0.919454,0.0190727,0.00171172,0.000504813,0.000234032,0.00018181,0.000104444,8.31684e-05,5.2222e-05,
7.472e-05,8.57896e-05,6.0883e-05,7.472e-05,8.8557e-05,0.000105161,0.00016051,0.000282276,0.000561784,0.00118999,0.00345926,0.0334829,0.931521,0.0254823,0.00208386,0.000628202,0.000293345,0.000179882,9.13245e-05,9.40919e-05,
0.000111669,7.78302e-05,0.000118437,0.000121821,6.09106e-05,0.000121821,0.000186116,0.000206419,0.00028425,0.000487285,0.00139079,0.00331963,0.0382451,0.925087,0.0267161,0.00204051,0.000734311,0.000311321,0.000243642,0.000135357,
0.000172463,6.89853e-05,8.27823e-05,5.17389e-05,6.89853e-05,6.5536e-05,8.27823e-05,0.000179362,0.000220753,0.000300086,0.000693302,0.000965794,0.0025835,0.0324679,0.930439,0.0285116,0.00178327,0.000658809,0.000424259,0.000179362,
0.000139547,0.000160782,8.49414e-05,7.88742e-05,7.28069e-05,0.000121345,7.28069e-05,0.000115278,0.000178984,0.000257858,0.000728069,0.000412573,0.000925255,0.00243903,0.0335033,0.939012,0.0191331,0.00164119,0.000576388,0.000345833,
0.000386596,0.000284702,0.000197793,9.29028e-05,0.00010489,8.39122e-05,7.19248e-05,0.000101893,0.000125868,0.000194796,0.00116278,0.000365618,0.000515461,0.000818144,0.00201389,0.0237022,0.949038,0.0186645,0.00138455,0.000689279,
0.000936648,0.000505447,0.000342676,0.000282708,0.000205606,0.000245584,0.000245584,0.000299842,0.000362665,0.000656796,0.00174194,0.000642518,0.000599683,0.000651084,0.00115082,0.00239017,0.0233648,0.944515,0.0190071,0.00185331,
0.00216547,0.000999448,0.000485446,0.000276038,0.000180852,0.000257001,0.000142778,0.00013326,0.000190371,0.000176093,0.00109939,0.000209408,0.000299834,0.000447372,0.000680576,0.00106132,0.00285081,0.0247102,0.942817,0.0208171,
0.0138155,0.000898134,0.000463664,0.000297947,0.000259308,0.000184607,0.000141675,0.00017001,0.000165717,0.00023956,0.00163742,0.000203497,0.000202638,0.000195769,0.00032113,0.000325423,0.000467957,0.000948793,0.0142783,0.964783,


0.915486,0.0194265,0.00254689,0.00127227,0.000839254,0.000648336,0.000508197,0.000488515,0.000523943,0.000624323,0.00129195,0.000401126,0.00036058,0.000349952,0.000420414,0.000566851,0.000833743,0.0013569,0.00363218,0.0484224,
0.0270474,0.941904,0.0187817,0.00199689,0.000941318,0.000496738,0.00046445,0.00041726,0.000429678,0.000581183,0.00172616,0.000342749,0.000280657,0.000315428,0.000221048,0.000270722,0.000382488,0.00051164,0.000859356,0.00202917,
0.00134691,0.0245763,0.951546,0.0160687,0.00170237,0.000687374,0.000434694,0.000267669,0.000241973,0.000130622,0.00110708,0.000102785,6.63819e-05,7.06646e-05,0.000107068,0.000115633,0.000184156,0.000280517,0.000329768,0.00063384,
0.000828225,0.00217307,0.027151,0.936526,0.0248591,0.00308739,0.00141044,0.000623219,0.000414113,0.000237807,0.000820025,0.000159905,0.000168105,0.000176305,0.000139404,0.000102503,0.000188606,0.000192706,0.000262408,0.000479715,
0.000375498,0.00085828,0.00194543,0.0275615,0.935182,0.0274364,0.00294676,0.00110861,0.000607948,0.000361193,0.000525697,0.000175232,0.00012159,0.000110861,7.86757e-05,0.000110861,6.07948e-05,0.000103709,0.000146623,0.000182385,
0.000213081,0.000350764,0.000632687,0.00207836,0.0331948,0.932555,0.0243044,0.00317327,0.00123259,0.000534342,0.000658913,0.000209803,0.000167187,9.83452e-05,0.000111458,8.52325e-05,6.22853e-05,0.00010818,0.000121292,0.00010818,
9.82814e-05,0.000170699,0.000338812,0.000605206,0.00186476,0.0261196,0.935349,0.0297534,0.00300017,0.0010423,0.000682797,0.000250876,0.000157767,0.000118972,5.43134e-05,7.75906e-05,5.1727e-05,8.01769e-05,0.000100868,8.27633e-05,
8.02978e-05,8.74354e-05,0.000114201,0.000273012,0.000501415,0.00148105,0.0298958,0.927548,0.035315,0.00283005,0.000947514,0.000346173,0.000203421,9.45729e-05,6.06694e-05,3.03347e-05,4.46099e-05,5.71006e-05,4.10411e-05,4.81787e-05,
3.69747e-05,3.46638e-05,5.5462e-05,9.70585e-05,0.000169852,0.00036628,0.00130682,0.0340375,0.930446,0.0299518,0.00235829,0.000565019,0.000194117,0.000117857,6.23948e-05,5.08402e-05,5.19957e-05,2.19537e-05,3.81301e-05,3.69747e-05,
2.18115e-05,3.56915e-05,4.56058e-05,6.84087e-05,8.32802e-05,0.000181432,0.000399547,0.00155258,0.0379688,0.92244,0.0345038,0.00185199,0.000375752,0.000188372,8.22888e-05,5.7503e-05,3.96572e-05,3.76744e-05,2.47858e-05,4.06487e-05,
5.22917e-05,5.4874e-05,5.4874e-05,6.90767e-05,8.39249e-05,0.000129115,0.000180116,0.000346675,0.00134474,0.0339083,0.949808,0.0124228,0.000768236,0.000283408,0.000123305,0.000107166,7.74692e-05,7.55325e-05,5.4874e-05,5.55196e-05,
3.50508e-05,3.69981e-05,6.42598e-05,7.59434e-05,6.03653e-05,0.000112942,0.00017136,0.000383612,0.000969739,0.0036005,0.0526035,0.919693,0.0193948,0.00171165,0.00050629,0.000198621,0.000147992,9.54161e-05,8.17853e-05,5.64708e-05,
7.73209e-05,7.45595e-05,8.28439e-05,5.79907e-05,8.00824e-05,0.000104936,0.000168449,0.000256816,0.000494302,0.00124818,0.00370588,0.0332894,0.931273,0.0258059,0.00185018,0.000701411,0.000361752,0.000165688,0.00011322,8.83668e-05,
0.000128497,9.46819e-05,9.80634e-05,7.77744e-05,8.45374e-05,0.000128497,0.00013526,0.000185982,0.000328005,0.000578236,0.0014439,0.00319551,0.0366182,0.925661,0.0277317,0.00210667,0.000689825,0.000375346,0.000199508,0.000138641,
0.000151715,6.55132e-05,6.20651e-05,6.20651e-05,7.24093e-05,8.27535e-05,0.000113786,0.000175851,0.00023102,0.000262053,0.000810295,0.00104476,0.0026619,0.0327014,0.929239,0.0289741,0.00197919,0.000706853,0.00033791,0.000265501,
0.000229255,0.000123921,7.74509e-05,8.3647e-05,9.91372e-05,8.98431e-05,9.29411e-05,0.000108431,0.000164196,0.000254039,0.000635098,0.00050498,0.000985176,0.00247223,0.0339204,0.937922,0.0194929,0.00169772,0.000641294,0.000405843,
0.00034662,0.00026487,0.00017658,9.48301e-05,0.00012099,0.00012753,9.81001e-05,9.81001e-05,0.00014715,0.00013734,0.00101697,0.00038913,0.000477421,0.00102024,0.00227919,0.0234884,0.9475,0.0197508,0.00171675,0.000748831,
0.000908104,0.000486157,0.000281298,0.000293529,0.000204859,0.000220146,0.000207916,0.000247665,0.00043112,0.000678785,0.0017306,0.000547309,0.000574827,0.000694073,0.00095091,0.00247665,0.0234701,0.941193,0.0222898,0.00211279,
0.00235861,0.00106747,0.000548987,0.000416823,0.000228745,0.000188079,0.000137247,0.000111831,0.000182996,0.000167746,0.00103189,0.00028466,0.000371074,0.000462572,0.000640485,0.00116914,0.0027246,0.0251924,0.941263,0.0214512,
0.0266186,0.00325087,0.00133219,0.00074569,0.000502713,0.000469198,0.000552984,0.000561362,0.00057393,0.000896504,0.00204018,0.000871368,0.000657716,0.000557173,0.000645148,0.000779204,0.00133638,0.00341426,0.0370876,0.917107,


0.931908,0.0253138,0.0029006,0.00140196,0.000743279,0.00047739,0.000265888,0.000211502,0.000211502,0.000193373,0.000743279,0.000181287,0.000193373,0.00018733,0.000271931,0.000404875,0.000586163,0.00120254,0.00268306,0.0299185,
0.0270183,0.943431,0.018154,0.00179911,0.00088937,0.000577072,0.000411871,0.000414134,0.000427712,0.000597439,0.00169048,0.000368873,0.000237618,0.000239881,0.000255722,0.000208199,0.000300983,0.000484288,0.00066533,0.00182853,
0.00215853,0.0245923,0.942959,0.0215143,0.00267153,0.00121146,0.000635327,0.000370936,0.000307798,0.000236768,0.000864202,0.00019336,0.000138114,0.000126276,0.00012233,0.000197306,0.000197306,0.000256498,0.000406451,0.000840525,
0.00105836,0.00255054,0.0373793,0.925746,0.025296,0.00292452,0.00113316,0.000718042,0.000445036,0.000261786,0.000546011,0.000153332,0.000134633,0.000134633,0.000130893,0.000157072,0.000149592,0.000239347,0.000340322,0.000501133,
0.00037882,0.000704034,0.00204777,0.0271214,0.934718,0.0282614,0.00306987,0.0012401,0.000564657,0.000296624,0.000568231,0.000139377,0.000114361,0.000100066,6.79018e-05,8.57706e-05,7.14755e-05,0.000135804,0.00010364,0.000210853,
0.000211794,0.000400779,0.000690774,0.00201693,0.0324599,0.932666,0.0250732,0.00302377,0.00121211,0.000622349,0.000612573,0.000192244,0.000146627,0.000153143,9.44927e-05,8.7976e-05,7.82009e-05,6.1909e-05,8.7976e-05,0.000107526,
9.57366e-05,0.000181123,0.000279447,0.000600294,0.00163528,0.0262215,0.934889,0.0304546,0.00297818,0.00108674,0.000685681,0.000232873,0.000175948,8.79742e-05,6.98619e-05,5.4337e-05,3.88121e-05,6.98619e-05,7.76243e-05,8.53867e-05,
3.987e-05,7.79276e-05,0.000146794,0.000251906,0.000567241,0.00153681,0.0285849,0.927631,0.0362327,0.00293769,0.00105112,0.000326209,0.000183039,0.000126859,6.88663e-05,6.16172e-05,2.35595e-05,3.26209e-05,5.79927e-05,6.16172e-05,
3.00725e-05,3.70123e-05,4.51088e-05,0.000105254,0.000205881,0.000410605,0.00135905,0.0332868,0.930245,0.0307885,0.00237342,0.000580631,0.000219761,0.00010641,6.47716e-05,3.93256e-05,3.93256e-05,2.77592e-05,1.85062e-05,1.73495e-05,
3.56467e-05,3.06958e-05,4.35682e-05,6.33719e-05,9.20873e-05,0.000155459,0.000404986,0.00157341,0.0367735,0.922873,0.0352694,0.0018467,0.000396074,0.000177243,8.11953e-05,5.14897e-05,4.75289e-05,3.1686e-05,3.1686e-05,2.07939e-05,
5.746e-05,5.22951e-05,6.52074e-05,7.03724e-05,7.81198e-05,0.00011492,0.000185938,0.00033895,0.00132997,0.0327755,0.950611,0.0126774,0.000869648,0.000273742,0.000139454,8.97409e-05,7.87654e-05,7.42461e-05,5.746e-05,5.93969e-05,
5.26392e-05,6.43368e-05,5.65384e-05,5.65384e-05,7.7984e-05,0.000111127,0.00019691,0.000430861,0.000957253,0.00368279,0.0507949,0.920872,0.0198684,0.00161427,0.000541989,0.000224204,0.000155968,0.000107228,6.62864e-05,6.8236e-05,
7.19825e-05,6.92139e-05,6.92139e-05,8.02882e-05,7.75196e-05,0.000127354,0.000171651,0.00028793,0.000503877,0.00123754,0.0036628,0.0321263,0.931511,0.0267387,0.00189369,0.000645074,0.000315615,0.000166113,0.000124585,0.000119048,
0.000131228,7.40262e-05,0.000127863,8.41207e-05,6.05669e-05,0.000121134,0.000131228,0.00018843,0.000373496,0.000642682,0.00166559,0.00368785,0.0365286,0.924584,0.0280055,0.00212657,0.000743627,0.000373496,0.000228808,0.000121134,
0.000102935,7.30222e-05,5.45467e-05,2.90329e-05,5.89457e-05,7.21425e-05,7.65414e-05,7.21425e-05,0.000128449,0.000212028,0.00121762,0.0004918,0.00101527,0.0155555,0.963198,0.0162998,0.000641364,0.000334319,0.000227865,0.000139006,
0.000198078,0.000116331,0.00012262,7.23141e-05,8.17464e-05,8.80345e-05,0.000103755,0.000125764,0.000147772,0.000182357,0.000877201,0.000437029,0.000867769,0.00249326,0.0335506,0.938118,0.0198518,0.00166008,0.000613098,0.0002924,
0.000396148,0.000274002,0.000198074,0.000148556,0.000115543,9.24346e-05,7.92296e-05,8.91333e-05,0.000112242,0.000158459,0.00114553,0.00032022,0.000419257,0.000950755,0.0024198,0.0235246,0.947355,0.0198833,0.00158129,0.000736175,
0.000892602,0.000403731,0.000310351,0.000252675,0.000194999,0.00018676,0.000244436,0.000392745,0.00042021,0.000549294,0.00177147,0.000604223,0.000494364,0.0007388,0.00111507,0.00254872,0.023345,0.943541,0.0200602,0.00193351,
0.00229238,0.0009978,0.000578212,0.000353068,0.000220028,0.000189326,0.000194443,0.000163741,0.000102338,0.000255846,0.000956864,0.000214911,0.000317249,0.000480991,0.000741954,0.00113596,0.00280407,0.0249399,0.940756,0.0223047,
0.027259,0.00286507,0.00138314,0.00055841,0.000459614,0.000420955,0.000429546,0.000420955,0.000584182,0.000786069,0.00177402,0.00055841,0.000459614,0.000562705,0.000506864,0.000756001,0.00121132,0.00287366,0.0279935,0.928137,


0.930961,0.0259863,0.00312004,0.00143027,0.000754362,0.000446582,0.000313814,0.000265535,0.000247431,0.000229326,0.000603489,0.000241396,0.000193117,0.000181047,0.00028364,0.000356059,0.000603489,0.00120698,0.00280623,0.0297701,
0.0268519,0.94094,0.0193249,0.00215504,0.000975768,0.000704431,0.000438313,0.000357434,0.000487884,0.000605289,0.00169324,0.000487884,0.000305253,0.000300035,0.000255682,0.000263509,0.000354825,0.000547891,0.000816618,0.00213417,
0.00146715,0.0245415,0.950238,0.0165544,0.00183957,0.000928447,0.000498867,0.000296202,0.000213058,0.000169753,0.00111206,0.000129913,0.000121252,0.000124717,0.000126449,0.000157628,0.000185343,0.000291006,0.000394937,0.000609727,
0.000800697,0.00218709,0.027802,0.936029,0.0252998,0.00280985,0.00122699,0.000667247,0.000459659,0.000296554,0.000811818,0.000114915,0.000126036,0.000100087,0.000100087,0.000133449,0.000129743,0.000177933,0.000318796,0.000407762,
0.000342877,0.000789331,0.00208226,0.0261658,0.935371,0.0287195,0.00283588,0.00110006,0.000692897,0.000314304,0.00048217,0.000189297,8.57192e-05,6.7861e-05,7.14327e-05,0.000103577,0.000110721,8.92908e-05,0.000125007,0.000260729,
0.000181533,0.000296185,0.0007325,0.00197775,0.0315962,0.933671,0.0251248,0.00306376,0.00123251,0.000538229,0.000630587,0.000213381,0.000117837,9.87283e-05,8.59892e-05,5.09566e-05,8.28044e-05,7.96196e-05,8.59892e-05,0.000140131,
0.000107583,0.000174524,0.000306015,0.000623984,0.00172851,0.0263293,0.934718,0.0302549,0.00304103,0.0010591,0.000655064,0.00028928,0.000153008,0.000100411,7.65038e-05,8.12853e-05,5.02056e-05,7.17223e-05,7.4113e-05,0.000105193,
8.92743e-05,0.000120486,0.00018245,0.000326115,0.000792912,0.0026282,0.0701074,0.901886,0.017959,0.00324807,0.00136528,0.000459682,0.000238906,0.000146648,8.83563e-05,7.5275e-05,6.54066e-05,6.63246e-05,7.41275e-05,8.05534e-05,
3.85512e-05,4.95658e-05,4.68121e-05,0.000100967,0.000168891,0.000414884,0.00146036,0.0344748,0.931153,0.0286922,0.00222954,0.000566335,0.000235896,0.000124832,6.60877e-05,4.13048e-05,4.58943e-05,2.93723e-05,2.84544e-05,3.2126e-05,
3.07194e-05,2.77465e-05,4.06289e-05,5.35112e-05,0.00010504,0.00016747,0.000371605,0.00152309,0.0357564,0.922593,0.0366215,0.00183028,0.000465745,0.000149633,8.22487e-05,5.05383e-05,3.46832e-05,3.36922e-05,2.37827e-05,3.8647e-05,
5.41486e-05,5.02808e-05,5.47932e-05,7.21981e-05,9.34707e-05,0.000112809,0.000165669,0.000355833,0.00131568,0.0318967,0.951188,0.0130363,0.000841236,0.000258495,0.000138595,0.000103785,7.86443e-05,7.21981e-05,6.31733e-05,4.83469e-05,
4.8777e-05,4.68259e-05,6.82878e-05,6.24345e-05,5.26791e-05,0.000130722,0.000169744,0.000345341,0.000920909,0.00378119,0.0494091,0.922039,0.020141,0.00164476,0.000548253,0.000228276,0.000136576,9.36518e-05,6.24345e-05,7.02388e-05,
9.99162e-05,8.32635e-05,4.99581e-05,6.10599e-05,5.82844e-05,0.000105467,0.000138772,0.000269219,0.000530111,0.00121842,0.00365804,0.0315541,0.931871,0.0270218,0.00192616,0.000591171,0.000358033,0.000194281,0.000124895,8.60389e-05,
0.000122197,9.16475e-05,8.14645e-05,6.10983e-05,8.14645e-05,9.16475e-05,9.16475e-05,0.000224027,0.000339435,0.000617772,0.00155461,0.00322463,0.0355966,0.925518,0.0287128,0.00217578,0.000736574,0.000359801,0.000173112,0.000145957,
0.000110241,7.23459e-05,9.64612e-05,8.95712e-05,6.89009e-05,7.23459e-05,8.61261e-05,0.000110241,0.000230818,0.000330724,0.000761355,0.00104729,0.00272848,0.0307436,0.92948,0.0307505,0.00203602,0.000678674,0.000313499,0.000192922,
0.000227162,0.000111935,0.000121811,0.00010535,0.000102058,9.21817e-05,8.23051e-05,0.000131688,0.000158026,0.000237039,0.000724285,0.000539921,0.000921817,0.00273253,0.0340875,0.936065,0.0207343,0.00183046,0.000648564,0.000345681,
0.00046926,0.00025596,0.000144388,0.000111572,0.00012798,0.000131262,0.000121417,0.000141106,0.000124699,0.000154232,0.000951647,0.000413474,0.000528328,0.000968054,0.00232005,0.0235779,0.947082,0.0200797,0.00161124,0.000685842,
0.00100653,0.000594331,0.000383439,0.000233259,0.000169352,0.000172548,0.000249236,0.000357877,0.000396221,0.000667823,0.00174784,0.000600722,0.000607112,0.000722144,0.0010289,0.00255626,0.0235368,0.94095,0.0219519,0.00206738,
0.00220231,0.00115231,0.000651539,0.000436155,0.000269231,0.000193846,0.000247693,0.000134616,0.000177693,0.000226154,0.000942309,0.000285385,0.000425385,0.000420001,0.000603078,0.00121154,0.00279462,0.0250116,0.939068,0.023547,
0.0274303,0.00278832,0.00118548,0.000812521,0.0003996,0.0003996,0.00045288,0.00048396,0.000608281,0.00103896,0.00207792,0.000697081,0.000572761,0.000523921,0.000572761,0.000754801,0.00125652,0.00313908,0.0277234,0.927082,


0.931883,0.0258127,0.00326347,0.00119219,0.000740602,0.000445566,0.000252889,0.000228804,0.000180635,0.000240846,0.000608137,0.000174614,0.000192677,0.000228804,0.000282994,0.000379333,0.00072856,0.001138,0.00282392,0.0292026,
0.0267775,0.935889,0.0220642,0.00239871,0.00117831,0.000738065,0.000553549,0.000556786,0.000582683,0.000938767,0.00208471,0.000498517,0.000398166,0.000297816,0.000275156,0.000297816,0.000430538,0.000644188,0.000980849,0.0024149,
0.00186732,0.0246611,0.942546,0.0220024,0.00267039,0.00107595,0.000615944,0.000401533,0.000280683,0.000261191,0.000997985,0.000148138,9.74594e-05,0.000148138,0.00016763,0.000152037,0.000183224,0.000350854,0.0004795,0.000892728,
0.000848374,0.00205702,0.0250871,0.938723,0.0254977,0.00291314,0.00104207,0.000685672,0.00030216,0.000317656,0.000817383,0.000154954,9.68463e-05,0.000131711,0.000123963,0.000127837,0.000123963,0.000213062,0.000329277,0.000406754,
0.000364096,0.000731563,0.00180025,0.0254699,0.937119,0.0281804,0.00262621,0.00111252,0.000583228,0.000333755,0.000556258,0.000155078,9.43953e-05,9.1024e-05,7.41677e-05,8.76528e-05,0.000111252,0.000111252,0.000117994,0.000279815,
0.000200981,0.000362375,0.000642531,0.00204635,0.0299431,0.935476,0.0249247,0.00297513,0.00112976,0.000575537,0.00071257,0.00026493,0.000127897,0.000118762,7.30841e-05,7.00389e-05,8.52647e-05,7.61292e-05,9.13551e-05,0.000103536,
0.000116274,0.000173119,0.000338486,0.000620128,0.00172861,0.0250868,0.935129,0.0313888,0.00281383,0.000987037,0.000651134,0.000237716,0.00019379,0.000136945,7.49321e-05,6.97644e-05,5.6845e-05,6.20128e-05,6.71805e-05,6.71805e-05,
6.96806e-05,8.21873e-05,0.000139361,0.000251922,0.000505631,0.00148652,0.0272987,0.927055,0.0382904,0.00294624,0.000918354,0.000339469,0.000194748,0.000110774,7.32539e-05,5.18137e-05,4.4667e-05,4.82404e-05,5.00271e-05,4.28803e-05,
3.79373e-05,5.41961e-05,4.98604e-05,9.97208e-05,0.000158253,0.000370701,0.00125301,0.0322889,0.931585,0.0307216,0.00226756,0.000570143,0.000204861,0.000104056,6.50353e-05,4.22729e-05,4.01051e-05,1.95106e-05,3.46855e-05,3.25176e-05,
2.07415e-05,1.61323e-05,2.56799e-05,3.22645e-05,5.93711e-05,0.000114901,0.000301135,0.00130781,0.0706189,0.916179,0.0100781,0.000816709,0.000199733,8.73556e-05,4.30193e-05,2.79845e-05,2.20584e-05,1.73394e-05,1.45959e-05,1.70102e-05,
5.16539e-05,5.81106e-05,5.9402e-05,6.90871e-05,8.78116e-05,0.000118804,0.000163355,0.000368034,0.0013133,0.0310388,0.951658,0.0134165,0.000823234,0.000280222,0.000147859,9.74967e-05,7.10241e-05,6.06933e-05,6.45674e-05,5.22996e-05,
1.28386e-05,1.34806e-05,1.2646e-05,1.5278e-05,1.81667e-05,2.86943e-05,4.62191e-05,9.3722e-05,0.00029914,0.00128271,0.0712535,0.919358,0.00653807,0.000683721,0.000177494,7.51702e-05,3.56914e-05,2.29169e-05,1.91296e-05,1.34164e-05,
7.19239e-05,8.02229e-05,6.08587e-05,6.63913e-05,8.85218e-05,0.000132783,0.000171511,0.000235136,0.00053943,0.00117015,0.00359066,0.0314612,0.931667,0.0273173,0.00195578,0.000658381,0.000295995,0.000174277,0.000160446,0.000102353,
0.000127363,0.000103902,0.000127363,9.71983e-05,0.00010055,0.00016088,0.000177638,0.000207803,0.000358628,0.000794345,0.00156188,0.00366337,0.034301,0.92572,0.0291528,0.00191715,0.000690443,0.00034187,0.000237968,0.000157528,
0.000144439,0.000116927,0.000116927,8.94147e-05,6.87805e-05,0.00010661,8.94147e-05,0.000116927,0.000216659,0.000330146,0.000849439,0.00110737,0.00272715,0.030628,0.928957,0.0311988,0.00193273,0.000646537,0.000343903,0.00021322,
0.000136021,7.94077e-05,7.00656e-05,6.76367e-05,6.80104e-05,6.44604e-05,6.68893e-05,8.87498e-05,0.000109116,0.000171334,0.000708317,0.000343228,0.000589112,0.0016997,0.0340642,0.946764,0.0133786,0.000917579,0.000375925,0.000237289,
0.000375612,0.000199649,0.000118436,0.000125204,0.000138739,0.000145507,0.000118436,0.000108284,0.000145507,0.000240256,0.000977944,0.000389147,0.000473744,0.000873043,0.00259544,0.0234842,0.945726,0.0213083,0.00172578,0.00073092,
0.000600369,0.000355664,0.00030811,0.000212011,0.000203095,0.000194179,0.000222909,0.000329905,0.000375478,0.000489409,0.00172284,0.00060235,0.000565694,0.000678634,0.000829222,0.00197745,0.0234699,0.94709,0.0182221,0.00155046,
0.00214395,0.00113197,0.000615539,0.000412098,0.000260821,0.000198224,0.000177359,0.000182575,0.000109545,0.000208657,0.000991122,0.000187791,0.000318202,0.000391232,0.000678136,0.00116326,0.00273863,0.0251641,0.939928,0.0229992,
0.0276048,0.00311875,0.00123214,0.000746656,0.000488553,0.000417882,0.000491625,0.000553079,0.000675985,0.000989396,0.00201566,0.000887998,0.000675985,0.000642186,0.000608387,0.000755874,0.00115839,0.00333691,0.0354308,0.918169,


0.932083,0.0267428,0.00324136,0.0014056,0.000696742,0.000508924,0.000321107,0.000254462,0.000199935,0.000230228,0.000666449,0.000157524,0.000260521,0.000212052,0.000333224,0.000381693,0.000611921,0.00107843,0.00278697,0.0278273,
0.027245,0.93514,0.0230892,0.00244059,0.00117619,0.000839666,0.000604429,0.000526017,0.000503146,0.000852735,0.00138855,0.00046394,0.000388795,0.000310382,0.000310382,0.000316917,0.00044107,0.000424734,0.000875605,0.00266275,
0.00195309,0.0239902,0.944123,0.0213886,0.00257106,0.00113294,0.000579823,0.00040435,0.000251765,0.000225063,0.000812515,0.000175473,0.000125883,6.48486e-05,9.53656e-05,0.000144956,0.00020599,0.000339502,0.000526418,0.000888808,
0.000868226,0.00211772,0.0250615,0.938903,0.0251635,0.0028727,0.00120419,0.000619083,0.000392589,0.000290667,0.000743654,0.000230269,0.000117022,9.05975e-05,0.000132121,0.000139671,0.000173645,0.000230269,0.000256693,0.000392589,
0.000363952,0.000727904,0.00202384,0.0248882,0.937431,0.0282556,0.00261909,0.00114628,0.000517016,0.00031293,0.000564635,9.18383e-05,0.000146261,8.50355e-05,9.86411e-05,8.1634e-05,8.1634e-05,0.000132655,0.000187078,0.000244902,
0.000208013,0.000299783,0.000691337,0.00199753,0.0297305,0.935883,0.0251237,0.00279288,0.00106454,0.000581212,0.000633215,0.000183541,0.000119301,0.000113183,6.72982e-05,0.000128478,7.64753e-05,9.17703e-05,8.87113e-05,0.000125419,
0.00011387,0.000160453,0.000300202,0.000561585,0.00195649,0.0238376,0.935361,0.0317852,0.00308225,0.00104553,0.000724626,0.000320906,0.000165629,0.000121634,8.79904e-05,6.46988e-05,8.54024e-05,5.1759e-05,6.46988e-05,0.000108694,
4.53927e-05,0.000103495,0.000128915,0.000206991,0.000506583,0.00153972,0.0267581,0.926829,0.0391249,0.00279619,0.00106037,0.000314118,0.00016523,0.00011439,6.71812e-05,6.17341e-05,4.17613e-05,4.3577e-05,4.90241e-05,4.3577e-05,
3.23421e-05,4.27378e-05,5.65987e-05,7.85452e-05,0.000155935,0.00038002,0.00128675,0.030464,0.930972,0.0330479,0.00232748,0.000596019,0.000246031,9.70264e-05,5.65987e-05,3.58074e-05,3.81175e-05,2.77218e-05,2.19464e-05,3.69624e-05,
3.57061e-05,2.67796e-05,3.86817e-05,5.85184e-05,7.3396e-05,0.000158694,0.000387808,0.00156809,0.0340646,0.922737,0.0381411,0.00186862,0.000412604,0.000176547,7.14123e-05,5.75266e-05,4.2649e-05,3.6698e-05,1.68612e-05,2.67796e-05,
2.49196e-05,2.11003e-05,1.84818e-05,1.85222e-05,2.0905e-05,3.18341e-05,5.94717e-05,0.000171037,0.000960942,0.0594733,0.93208,0.00621794,0.000593043,0.000118532,4.89013e-05,2.93738e-05,2.66861e-05,2.82152e-05,2.88821e-05,2.76039e-05,
4.67569e-05,6.23426e-05,7.79282e-05,3.89641e-05,9.15656e-05,0.000111048,0.000196769,0.000356522,0.000958517,0.00373471,0.0464842,0.923574,0.0215257,0.00158194,0.000535756,0.0002708,0.000111048,9.15656e-05,7.79282e-05,7.20836e-05,
8.87415e-05,3.88244e-05,8.0422e-05,6.37829e-05,8.0422e-05,9.42878e-05,0.000163617,0.000224627,0.000518583,0.00112036,0.00356075,0.0305687,0.932326,0.0277983,0.00198004,0.000635056,0.00028841,0.000149751,0.000116473,0.000102607,
7.19332e-05,5.97599e-05,5.42266e-05,5.64399e-05,7.41465e-05,7.74665e-05,8.07865e-05,0.0001494,0.00022908,0.000392866,0.00140989,0.00141653,0.0179412,0.958459,0.0177033,0.000910785,0.000402826,0.000204733,0.000187026,0.000118413,
