0.931396,0.0238354,0.00301117,0.00136652,0.000526048,0.000411164,0.000326513,0.000326513,0.000260001,0.000163256,0.000598607,0.000175349,0.000253954,0.000260001,0.000205582,0.00045349,0.000622793,0.00124559,0.00252745,0.0320345,
0.0268217,0.950085,0.0147559,0.00153607,0.000781475,0.00043778,0.000332175,0.000236171,0.00021697,0.000207369,0.00121157,0.000165127,0.000132486,0.000105605,0.000165127,0.000182408,0.00022273,0.000403218,0.000624028,0.0013767,
0.00177003,0.0242446,0.948166,0.0181355,0.0023254,0.000880144,0.000542377,0.000409218,0.000204609,0.000155893,0.000737243,0.000181875,0.000136406,0.000133158,0.000133158,0.000204609,0.000172132,0.000250078,0.000441696,0.000776216,
0.00135228,0.00315018,0.0403441,0.927541,0.0181715,0.00268063,0.00134484,0.000865716,0.000612595,0.00039138,0.00103801,0.000224937,0.000163784,0.000165379,0.000165379,0.000186118,0.000226001,0.000305766,0.000403611,0.000666835,
0.000376371,0.000724066,0.00228332,0.0288874,0.935418,0.0255932,0.00292136,0.00109327,0.000620116,0.000347695,0.000483906,0.000154133,0.000139795,0.000111119,8.24432e-05,0.000111119,0.000129042,0.000118288,0.000186393,0.000218654,
0.00030595,0.000504331,0.00103815,0.00356517,0.0854454,0.887469,0.0153742,0.00272238,0.00117219,0.00059615,0.000588442,0.000220163,0.000148451,0.000118627,0.000102542,0.000102877,9.24886e-05,0.00011226,0.000146105,0.000174924,
0.00023861,0.000307035,0.000569331,0.00145798,0.00527574,0.0764026,0.886716,0.0201077,0.00429761,0.00194572,0.00106892,0.000436428,0.000232469,0.000171062,0.000126323,0.000108778,0.000109217,0.00011141,0.000135973,0.000180712,
6.92209e-05,6.73993e-05,0.000127512,0.00023863,0.000508227,0.00145182,0.0317724,0.928375,0.032552,0.00298561,0.000923553,0.000366142,0.000183982,8.7437e-05,7.83289e-05,5.46481e-05,3.27889e-05,2.91456e-05,5.28265e-05,4.37185e-05,
4.48221e-05,4.36728e-05,6.55092e-05,8.5047e-05,0.00015975,0.000382712,0.00126996,0.0377034,0.929464,0.0273759,0.00228248,0.000540163,0.000222961,0.000122973,5.51656e-05,5.40163e-05,3.67771e-05,2.87321e-05,3.56278e-05,2.64335e-05,
8.73689e-05,0.000109903,0.000127495,0.000188772,0.000355801,0.000663767,0.00189622,0.00850641,0.0707471,0.893892,0.0195655,0.00205653,0.000767542,0.000357382,0.000213678,0.000130658,9.94266e-05,8.24272e-05,7.90669e-05,7.33345e-05,
0.000112397,0.000116661,0.00012132,0.000125362,0.000153905,0.000230463,0.000407834,0.00122035,0.0068896,0.0594516,0.923712,0.00554086,0.000811699,0.000322328,0.000189571,0.000134876,0.000120506,0.000112151,0.000108724,0.000118042,
5.59682e-05,4.63185e-05,4.24587e-05,8.29874e-05,6.56179e-05,0.000113866,0.000179484,0.000395638,0.00100743,0.00353565,0.0566649,0.916793,0.018207,0.00176396,0.000474765,0.000225803,0.000131236,9.07072e-05,6.17581e-05,6.17581e-05,
0.000271224,0.000210495,0.00016728,0.000145907,0.00016655,0.000227697,0.00038549,0.000859128,0.002279,0.00807964,0.0208879,0.0728749,0.873116,0.0159257,0.00200079,0.000864393,0.000486254,0.000383822,0.000347123,0.000321059,
0.000270669,0.000226965,0.0001786,0.000159348,0.000156241,0.000194474,0.000283165,0.000501687,0.00108241,0.00278565,0.00570681,0.00762588,0.0428753,0.919459,0.0151019,0.0013834,0.000753982,0.000507226,0.000404484,0.000342744,
0.000291052,0.000232795,0.000189082,0.000161478,0.000157021,0.000177665,0.000228963,0.00033844,0.000612836,0.00128456,0.0029558,0.00253212,0.00342006,0.0337327,0.935819,0.015055,0.00125195,0.000723095,0.000469265,0.000366904,
0.000385855,0.00028751,0.000224627,0.000185969,0.000179681,0.000190505,0.000255553,0.000348228,0.000536156,0.00090696,0.00229297,0.00137054,0.00176423,0.00258481,0.0340811,0.93553,0.0161353,0.00147208,0.000751092,0.000516672,
0.000606988,0.000427683,0.000328132,0.000281989,0.000259771,0.000302782,0.000387236,0.00047169,0.000697993,0.0011073,0.00265226,0.00124232,0.00126411,0.00163981,0.00292243,0.0235911,0.938608,0.0202145,0.00204186,0.000952353,
0.000805272,0.000522511,0.000368532,0.000292942,0.000230587,0.000225497,0.000255783,0.000308722,0.000373876,0.000488661,0.00184826,0.000588429,0.000680053,0.000817743,0.00135451,0.00275788,0.0235351,0.945683,0.0172393,0.00162327,
0.00199484,0.00109456,0.00060177,0.000364853,0.000251132,0.000217964,0.000241656,0.000227441,0.000293778,0.000246394,0.00107087,0.000199011,0.000407498,0.000398021,0.000582817,0.0011609,0.00240708,0.0245115,0.943486,0.0202422,
0.0275284,0.00313842,0.00129024,0.00070739,0.000478235,0.000538015,0.000518088,0.000503143,0.000582849,0.00103618,0.00189301,0.000816985,0.000732298,0.000732298,0.000612739,0.000816985,0.0012454,0.00362164,0.0306768,0.922531,


0.931183,0.0241567,0.00301655,0.00132656,0.000805626,0.00038767,0.000357383,0.000284695,0.000218064,0.000224122,0.000696594,0.000230179,0.000212007,0.000242294,0.000242294,0.000520931,0.000623906,0.00120541,0.00269552,0.031371,
0.0270318,0.946167,0.015,0.00154028,0.000920988,0.000629495,0.000525259,0.000414699,0.000413068,0.000503024,0.00162861,0.000281294,0.000247025,0.000212959,0.000218467,0.00025498,0.000355136,0.000528726,0.000888554,0.00223893,
0.00219647,0.0245714,0.945885,0.0186766,0.00242472,0.00111478,0.000535886,0.000443264,0.000317562,0.000211708,0.00097915,0.000122394,0.000155473,0.000115778,0.000205092,0.000172013,0.000201784,0.000287791,0.000555734,0.000826985,
0.00105999,0.00219723,0.0284481,0.935233,0.0248733,0.00315422,0.00118873,0.000669468,0.000390523,0.000317568,0.000720965,0.000184533,0.000115869,0.000107286,0.000120161,0.000102995,0.000158784,0.000197407,0.00026607,0.000493518,
0.000243817,0.000366249,0.000757613,0.016656,0.963363,0.0143392,0.00116363,0.000559838,0.000321253,0.00023126,0.00122013,0.000121386,7.63892e-05,5.33678e-05,6.17392e-05,7.42963e-05,8.68534e-05,7.74356e-05,9.3132e-05,0.000133943,
0.000217021,0.000348549,0.000723403,0.00210773,0.0354632,0.930639,0.0238592,0.00311063,0.00126924,0.000621469,0.000595164,0.00020058,0.000144681,8.22049e-05,8.54931e-05,0.000108511,8.54931e-05,7.89167e-05,0.000111799,0.000147969,
0.000135008,0.000199916,0.000301172,0.000591959,0.00178626,0.0273833,0.935983,0.0277779,0.00304807,0.00110343,0.000659463,0.000306365,0.000215494,0.000103852,6.49078e-05,6.23114e-05,6.23114e-05,5.45225e-05,7.01004e-05,9.08709e-05,
6.00487e-05,6.18683e-05,0.000129196,0.00026385,0.000507684,0.00152305,0.0313764,0.928702,0.0327102,0.00287142,0.000906189,0.000340276,0.000172867,9.09829e-05,7.64256e-05,6.18683e-05,3.27538e-05,2.72949e-05,4.18521e-05,4.36718e-05,
3.12617e-05,5.09449e-05,7.41017e-05,7.41017e-05,0.000166729,0.000390192,0.0013373,0.036524,0.929881,0.0280741,0.00227631,0.000574288,0.00020378,0.000104206,7.64174e-05,4.63136e-05,3.5893e-05,2.43146e-05,2.54725e-05,2.8946e-05,
3.67246e-05,1.38958e-05,4.268e-05,6.84865e-05,8.73451e-05,0.00017072,0.000410919,0.00155534,0.0409559,0.92157,0.0323931,0.00181936,0.000436725,0.000164765,8.63525e-05,5.55832e-05,4.76428e-05,2.97767e-05,2.97767e-05,2.48139e-05,
5.39363e-05,5.71855e-05,6.6933e-05,7.66805e-05,8.18792e-05,0.000115021,0.000167657,0.000348311,0.00133541,0.036971,0.947317,0.0118367,0.000820741,0.000251486,0.000137115,0.000100724,7.79802e-05,6.82326e-05,5.00373e-05,6.62831e-05,
0.000206386,0.000165911,0.000133437,0.000126419,0.000149198,0.000245403,0.000533123,0.00134344,0.00502989,0.0320308,0.134738,0.801558,0.0185721,0.00289767,0.000862775,0.000382854,0.000257833,0.000251856,0.000265803,0.000249239,
5.29193e-05,4.73489e-05,6.68455e-05,8.07716e-05,6.68455e-05,0.000133691,0.000169899,0.000272952,0.000565401,0.00116701,0.00356509,0.0347485,0.93167,0.0240142,0.00196637,0.000718589,0.000261811,0.00018661,0.000144832,0.000100268,
0.000139229,0.000101875,6.79168e-05,0.000105271,7.81043e-05,0.000101875,0.000115459,0.000230917,0.00030223,0.000492397,0.00157567,0.0033483,0.0392763,0.924589,0.0259238,0.00202732,0.000740293,0.000329396,0.00022073,0.000234313,
0.00014711,8.89503e-05,8.2108e-05,9.57927e-05,8.55292e-05,8.2108e-05,9.92138e-05,0.000153952,0.000174479,0.000328432,0.000875818,0.000981875,0.00270272,0.0334727,0.930687,0.026709,0.00192954,0.000687654,0.000413961,0.000201849,
0.000267509,0.000193517,9.39127e-05,7.68377e-05,8.25294e-05,8.25294e-05,7.96835e-05,0.000122371,0.0001366,0.000204901,0.00074561,0.00047241,0.000910669,0.00230513,0.0336862,0.940365,0.0178235,0.00151683,0.000520789,0.000313042,
0.00038065,0.000204529,0.000181803,0.000142034,7.95389e-05,0.000102264,8.23796e-05,0.000107946,0.000173281,0.000153396,0.000914697,0.000303952,0.000445986,0.000789708,0.00228674,0.0234356,0.950265,0.0178366,0.0014942,0.000619267,
0.000723593,0.000413863,0.00030973,0.000216277,0.000186906,0.000258998,0.000250988,0.000258998,0.000384492,0.000472605,0.00144185,0.000509986,0.000536687,0.000595429,0.00094254,0.00212806,0.023155,0.946897,0.0184369,0.00187974,
0.00192376,0.000880716,0.000546935,0.000404334,0.000355156,0.000381016,0.000469207,0.000566815,0.000775484,0.0012136,0.00293079,0.00107444,0.000803586,0.000773392,0.00081674,0.00112855,0.00240627,0.0251526,0.937345,0.0200518,
0.0219368,0.00268098,0.00134137,0.000864834,0.000663627,0.000551846,0.00052596,0.000500662,0.000563024,0.000705398,0.00167848,0.000593029,0.000580086,0.000574791,0.000730696,0.00103427,0.00186557,0.00393705,0.0375708,0.921101,


0.930655,0.0246367,0.00313761,0.00116339,0.000728585,0.00051706,0.000311411,0.00017627,0.000252654,0.00025853,0.000622822,0.000170395,0.000170395,0.000199773,0.000270281,0.000393671,0.000640449,0.0012574,0.00289084,0.0315465,
0.0268216,0.938028,0.0213832,0.00239315,0.0010383,0.000563466,0.000459003,0.000436844,0.000493824,0.000762895,0.00168723,0.000490659,0.000357706,0.000332382,0.00032605,0.000345044,0.000379865,0.000582459,0.000924337,0.00219372,
0.00186364,0.0244021,0.947496,0.0182073,0.00234794,0.000986994,0.000588518,0.000401541,0.000251346,0.00015326,0.00118623,0.000113412,9.80864e-05,9.50212e-05,0.000113412,0.000165521,0.000190042,0.000260542,0.000364759,0.000714192,
0.000896389,0.00218064,0.0292404,0.934391,0.025086,0.00320201,0.00132304,0.000547315,0.000430956,0.000323217,0.000732626,0.000137906,0.000150835,0.000129287,7.75722e-05,0.000120668,0.000137906,0.000168073,0.000275812,0.000448195,
0.000544409,0.00101129,0.00277575,0.055961,0.915798,0.0168836,0.00238466,0.00119623,0.000649652,0.000448693,0.000731075,0.000220449,0.000171075,0.000117804,0.000125166,0.000136427,0.000135561,0.000152452,0.000241671,0.000315298,
0.000191142,0.00032626,0.000754682,0.00197733,0.0352624,0.931271,0.023873,0.00306816,0.00112378,0.000609678,0.000540471,0.000184551,0.000151596,0.000112049,6.26156e-05,8.23889e-05,6.59111e-05,0.000102162,7.90933e-05,0.000161482,
0.000107221,0.00015352,0.000289983,0.000597024,0.00181544,0.0284354,0.935775,0.0272389,0.00297293,0.00104784,0.000636013,0.000236373,0.000155957,0.000116968,5.8484e-05,7.06681e-05,5.8484e-05,7.55418e-05,7.79786e-05,8.04154e-05,
6.19161e-05,7.07613e-05,0.000152137,0.000217591,0.000521864,0.00157267,0.030859,0.927839,0.0339919,0.00279684,0.000974736,0.000344961,0.000173365,0.000107911,6.19161e-05,6.54542e-05,5.8378e-05,3.71497e-05,3.71497e-05,5.484e-05,
3.70723e-05,3.47553e-05,6.1401e-05,8.68882e-05,0.000166825,0.000398527,0.00131259,0.0357759,0.929975,0.0287009,0.0023761,0.000551451,0.000191154,0.000123961,4.98159e-05,4.28649e-05,3.82308e-05,2.08532e-05,1.85362e-05,3.70723e-05,
3.17818e-05,2.88022e-05,4.07204e-05,6.6543e-05,8.73998e-05,0.000154936,0.000383367,0.00156029,0.0399308,0.922085,0.0330242,0.001748,0.000439979,0.000147984,7.84612e-05,6.0584e-05,3.67477e-05,3.27749e-05,2.28431e-05,3.8734e-05,
4.42802e-05,5.53503e-05,5.40479e-05,6.96762e-05,8.72581e-05,0.000115259,0.000178423,0.000386801,0.00134013,0.0362824,0.947814,0.0120279,0.000795091,0.000280007,0.000136748,9.50723e-05,6.57692e-05,6.83739e-05,5.53503e-05,4.75361e-05,
5.35376e-05,4.58894e-05,3.63291e-05,6.11858e-05,8.79546e-05,0.000126196,0.000156789,0.000336522,0.000956028,0.00374381,0.05405,0.918447,0.0190498,0.0017285,0.000508607,0.000227535,0.000147228,9.75149e-05,8.22184e-05,5.73617e-05,
6.94593e-05,5.83458e-05,6.66809e-05,8.33512e-05,7.22377e-05,0.000144475,0.00013614,0.00027228,0.000522334,0.00116969,0.00372858,0.0340128,0.931199,0.025147,0.00196153,0.000644582,0.000319513,0.000177816,0.000122248,9.16863e-05,
0.000124857,0.000118108,0.000114733,8.77374e-05,9.78609e-05,9.11119e-05,0.000138355,0.000256463,0.00038132,0.000793011,0.00167038,0.00340151,0.0376629,0.925697,0.0257509,0.00208545,0.000712022,0.000374571,0.00027671,0.000165351,
0.000110332,9.99879e-05,9.65401e-05,7.93008e-05,8.27486e-05,9.65401e-05,0.000117227,0.000134467,0.000248246,0.000330995,0.000820591,0.00111021,0.0028169,0.0336649,0.929591,0.0275967,0.00181357,0.000624063,0.000348234,0.000217215,
0.000178424,0.00014727,0.000116117,8.49637e-05,0.000121781,8.77958e-05,7.64673e-05,9.62922e-05,0.000169927,0.000235066,0.00103656,0.000538103,0.000843973,0.00236765,0.0337986,0.93933,0.0183182,0.00152935,0.000625899,0.000297373,
0.000364795,0.000300591,0.000166347,0.000105061,0.000102143,0.000128408,0.000102143,9.33876e-05,0.00012549,0.000154673,0.00115859,0.000350203,0.000440673,0.000834651,0.00211289,0.0230609,0.950569,0.0176619,0.00156716,0.000601183,
0.000782099,0.000488812,0.000307594,0.00017168,0.000157374,0.000147836,0.000236061,0.000236061,0.000290903,0.000414894,0.0015332,0.000493581,0.000443508,0.000639033,0.000863171,0.00222946,0.0233175,0.94635,0.0189778,0.00191948,
0.00224677,0.00105398,0.00052956,0.000354754,0.000231361,0.000221079,0.000200513,0.000174806,0.000164524,0.000143958,0.00105912,0.000282775,0.000365037,0.000375319,0.000637529,0.00115681,0.00282261,0.0250076,0.94034,0.0226323,
0.0276522,0.00344808,0.0011735,0.000680923,0.000478095,0.000405656,0.000497412,0.000468436,0.000849946,0.00107692,0.0020814,0.000801654,0.000748532,0.00070024,0.000584338,0.000835458,0.00148258,0.00359295,0.030289,0.922153,


0.931478,0.0243491,0.00348191,0.00134666,0.000564142,0.00046102,0.000285104,0.00023051,0.000206246,0.000218378,0.000679397,0.000157717,0.000157717,0.000139519,0.000218378,0.000285104,0.000636935,0.0013406,0.00277825,0.0309854,
0.0269229,0.952622,0.013371,0.00111579,0.000645535,0.000480232,0.00031778,0.000186678,0.000136802,0.000161027,0.00125829,9.69014e-05,9.83265e-05,0.000125402,0.000136802,0.000148202,0.000215178,0.000374781,0.000481657,0.00110439,
0.00182421,0.0246465,0.951832,0.0140752,0.00147013,0.000841036,0.000554429,0.000399301,0.000274548,0.000249041,0.00138874,0.000167419,0.00012568,0.000130781,0.000151883,0.000154201,0.000210317,0.000293562,0.000451706,0.000759181,
0.00105293,0.00219397,0.0282132,0.935199,0.0250852,0.0031676,0.0012644,0.000643211,0.0003965,0.000330417,0.000726917,0.000154195,0.000127761,0.000101328,0.000114545,0.000171817,0.000163006,0.000171817,0.00027755,0.000444961,
0.000362759,0.000689601,0.00199338,0.0274475,0.935138,0.0274763,0.00307806,0.00115652,0.000675234,0.000330434,0.000538751,0.00015085,0.000114933,0.000118525,6.82417e-05,7.18334e-05,8.62001e-05,0.00010775,0.000201134,0.00019395,
0.000151254,0.000325525,0.000749694,0.00201563,0.0339927,0.931824,0.0245065,0.00291,0.00131525,0.000581999,0.000535966,0.000223593,0.00014139,0.000108508,0.000115085,9.8644e-05,9.53558e-05,9.53558e-05,0.000115085,9.8644e-05,
0.000145389,0.000142793,0.000298566,0.000615306,0.0018589,0.0264841,0.935691,0.029044,0.00304278,0.00108522,0.000620499,0.000257027,0.000132408,0.000135004,5.7117e-05,8.30793e-05,6.49057e-05,4.93284e-05,8.56756e-05,0.000106445,
6.37222e-05,6.71667e-05,0.000137778,0.000273833,0.000504611,0.00157583,0.0307313,0.927832,0.0340535,0.00280206,0.00105056,0.000313445,0.000153278,0.000118833,8.09445e-05,5.16667e-05,3.44445e-05,4.65e-05,5.16667e-05,5.68333e-05,
4.27767e-05,4.04645e-05,4.39329e-05,8.90219e-05,0.000161858,0.000397708,0.00127174,0.0348272,0.930544,0.0291761,0.00228682,0.000568815,0.000219664,9.13341e-05,5.78064e-05,4.16206e-05,2.77471e-05,4.04645e-05,2.89032e-05,4.16206e-05,
3.77351e-05,4.66724e-05,2.97909e-05,6.45469e-05,8.93726e-05,0.000180731,0.00036047,0.00162757,0.0387937,0.922609,0.0335922,0.00174773,0.000364442,0.000168815,8.44075e-05,5.66027e-05,3.77351e-05,3.87281e-05,3.4756e-05,3.4756e-05,
7.40651e-05,5.7173e-05,6.95172e-05,7.14663e-05,7.86129e-05,0.000121493,0.000178016,0.000379421,0.00133512,0.0350965,0.94853,0.0124234,0.000813416,0.000263776,0.000128639,8.83583e-05,8.31608e-05,8.51099e-05,6.04215e-05,6.23706e-05,
5.25052e-05,4.08374e-05,5.83391e-05,5.05605e-05,7.00069e-05,0.000110844,0.000182796,0.000381149,0.000997598,0.00371037,0.0527677,0.919562,0.0191294,0.00171906,0.00050755,0.000235301,0.000182796,0.00010501,8.36194e-05,5.25052e-05,
7.2275e-05,8.61741e-05,6.11558e-05,7.2275e-05,8.89539e-05,0.000102853,0.000161229,0.00028354,0.000564301,0.00119254,0.00346642,0.033177,0.93172,0.0255715,0.0020932,0.000628237,0.00029188,0.000180688,9.17337e-05,9.45135e-05,
0.000112086,7.81205e-05,0.000118879,0.000118879,6.11378e-05,0.000122276,0.000183413,0.000207189,0.000281913,0.000489102,0.00138579,0.00332522,0.0382043,0.925055,0.0267783,0.00204812,0.00073705,0.000312482,0.000244551,0.000135862,
0.000173096,6.57765e-05,8.30861e-05,5.19288e-05,6.92384e-05,6.57765e-05,8.30861e-05,0.000176558,0.000221563,0.000294263,0.000692384,0.000969338,0.00259298,0.0323205,0.930537,0.0285539,0.00178981,0.000657765,0.000422354,0.00018002,
0.000139906,0.000161196,8.21185e-05,7.90771e-05,7.29943e-05,0.000121657,7.29943e-05,0.000115574,0.000179444,0.000258521,0.000717777,0.000410593,0.000924594,0.00244531,0.033407,0.939086,0.0191549,0.00164541,0.000577871,0.000346723,
0.000385246,0.000285925,0.000198643,9.33018e-05,9.93213e-05,8.42726e-05,7.22337e-05,0.000102331,0.000126409,0.000195633,0.00113768,0.000367188,0.000511655,0.000815639,0.00201953,0.0235391,0.949169,0.0187206,0.00138448,0.000692239,
0.000939419,0.00049835,0.00034369,0.000283544,0.000206214,0.000246311,0.000246311,0.000300729,0.000363738,0.000658739,0.00174136,0.000641554,0.000601457,0.000653011,0.0011485,0.00239724,0.0232649,0.944563,0.0190433,0.00185879,
0.0021788,0.0010056,0.000488433,0.000272948,0.000181965,0.000258582,0.000143657,0.00013408,0.000191542,0.000177177,0.00107743,0.000205908,0.000301679,0.000440548,0.000679976,0.00106785,0.00286835,0.0244265,0.942992,0.0209069,
0.0138301,0.000897569,0.000463844,0.000297755,0.000258169,0.0001833,0.000141993,0.000169531,0.000165228,0.000240097,0.00163249,0.000203093,0.000202233,0.000196209,0.000320991,0.000324433,0.000467287,0.000950924,0.0140065,0.965048,


0.915494,0.0194361,0.00254835,0.00127299,0.000839599,0.000648513,0.000508251,0.000488945,0.000524011,0.000624479,0.00128915,0.000401479,0.000360898,0.00035026,0.000420785,0.00056735,0.000833689,0.0013577,0.00363459,0.0483989,
0.0269189,0.941996,0.0188087,0.0020033,0.000943171,0.000495227,0.000465364,0.000418081,0.000430524,0.000582327,0.00171712,0.000343424,0.000281209,0.000316049,0.000216506,0.000271255,0.00038573,0.000512647,0.000861048,0.00203317,
0.00135212,0.0245056,0.951594,0.0160988,0.00170625,0.000686793,0.000435684,0.000266132,0.000240377,0.00013092,0.00109458,0.000103019,6.6533e-05,7.08255e-05,0.000107311,0.000115896,0.000182429,0.000279009,0.000328373,0.000635283,
0.000829406,0.00219112,0.0268505,0.936647,0.0249895,0.00310305,0.00141536,0.000627213,0.000416766,0.000239331,0.000812901,0.00016093,0.000169182,0.000173309,0.000140298,0.00010316,0.000189814,0.000193941,0.00026409,0.000482789,
0.000377425,0.000862686,0.00195542,0.0270488,0.93555,0.0275628,0.00295829,0.0011143,0.000611069,0.000359452,0.000514017,0.000176132,0.000122214,0.00011143,7.90795e-05,0.00011143,6.11069e-05,0.000100647,0.000143781,0.000179726,
0.000207714,0.000352785,0.000636332,0.00209033,0.0330629,0.932592,0.0243916,0.00318825,0.0012331,0.000534123,0.000639629,0.000207714,0.00016815,9.89116e-05,0.0001121,8.57234e-05,5.9347e-05,0.000108803,0.000121991,0.000108803,
9.87824e-05,0.000171569,0.000340539,0.000608291,0.00186647,0.025647,0.93569,0.0298843,0.00301026,0.00104761,0.000660282,0.000252155,0.000153373,0.000119579,5.45903e-05,7.79861e-05,5.19907e-05,8.05856e-05,0.000101382,8.31852e-05,
8.05257e-05,8.76835e-05,0.000114525,0.000270208,0.000502838,0.00148525,0.0297319,0.927627,0.0353991,0.00283629,0.000941256,0.000345366,0.000202209,9.48413e-05,5.90522e-05,3.04208e-05,4.47365e-05,5.72627e-05,4.11576e-05,4.83154e-05,
3.7059e-05,3.47429e-05,5.44305e-05,9.728e-05,0.00017024,0.000367116,0.00130981,0.0339611,0.930458,0.0300109,0.0023602,0.000566308,0.00019456,0.000116968,6.1379e-05,5.09562e-05,5.21143e-05,2.20038e-05,3.82171e-05,3.7059e-05,
2.18531e-05,3.57597e-05,4.56929e-05,6.85393e-05,8.34392e-05,0.000180785,0.000399316,0.00155555,0.0378218,0.922529,0.0345587,0.00185553,0.000374483,0.000188732,8.24459e-05,5.76128e-05,3.9733e-05,3.57597e-05,2.48331e-05,4.07263e-05,
5.26994e-05,5.40007e-05,5.53019e-05,6.83141e-05,8.32781e-05,0.000126218,0.000178918,0.000347426,0.00134937,0.0341109,0.949539,0.0124937,0.00076772,0.000285618,0.000122315,0.00010605,7.61214e-05,7.61214e-05,5.20488e-05,5.46513e-05,
3.52393e-05,3.7197e-05,6.46053e-05,7.63517e-05,6.06898e-05,0.000111591,0.000172281,0.000385674,0.000972995,0.0036179,0.0524458,0.919772,0.0194403,0.00172085,0.000507054,0.000195774,0.000148788,9.59291e-05,8.22249e-05,5.67744e-05,
7.76619e-05,7.48883e-05,8.32092e-05,5.82464e-05,8.04356e-05,0.000105398,0.000166418,0.000257949,0.000490934,0.00125369,0.00370558,0.0330285,0.931455,0.0258697,0.00185834,0.000701731,0.000363347,0.000166418,0.000113719,8.87565e-05,
0.000128995,9.50493e-05,9.84439e-05,7.46816e-05,8.48654e-05,0.000128995,0.000135785,0.000186704,0.000329278,0.00058048,0.00143592,0.00319434,0.036577,0.925641,0.0277849,0.00211485,0.000692502,0.000376803,0.000200282,0.000139179,
0.000152283,6.57587e-05,6.22977e-05,6.22977e-05,7.26807e-05,8.30637e-05,0.000110752,0.00017651,0.000231886,0.000263035,0.00080641,0.00104868,0.00267188,0.0325575,0.929316,0.0290169,0.00199007,0.000709502,0.000335716,0.000266496,
0.00022679,0.000124268,7.76677e-05,8.38811e-05,9.94147e-05,8.69879e-05,9.32013e-05,0.000105628,0.000164656,0.00025475,0.000608915,0.000506394,0.000984827,0.00247605,0.033829,0.938003,0.0195226,0.00170248,0.000643089,0.000406979,
0.000341054,0.000265629,0.000177086,9.51016e-05,0.000121337,0.000127895,9.8381e-05,9.8381e-05,0.000147571,0.000137733,0.0010166,0.000386965,0.000478787,0.00101988,0.00228572,0.0232999,0.947655,0.0197746,0.00172167,0.000750975,
0.000910934,0.000487672,0.000282175,0.000294443,0.000205497,0.000217765,0.000208564,0.000248437,0.000432464,0.000677833,0.00172065,0.000545947,0.000567417,0.000696236,0.000953874,0.0024813,0.0233929,0.941234,0.0223225,0.00211938,
0.00237378,0.00107434,0.000552517,0.000419504,0.000230216,0.000189288,0.000138129,0.00011255,0.000184172,0.000163709,0.000992485,0.00028649,0.000373461,0.000465547,0.000639488,0.00117666,0.00273189,0.0248735,0.9415,0.0215226,
0.0266934,0.00326411,0.00133341,0.00074452,0.000504759,0.000471109,0.000555235,0.000563648,0.000576267,0.000900154,0.00203166,0.000874916,0.000660394,0.000559442,0.000647775,0.000778171,0.00133341,0.00343236,0.036839,0.917236,


0.931922,0.0253572,0.00291322,0.00139592,0.000746513,0.000479468,0.000267045,0.000212422,0.000212422,0.000194215,0.000710098,0.000182076,0.000194215,0.000188146,0.000273115,0.000406637,0.000576575,0.0012017,0.00268866,0.0298787,
0.0269569,0.943477,0.0181678,0.0018,0.000890932,0.000573552,0.000414862,0.000414862,0.000428464,0.000598489,0.00167758,0.000369521,0.000238035,0.000240302,0.000256171,0.000208564,0.000301511,0.000485139,0.000668766,0.00183174,
0.00216768,0.0244864,0.942971,0.0215896,0.00268285,0.00121659,0.000634055,0.000368545,0.000305139,0.000237771,0.000852012,0.000194179,0.0001387,0.000126811,0.000122848,0.000198142,0.000198142,0.000257585,0.00040421,0.000848049,
0.00105703,0.00256169,0.0373006,0.925711,0.025395,0.00294162,0.00113978,0.000722239,0.000447638,0.000263316,0.000530394,0.000154228,0.000131658,0.00013542,0.000127896,0.000154228,0.000150466,0.000240746,0.000334788,0.000500301,
0.000377009,0.000707341,0.00205739,0.0268215,0.9349,0.0283618,0.0030807,0.00124592,0.000567309,0.000294426,0.000563718,0.000136441,0.000114898,9.33546e-05,6.82207e-05,8.61735e-05,7.18112e-05,0.000136441,0.000104126,0.000211843,
0.000212992,0.000403046,0.000691404,0.00202506,0.0323846,0.932645,0.0251756,0.00303759,0.00121569,0.000616038,0.000586547,0.000190054,0.000144179,0.000154009,9.50271e-05,8.51967e-05,7.86431e-05,6.22592e-05,8.84735e-05,0.000108134,
9.62311e-05,0.000182059,0.000280891,0.000603395,0.00164373,0.025907,0.935049,0.0305703,0.00299097,0.00109235,0.000689223,0.000234076,0.000174256,8.84286e-05,7.02227e-05,5.46177e-05,3.90126e-05,7.02227e-05,7.80252e-05,8.58278e-05,
3.9985e-05,7.81524e-05,0.000147217,0.000252632,0.000568877,0.00153942,0.0284547,0.927678,0.0363154,0.00294253,0.0010487,0.00032715,0.000179932,0.000125407,6.54299e-05,5.99774e-05,2.36275e-05,3.2715e-05,5.81599e-05,6.17949e-05,
3.01381e-05,3.70931e-05,4.52072e-05,0.000105484,0.00020633,0.000410342,0.00136085,0.0332157,0.930251,0.0308452,0.00237744,0.000581898,0.000219081,0.000106643,6.49129e-05,3.94114e-05,3.94114e-05,2.78198e-05,1.85466e-05,1.73874e-05,
3.57122e-05,3.07522e-05,4.36482e-05,6.34883e-05,9.22565e-05,0.000155745,0.000403746,0.00157431,0.0367131,0.922872,0.0353283,0.00184811,0.000396802,0.000177569,8.13444e-05,5.15843e-05,4.76163e-05,3.17442e-05,3.17442e-05,2.08321e-05,
5.79156e-05,5.14082e-05,6.50737e-05,6.89781e-05,7.61362e-05,0.000112578,0.000184809,0.00033578,0.00133206,0.0329774,0.950355,0.012744,0.000871337,0.000272008,0.000138607,8.85002e-05,7.87392e-05,7.28825e-05,5.79156e-05,5.85663e-05,
5.29303e-05,6.46926e-05,5.48907e-05,5.6851e-05,7.64548e-05,0.000111742,0.000197998,0.000431284,0.000960587,0.00369532,0.0506974,0.920889,0.0199214,0.0016232,0.000543025,0.000225444,0.00015683,0.000107821,6.46926e-05,6.86133e-05,
7.22811e-05,6.9501e-05,6.9501e-05,8.06212e-05,7.78411e-05,0.000125102,0.000172363,0.000289124,0.000503187,0.00124268,0.00366131,0.0319399,0.931608,0.0268163,0.00190155,0.000644969,0.000314145,0.000166802,0.000125102,0.000119542,
0.00013171,7.4298e-05,0.000128333,8.44295e-05,6.07892e-05,0.000121578,0.00013171,0.000189122,0.000374867,0.000645041,0.00166833,0.00369801,0.0365006,0.924534,0.0280542,0.00213438,0.000746357,0.00037149,0.000229648,0.000121578,
0.000103031,7.30901e-05,5.45974e-05,2.90599e-05,5.81198e-05,7.22095e-05,7.66125e-05,7.13289e-05,0.000127687,0.000211345,0.00121611,0.000492257,0.00101622,0.0155127,0.963239,0.0163026,0.00064196,0.000334629,0.000228076,0.000139135,
0.000198622,0.000116651,0.000119804,7.25129e-05,8.19711e-05,8.82766e-05,0.00010404,0.000126109,0.000148179,0.000182859,0.000867002,0.000428772,0.000867002,0.00249697,0.0334442,0.938222,0.0198685,0.00166149,0.000614783,0.000290052,
0.000393952,0.000274773,0.000198631,0.000145663,0.000115868,9.26947e-05,7.94526e-05,8.93841e-05,0.000112558,0.000158905,0.00112889,0.000321121,0.000417126,0.00095012,0.00242661,0.0234484,0.947429,0.0198929,0.00158574,0.000738247,
0.000895174,0.000404894,0.000311245,0.000253403,0.000192807,0.000187298,0.00024514,0.000391122,0.00042142,0.000548122,0.00174628,0.000605964,0.000495789,0.000738174,0.00111552,0.00255607,0.0232828,0.943596,0.0200767,0.00193633,
0.00230632,0.00100901,0.00057658,0.000344918,0.000221365,0.000190477,0.000195625,0.000164737,0.000102961,0.000257402,0.000936942,0.000216217,0.000319178,0.000483915,0.000736169,0.00113257,0.00282112,0.0247775,0.940818,0.0223888,
0.0273533,0.00287248,0.00138017,0.000556382,0.000465808,0.000422678,0.000431304,0.000422678,0.000586574,0.000789286,0.00177266,0.000556382,0.000461495,0.000565008,0.000508939,0.000754782,0.00121628,0.00288542,0.0277285,0.92827,


0.930979,0.0260215,0.00312767,0.00143655,0.000757672,0.000448542,0.00030913,0.000266701,0.000242455,0.000230332,0.000581892,0.000242455,0.000193964,0.000181841,0.000284885,0.000345499,0.000606138,0.00121228,0.00281854,0.0297129,
0.0267642,0.941004,0.0193593,0.00215452,0.000975288,0.000703358,0.000436657,0.000358216,0.000481107,0.000606614,0.00168126,0.000486337,0.000305922,0.000300692,0.000256242,0.000264086,0.000355601,0.00054909,0.000818405,0.00213884,
0.00146987,0.0244829,0.95029,0.0165643,0.00184125,0.000928433,0.000499792,0.000296751,0.000213453,0.000170068,0.00110197,0.000130154,0.000121477,0.000124948,0.000126683,0.000156185,0.000185687,0.00028981,0.000393933,0.000612592,
0.000805231,0.00219575,0.0277246,0.936003,0.0253648,0.00282576,0.00123394,0.000671026,0.000458534,0.000298234,0.000808959,0.000115566,0.000126749,0.000100654,0.000100654,0.000130477,0.000126749,0.00017894,0.000320601,0.000410071,
0.000344592,0.000789691,0.00208909,0.0258696,0.935522,0.0288417,0.00285366,0.00110198,0.000696364,0.000315876,0.000466636,0.000190244,8.61481e-05,6.82006e-05,7.17901e-05,0.000104096,0.000111275,8.97376e-05,0.000125633,0.000262034,
0.000182551,0.000294643,0.000736608,0.00198884,0.0315524,0.933641,0.0251856,0.00307454,0.00122982,0.000531639,0.000624516,0.000214577,0.000118498,9.9282e-05,8.64714e-05,5.12423e-05,8.00661e-05,8.00661e-05,8.64714e-05,0.000140916,
0.000108107,0.000175373,0.000307504,0.00062702,0.00173692,0.026085,0.934831,0.030354,0.00305101,0.00106425,0.000651043,0.000290687,0.000156154,0.0001009,7.6876e-05,8.16807e-05,5.04498e-05,7.20712e-05,7.44736e-05,0.000105704,
8.93079e-05,0.000120531,0.000182519,0.000326238,0.000793211,0.00262919,0.0701111,0.901877,0.0179619,0.00324906,0.00136487,0.000459626,0.000238996,0.000146704,8.816e-05,7.53033e-05,6.54313e-05,6.63496e-05,7.41554e-05,8.05838e-05,
3.86189e-05,4.87334e-05,4.68944e-05,0.000100225,0.000169188,0.000415613,0.00146292,0.0344435,0.931155,0.0287159,0.00223162,0.00056825,0.000235392,0.000125052,6.52844e-05,4.04579e-05,4.59749e-05,2.9424e-05,2.85045e-05,3.3102e-05,
3.0777e-05,2.77986e-05,4.07051e-05,5.36116e-05,0.000105238,0.000166792,0.000372303,0.00152495,0.0357083,0.922595,0.0366644,0.00183173,0.00046662,0.000148921,8.24031e-05,5.06332e-05,3.47483e-05,3.37555e-05,2.38274e-05,3.77267e-05,
5.26257e-05,4.93772e-05,5.32754e-05,7.08173e-05,9.2907e-05,0.000111748,0.000161775,0.000354736,0.00132279,0.0320945,0.950934,0.0131044,0.00084266,0.00025858,0.000135138,0.000102653,7.79639e-05,7.1467e-05,6.04221e-05,4.80778e-05,
4.90401e-05,4.70785e-05,6.86561e-05,6.27713e-05,5.10017e-05,0.000131427,0.000166736,0.000347204,0.000925877,0.00379963,0.0493245,0.92206,0.0201731,0.00164775,0.000551211,0.000229508,0.000137312,9.4157e-05,6.27713e-05,7.06177e-05,
0.000100333,8.36106e-05,5.01664e-05,6.13145e-05,5.85275e-05,0.000105907,0.000139351,0.000270341,0.000529534,0.0012235,0.00366215,0.0314125,0.931935,0.0270759,0.00193419,0.000593636,0.000359526,0.000192304,0.000125416,8.63977e-05,
0.000122687,9.20154e-05,8.17915e-05,6.13436e-05,8.17915e-05,9.20154e-05,9.20154e-05,0.000224927,0.000340798,0.000620252,0.00154041,0.00323758,0.0356134,0.925423,0.0287736,0.00218451,0.000736124,0.000361246,0.000173807,0.000146543,
0.000110655,7.26176e-05,9.68235e-05,8.99075e-05,6.91596e-05,7.26176e-05,8.64496e-05,0.000110655,0.000231685,0.000331966,0.00075384,0.00105123,0.00273872,0.0307,0.929468,0.030783,0.00204367,0.000681222,0.000314676,0.000193647,
0.000224528,0.000112264,0.000122169,0.00010566,9.90563e-05,8.91507e-05,8.25469e-05,0.000132075,0.00015849,0.000237735,0.0007033,0.000538206,0.000921224,0.00274056,0.0340622,0.936109,0.0207325,0.00183584,0.000647168,0.000346697,
0.000470474,0.000253332,0.000148051,0.000111861,0.000128311,0.000131601,0.000121731,0.000141471,0.000125021,0.000154631,0.000924497,0.000414543,0.000529694,0.000970558,0.00232605,0.0234908,0.947162,0.0200922,0.0016154,0.000687615,
0.00100648,0.000596196,0.000384643,0.000230786,0.000169884,0.000173089,0.000246812,0.000355794,0.000397464,0.000669919,0.0017373,0.000599401,0.000605812,0.00072441,0.00103212,0.00256749,0.0235145,0.940977,0.0219471,0.00206425,
0.0022174,0.00115478,0.000650583,0.000439143,0.000271076,0.000189753,0.00024939,0.000135538,0.00017891,0.000222282,0.000916237,0.000281919,0.000422879,0.000417457,0.000607211,0.00121984,0.00281377,0.0248468,0.939149,0.0236162,
0.0274968,0.00280006,0.00119047,0.000815941,0.000401282,0.000401282,0.000454787,0.000485997,0.000610841,0.00104333,0.00206437,0.000700015,0.000575171,0.000526126,0.000575171,0.000757978,0.00126181,0.0031523,0.0275369,0.927149,


0.93187,0.0258285,0.0032777,0.00119739,0.000743832,0.000441461,0.000260039,0.000223754,0.000181422,0.000241896,0.000604741,0.000169328,0.000193517,0.000223754,0.000284228,0.00037494,0.000725689,0.00114296,0.00283624,0.0291788,
0.0266974,0.935907,0.0221109,0.00240195,0.0011815,0.000733569,0.000555045,0.000558291,0.000584258,0.000938059,0.00207736,0.000499865,0.000399243,0.000298621,0.0002759,0.000298621,0.000431702,0.00064593,0.000980255,0.00242467,
0.00187459,0.0245537,0.942612,0.0220372,0.00268079,0.00107623,0.000614428,0.000399183,0.000281776,0.000262208,0.000986216,0.000148715,9.78389e-05,0.000148715,0.000164369,0.000148715,0.000183937,0.00035222,0.000481368,0.000896205,
0.000853452,0.00206933,0.0250151,0.938766,0.0255256,0.00292278,0.00104441,0.000689776,0.000303969,0.00031566,0.000787202,0.000151985,9.7426e-05,0.000132499,0.000124705,0.000128602,0.000124705,0.000214337,0.000327351,0.000405292,
0.000365835,0.000735058,0.00180885,0.0252257,0.937249,0.0282675,0.00263875,0.00111444,0.000586014,0.000335349,0.00055214,0.000152431,9.48461e-05,9.14588e-05,7.4522e-05,8.80714e-05,0.000111783,0.000111783,0.000118558,0.000277764,
0.000202008,0.000361166,0.000645813,0.00205987,0.029888,0.935455,0.0249694,0.00299033,0.00113553,0.000572356,0.000707027,0.000266283,0.00012855,0.000116308,7.34574e-05,7.03967e-05,8.57003e-05,7.65181e-05,9.18217e-05,0.000104065,
0.000116862,0.000173995,0.000332408,0.000623265,0.00173735,0.0248267,0.935271,0.0314879,0.00282547,0.00099203,0.000641443,0.000238918,0.00019477,0.000137638,7.53112e-05,7.01173e-05,5.71326e-05,6.23265e-05,6.75204e-05,6.75204e-05,
6.98863e-05,8.243e-05,0.000139773,0.000252666,0.000507124,0.00149091,0.0272127,0.927046,0.0383712,0.00295673,0.000913898,0.000340472,0.000195323,0.000109309,7.34702e-05,5.19668e-05,4.47989e-05,4.83828e-05,5.01748e-05,4.3007e-05,
3.80153e-05,5.32215e-05,4.9963e-05,9.9926e-05,0.000158578,0.000371464,0.00125559,0.0322663,0.931585,0.0307392,0.00227006,0.000568058,0.000205283,0.000104271,6.51692e-05,4.23599e-05,4.01876e-05,1.95507e-05,3.47569e-05,3.25846e-05,
2.07456e-05,1.61355e-05,2.56851e-05,3.21612e-05,5.9383e-05,0.000114815,0.000301306,0.00130807,0.0706182,0.91618,0.0100779,0.000816983,0.000199773,8.73732e-05,4.3028e-05,2.79902e-05,2.20628e-05,1.72332e-05,1.45988e-05,1.70136e-05,
5.14155e-05,5.79238e-05,5.98763e-05,6.76862e-05,8.59094e-05,0.000118451,0.000160104,0.000368369,0.00131923,0.0312242,0.951413,0.0134865,0.000822648,0.000279856,0.000145135,9.56719e-05,6.96387e-05,5.98763e-05,6.31304e-05,5.14155e-05,
1.28408e-05,1.34829e-05,1.25198e-05,1.52806e-05,1.81698e-05,2.8635e-05,4.61627e-05,9.37379e-05,0.000299127,0.00128286,0.071256,0.919359,0.0065352,0.000683838,0.00017746,7.51188e-05,3.55691e-05,2.29209e-05,1.91328e-05,1.34187e-05,
7.22146e-05,8.05471e-05,6.11047e-05,6.66596e-05,8.88795e-05,0.000133319,0.000169427,0.000236086,0.000541609,0.0011721,0.00359962,0.0313356,0.931707,0.0273749,0.00196368,0.000661041,0.000297191,0.000174982,0.000161094,0.000102767,
0.000127846,0.000104296,0.000127846,9.75669e-05,0.000100931,0.000158126,0.000178312,0.000205227,0.000359988,0.000793993,0.00154761,0.00367726,0.0343334,0.925657,0.0291759,0.00192442,0.000693061,0.000343166,0.000235506,0.000158126,
0.00014497,0.000113905,0.000117357,8.97434e-05,6.90334e-05,0.000107002,8.97434e-05,0.000117357,0.000214003,0.000334812,0.000845659,0.00111144,0.00273372,0.0305749,0.928934,0.0312583,0.00193984,0.000648914,0.000341715,0.000214003,
0.000136044,7.94212e-05,7.00775e-05,6.76481e-05,6.80219e-05,6.44713e-05,6.69006e-05,8.87648e-05,0.000109134,0.000171363,0.000707876,0.000343286,0.000588838,0.0016998,0.034064,0.946766,0.0133771,0.000917735,0.000375989,0.000237329,
0.000376746,0.000193464,0.000118794,0.000125582,0.000139159,0.000145947,0.000118794,0.000108612,0.000145947,0.000240982,0.000977504,0.000386929,0.000475175,0.000872286,0.00260328,0.0234363,0.945806,0.0212675,0.001731,0.000729734,
0.000600947,0.000356007,0.000308407,0.000211224,0.000202299,0.000194366,0.000223124,0.000330223,0.00037584,0.000489881,0.00172153,0.000602931,0.000565247,0.000678297,0.00082903,0.00198035,0.0234677,0.947094,0.0182168,0.00155195,
0.00215833,0.00113956,0.000619667,0.000414861,0.000262571,0.000199554,0.000178548,0.000183799,0.000105028,0.000210056,0.000903243,0.000189051,0.000320336,0.000388604,0.000677432,0.00117106,0.00275699,0.0250125,0.940087,0.0230222,
0.027646,0.00312759,0.00123563,0.000748773,0.000489938,0.000419066,0.000493019,0.000554647,0.000677901,0.000992201,0.00201213,0.000890516,0.000677901,0.000644006,0.000610111,0.000758017,0.00115859,0.00334329,0.0352971,0.918224,


0.932063,0.0267757,0.00325568,0.00140573,0.000693735,0.000511173,0.000322526,0.000255586,0.000200818,0.000231245,0.000651137,0.00015822,0.000261672,0.000212989,0.000328611,0.000377294,0.000614624,0.0010832,0.00279319,0.0278041,
0.0270438,0.935248,0.0231399,0.00245433,0.00118269,0.000836779,0.00060617,0.000527105,0.000507338,0.00085984,0.00138365,0.000467805,0.00038874,0.000312968,0.000303085,0.000312968,0.000438156,0.000424978,0.0008829,0.00267835,
0.0019567,0.0239437,0.94414,0.0214088,0.00257702,0.00113726,0.000582032,0.000405891,0.000245066,0.00022592,0.000800294,0.000176141,0.000126362,6.50957e-05,9.5729e-05,0.000145508,0.000206775,0.000340795,0.000528424,0.000892194,
0.000873409,0.00212656,0.0249643,0.938922,0.0252035,0.00288984,0.00121138,0.000622778,0.000387338,0.000292402,0.000736701,0.000231643,0.00011772,9.11383e-05,0.00013291,0.000140505,0.000174682,0.000227846,0.000258225,0.000394933,
0.000365689,0.000731379,0.00203351,0.0246823,0.937529,0.0283461,0.0026316,0.00115175,0.000519484,0.000314425,0.000550243,9.22768e-05,0.000140124,8.20238e-05,9.91121e-05,8.20238e-05,8.20238e-05,0.000133289,0.000187971,0.000246071,
0.00020908,0.000301322,0.000694884,0.00200779,0.0296463,0.935945,0.0251081,0.00280413,0.00107,0.000578045,0.000636465,0.000184483,0.000119914,0.000113764,6.76436e-05,0.000129138,7.68677e-05,9.22413e-05,8.91666e-05,0.000126063,
0.000114451,0.000163873,0.000301734,0.000564452,0.00196648,0.0236445,0.935431,0.0318746,0.00309538,0.00105087,0.000720521,0.000322544,0.000166474,0.000122254,8.84394e-05,6.5029e-05,8.32371e-05,5.20232e-05,6.5029e-05,0.000106648,
4.55329e-05,0.000103815,0.000127492,0.00020763,0.000506326,0.00154448,0.0266896,0.926823,0.0391857,0.00280301,0.00106183,0.000315088,0.00016574,0.000114743,6.73888e-05,6.19248e-05,4.18903e-05,4.37116e-05,4.73543e-05,4.37116e-05,
3.24152e-05,4.28344e-05,5.67267e-05,7.87227e-05,0.000156288,0.000379721,0.00128851,0.0304391,0.930962,0.0330751,0.00233042,0.000597367,0.000246587,9.72457e-05,5.5569e-05,3.58883e-05,3.82037e-05,2.77845e-05,2.19961e-05,3.7046e-05,
3.57715e-05,2.68286e-05,3.87524e-05,5.86254e-05,7.25366e-05,0.000157991,0.000387524,0.00156798,0.0340266,0.922733,0.0381801,0.00187204,0.000413359,0.00017687,7.15429e-05,5.76318e-05,4.2727e-05,3.67651e-05,1.68921e-05,2.68286e-05,
2.49184e-05,2.10991e-05,1.84804e-05,1.85192e-05,2.0902e-05,3.18263e-05,5.94711e-05,0.000171042,0.000961061,0.059475,0.932078,0.00621807,0.000593053,0.00011853,4.88837e-05,2.9371e-05,2.66833e-05,2.82141e-05,2.88809e-05,2.76044e-05,
4.70179e-05,6.26905e-05,7.64041e-05,3.91816e-05,9.20767e-05,0.000109708,0.000197867,0.000358511,0.000959949,0.00375164,0.0464791,0.923545,0.0215283,0.00158685,0.000538747,0.000272312,0.000111667,9.20767e-05,7.83631e-05,7.24859e-05,
8.63188e-05,3.89827e-05,8.07498e-05,6.40429e-05,8.07498e-05,9.74567e-05,0.000164284,0.000225543,0.000517913,0.00111936,0.00356134,0.0305039,0.932323,0.0278587,0.00198533,0.000634861,0.000289585,0.000150362,0.000116948,0.000100241,
7.22079e-05,5.99881e-05,5.44337e-05,5.66555e-05,7.44297e-05,7.77624e-05,7.99842e-05,0.000147749,0.000228844,0.000391034,0.00140194,0.00141416,0.0179187,0.958545,0.0176498,0.000914264,0.000401032,0.000205515,0.000187741,0.000118865,
