0.931165,0.0236942,0.00299858,0.00136408,0.000522799,0.000414634,0.000324496,0.000324496,0.000258395,0.000162248,0.000630964,0.000174266,0.000264404,0.000258395,0.000204312,0.000450689,0.000618946,0.00124991,0.00250583,0.0324135,
0.0270623,0.949886,0.0147191,0.00153165,0.000779226,0.00043652,0.000333134,0.000237406,0.000216345,0.000210602,0.00121766,0.000164652,0.000132105,0.000105301,0.000164652,0.000181883,0.000222089,0.000402058,0.000622232,0.00137465,
0.00176158,0.0247688,0.947718,0.0180619,0.00232076,0.000875943,0.000539788,0.000407265,0.000206865,0.000158381,0.000749884,0.000184239,0.000135755,0.000135755,0.000132523,0.000203632,0.00017131,0.000248884,0.00044282,0.000775743,
0.00134932,0.00314504,0.0405151,0.927407,0.0181441,0.00267634,0.00134348,0.000865219,0.000612554,0.000391737,0.00104092,0.000224532,0.000163489,0.000165612,0.000165082,0.000185783,0.000225594,0.000305746,0.000405007,0.000668288,
0.000374664,0.000720782,0.00226939,0.0293844,0.935033,0.0255021,0.00290811,0.00108831,0.000620872,0.000346118,0.00050312,0.000157002,0.000139161,0.000110615,8.20693e-05,0.000110615,0.000128456,0.000117752,0.000185548,0.000217662,
0.000305726,0.000503963,0.00103739,0.0035629,0.0854711,0.887459,0.0153643,0.0027204,0.00117167,0.000596384,0.000589017,0.000220002,0.000148677,0.00011854,0.000102467,0.000102802,9.24211e-05,0.000112178,0.000145999,0.000174796,
0.000238337,0.000307122,0.000569118,0.00145675,0.00527059,0.0765234,0.886626,0.0200887,0.00429358,0.00194438,0.00107077,0.00043593,0.000232204,0.000170867,0.000126179,0.000108654,0.000109092,0.000111283,0.000136255,0.000180506,
6.88992e-05,6.70861e-05,0.00012692,0.000237521,0.000505865,0.00144688,0.0319838,0.928299,0.0324298,0.00297536,0.00093014,0.000364441,0.000183127,8.70306e-05,7.79649e-05,5.43941e-05,3.26365e-05,2.90102e-05,5.62073e-05,4.35153e-05,
4.45229e-05,4.33813e-05,6.5072e-05,8.5621e-05,0.000159826,0.000383582,0.00126148,0.0379849,0.92934,0.0272298,0.00228209,0.0005377,0.000221473,0.000124436,5.59391e-05,5.36558e-05,3.65316e-05,2.85403e-05,3.539e-05,2.62571e-05,
8.73818e-05,0.000109671,0.000127226,0.000188571,0.00035505,0.000662563,0.00189281,0.00848984,0.0710033,0.8937,0.0195301,0.00205278,0.000765922,0.000357023,0.000213425,0.00013058,9.92168e-05,8.22533e-05,7.89001e-05,7.31798e-05,
0.000112371,0.000116658,0.000121364,0.000125404,0.000153885,0.000230433,0.000407773,0.00122002,0.00688686,0.0594367,0.923732,0.00553875,0.000811703,0.000322331,0.000189535,0.000134939,0.000120501,0.000112248,0.000108823,0.000118038,
5.76671e-05,4.61337e-05,4.22892e-05,8.45785e-05,6.53561e-05,0.000113412,0.000178768,0.000395981,0.00100725,0.00352154,0.057027,0.916504,0.0181459,0.00176269,0.000474793,0.000224902,0.000130712,9.22674e-05,6.34339e-05,6.15116e-05,
0.00027111,0.000210446,0.00016719,0.000145874,0.00016646,0.000227645,0.000385454,0.000858984,0.00227864,0.00807806,0.0208838,0.0728829,0.873118,0.0159236,0.00200034,0.000864196,0.000486038,0.000383786,0.000347044,0.000320986,
0.000270634,0.000226811,0.000178532,0.000159423,0.000156046,0.000194265,0.00028299,0.000501698,0.00108247,0.0027848,0.00570552,0.00762332,0.0429108,0.919434,0.0150981,0.00138274,0.000753696,0.0005071,0.000404262,0.000342816,
0.000290995,0.000232984,0.000189123,0.000161369,0.00015699,0.000177709,0.000229075,0.000338374,0.000612794,0.00128446,0.00295545,0.00253163,0.00341954,0.0337499,0.935806,0.015053,0.00125147,0.000722953,0.000469173,0.000366754,
0.000385697,0.000287366,0.000224698,0.000185943,0.000179655,0.000190375,0.000255723,0.000348282,0.000536492,0.000906935,0.00229295,0.00137035,0.00176409,0.00258444,0.03409,0.935526,0.0161326,0.00147167,0.000750574,0.000516393,
0.000606765,0.000427341,0.000327946,0.000281951,0.000259737,0.000302742,0.000387184,0.000471627,0.000698185,0.00110758,0.00265262,0.00124215,0.00126394,0.00163973,0.0029219,0.0235997,0.938606,0.0202111,0.00204073,0.000951514,
0.000804747,0.000522335,0.000368408,0.000293352,0.000230509,0.000225675,0.000255697,0.000309126,0.00037375,0.000488751,0.00184942,0.000588231,0.000679824,0.000817977,0.0013543,0.0027572,0.0235509,0.945672,0.017235,0.00162247,
0.00197433,0.0010833,0.000600271,0.000361101,0.000253239,0.000215722,0.000239171,0.000225102,0.000295446,0.00024855,0.00111613,0.000201654,0.000403307,0.000393928,0.000576823,0.00116303,0.00238702,0.0250519,0.94312,0.0200903,
0.0273027,0.00311707,0.00127943,0.000701463,0.000479169,0.000543387,0.000513748,0.000498928,0.000582906,0.0010275,0.00191173,0.00081508,0.000726163,0.000726163,0.000617485,0.00081508,0.00123497,0.00359623,0.032213,0.921298,


0.931043,0.0240411,0.00299762,0.00131823,0.000800568,0.000391255,0.000355139,0.000282908,0.000222714,0.000222714,0.000740375,0.000228734,0.000210676,0.000240772,0.000240772,0.000517661,0.000619989,0.00120386,0.00267257,0.0316495,
0.0270786,0.946129,0.0149933,0.00153982,0.000920874,0.000629138,0.000525165,0.000414668,0.000413037,0.00050274,0.00162952,0.000281338,0.000246885,0.000212839,0.000218343,0.000255039,0.000354935,0.000528631,0.000888255,0.00223807,
0.00217889,0.0258743,0.944714,0.0185632,0.00240531,0.00110585,0.000534879,0.000446279,0.000324865,0.000219858,0.000994284,0.000121414,0.000154229,0.000118133,0.000203451,0.000173918,0.000200169,0.000285487,0.000554567,0.000826929,
0.00104994,0.00219379,0.0287711,0.935061,0.0247377,0.00314983,0.00119079,0.000665819,0.000388394,0.000324373,0.00072984,0.000183527,0.000115238,0.000106702,0.000119506,0.000102434,0.000157919,0.000196331,0.00026462,0.000490828,
0.000246045,0.000366982,0.000756901,0.0173243,0.962722,0.0143008,0.00116142,0.000559857,0.000320067,0.000231449,0.00123127,0.00012198,7.61071e-05,5.42133e-05,6.25538e-05,7.4022e-05,8.65328e-05,7.71497e-05,9.27882e-05,0.000133448,
0.000215951,0.00034683,0.000719836,0.00210061,0.0358086,0.930434,0.0237481,0.0030953,0.00126299,0.000621677,0.000605317,0.000199591,0.000143967,8.17996e-05,8.50716e-05,0.000107975,8.50716e-05,7.85276e-05,0.000111247,0.000147239,
0.000134561,0.000199253,0.000300174,0.000592584,0.00178293,0.0276936,0.935763,0.0276962,0.00304055,0.00110236,0.00066504,0.000307937,0.000214779,0.000103508,6.46926e-05,6.21049e-05,6.21049e-05,5.43418e-05,6.9868e-05,9.05696e-05,
5.97859e-05,6.15976e-05,0.00012863,0.000262695,0.000505462,0.00152001,0.0315126,0.928686,0.0325942,0.00286791,0.000913093,0.000340598,0.000172111,9.05846e-05,7.60911e-05,6.34092e-05,3.26105e-05,2.71754e-05,4.16689e-05,4.34806e-05,
3.10548e-05,5.40583e-05,7.59117e-05,7.36114e-05,0.000166776,0.00038761,0.00133076,0.0367528,0.92981,0.0279344,0.002267,0.000573939,0.000202431,0.000103516,7.47615e-05,4.60071e-05,3.56555e-05,2.41537e-05,2.53039e-05,2.99046e-05,
3.64126e-05,1.37777e-05,4.23173e-05,6.79045e-05,8.66028e-05,0.000170253,0.000408411,0.00154901,0.0419847,0.920828,0.0321346,0.0018039,0.000434982,0.000164349,8.7587e-05,5.6095e-05,4.72379e-05,2.95237e-05,2.95237e-05,2.46031e-05,
5.45933e-05,5.71624e-05,6.87233e-05,7.83574e-05,8.22111e-05,0.000115609,0.000168276,0.000352608,0.00133079,0.0368119,0.947587,0.0117087,0.000819542,0.00025434,0.000138089,0.000101479,7.9642e-05,7.2577e-05,5.13819e-05,6.74388e-05,
0.000206329,0.000165866,0.00013343,0.000126414,0.000149247,0.000245365,0.000533036,0.00134313,0.00502872,0.0320227,0.134743,0.801568,0.0185686,0.00289696,0.000862508,0.000382749,0.000257822,0.000251816,0.00026579,0.00024917,
5.26367e-05,4.7096e-05,6.64884e-05,8.03402e-05,6.64884e-05,0.000132977,0.000168991,0.000277035,0.000562381,0.00116355,0.00355159,0.0349314,0.931583,0.0239469,0.00195587,0.000717521,0.000263183,0.000188384,0.000144058,9.97327e-05,
0.000138194,0.000104488,6.74118e-05,0.000104488,7.75236e-05,0.000101118,0.000117971,0.0002292,0.000303353,0.000488736,0.00157407,0.00333014,0.0398572,0.924202,0.0257547,0.00201898,0.000738159,0.000333688,0.000219088,0.000239312,
0.00014986,8.85537e-05,8.17419e-05,9.53656e-05,8.51478e-05,8.17419e-05,9.87715e-05,0.000153266,0.000180513,0.000326968,0.000905973,0.000980903,0.00269067,0.0338343,0.930417,0.026607,0.00192434,0.000684589,0.000412116,0.000200949,
0.000267019,0.000193163,9.37407e-05,7.66969e-05,8.23782e-05,8.23782e-05,7.95375e-05,0.000122147,0.00013635,0.000204525,0.000752766,0.000471544,0.000911841,0.00230091,0.0337523,0.94031,0.0178136,0.00151405,0.000519835,0.00031531,
0.000379642,0.000203987,0.000181322,0.000141658,7.93282e-05,0.000101993,8.21614e-05,0.00010766,0.000172822,0.000155823,0.000915107,0.000303147,0.000444805,0.000787616,0.00228352,0.0235973,0.950131,0.0178177,0.0014959,0.000617627,
0.000720865,0.000414963,0.000311222,0.000215462,0.000188861,0.000258022,0.000250042,0.000258022,0.000383043,0.000470824,0.00146035,0.000510724,0.000534664,0.000598505,0.000944307,0.00212004,0.0233257,0.946778,0.0183834,0.00187265,
0.00192089,0.000879613,0.000546564,0.00040447,0.000355013,0.000381011,0.000468868,0.000566437,0.000775171,0.00121311,0.00293125,0.001074,0.000803112,0.00077278,0.000816709,0.00112764,0.0024047,0.025173,0.937345,0.0200406,
0.0218899,0.00267631,0.00133962,0.000864915,0.000662476,0.000551574,0.000525169,0.000499938,0.00056155,0.000703551,0.00168641,0.000592062,0.000579153,0.000573872,0.000729956,0.00103156,0.00186362,0.00392791,0.0381243,0.920616,


0.93064,0.0245139,0.00311899,0.00116232,0.000724261,0.000513992,0.000309563,0.000175224,0.000251155,0.000262837,0.000654171,0.000169384,0.000169384,0.000198588,0.000268677,0.000391335,0.000636649,0.00124993,0.00287368,0.0317156,
0.0270843,0.937867,0.0213222,0.00238173,0.00103649,0.000560778,0.000456814,0.000434761,0.000491469,0.000762406,0.00169179,0.000488318,0.000356,0.000330796,0.000324495,0.000343398,0.000384354,0.000579681,0.000919928,0.00218325,
0.0018554,0.024822,0.947127,0.0181511,0.00234366,0.000985679,0.000588966,0.000405868,0.000253286,0.000152582,0.0012054,0.000112911,9.76524e-05,9.46007e-05,0.000112911,0.000164788,0.000189201,0.000259389,0.000366196,0.000711031,
0.000891587,0.00216896,0.0295509,0.934241,0.0249644,0.00318914,0.00131595,0.000544382,0.000428647,0.000325772,0.000745846,0.000137167,0.000150027,0.000128594,7.71565e-05,0.000120021,0.000137167,0.000167172,0.000270048,0.000445793,
0.000544109,0.00101074,0.00277509,0.0559978,0.915768,0.0168773,0.00238335,0.00119557,0.000649728,0.000448879,0.000734569,0.000220328,0.000170981,0.000117739,0.000125098,0.000136352,0.000135486,0.000152368,0.000241538,0.000315125,
0.000190203,0.000327936,0.000754252,0.00197089,0.0355187,0.931104,0.0237884,0.00305308,0.00111826,0.000606681,0.00056077,0.000186923,0.00015085,0.000111498,6.23078e-05,8.19839e-05,6.88665e-05,0.00010166,8.19839e-05,0.000160688,
0.000106891,0.000153049,0.000289092,0.00059762,0.00180744,0.0287028,0.935581,0.027165,0.00296381,0.00105191,0.000643777,0.000242935,0.000155478,0.000119038,5.83044e-05,7.04511e-05,5.83044e-05,7.53098e-05,7.77392e-05,8.01685e-05,
6.1645e-05,7.04514e-05,0.000151471,0.000218399,0.000519579,0.00156754,0.0309969,0.92784,0.0338731,0.00278812,0.000973991,0.000343451,0.000174367,0.000107438,6.1645e-05,6.51676e-05,5.81224e-05,3.6987e-05,3.6987e-05,5.45999e-05,
3.68266e-05,3.4525e-05,6.09941e-05,8.63125e-05,0.00016572,0.000395886,0.00130389,0.0359624,0.929925,0.0285809,0.00237417,0.0005524,0.000191038,0.000123139,5.06366e-05,4.25808e-05,3.79775e-05,2.0715e-05,1.84133e-05,3.68266e-05,
3.24931e-05,2.85546e-05,4.03703e-05,6.59709e-05,8.66484e-05,0.000153604,0.000381056,0.00154982,0.0409295,0.921363,0.0327807,0.00173494,0.000438165,0.000146711,7.87712e-05,6.00631e-05,3.64317e-05,3.24931e-05,2.26467e-05,3.8401e-05,
4.43964e-05,5.66215e-05,5.66215e-05,6.94901e-05,8.87929e-05,0.000115817,0.000179516,0.000387343,0.00133061,0.0360904,0.948114,0.0119143,0.000788841,0.000282464,0.000139624,9.71574e-05,6.82032e-05,6.94901e-05,5.79084e-05,4.8257e-05,
5.33211e-05,4.57038e-05,3.61822e-05,6.09385e-05,8.7599e-05,0.000125686,0.000156155,0.00033897,0.000954068,0.00373058,0.05434,0.918224,0.0190014,0.00172532,0.000506551,0.000230424,0.000146633,9.71207e-05,8.1886e-05,5.71298e-05,
6.90957e-05,5.80404e-05,6.63319e-05,8.29148e-05,7.18595e-05,0.000143719,0.000135428,0.000270855,0.000522364,0.00116357,0.00372564,0.0341692,0.931136,0.0250817,0.00195126,0.000641208,0.00031784,0.000179649,0.000121608,9.12063e-05,
0.000123916,0.000117218,0.000113869,8.70762e-05,9.71235e-05,9.04253e-05,0.000140662,0.00025788,0.000381796,0.000790384,0.00167454,0.00339262,0.0381528,0.925392,0.0255904,0.00206973,0.000710006,0.000375098,0.000274625,0.000167454,
0.00010899,0.000102178,9.53659e-05,7.83363e-05,8.17422e-05,9.53659e-05,0.000115801,0.000136237,0.000255444,0.000330375,0.000858293,0.00111374,0.00278945,0.0348324,0.928649,0.0273632,0.00181195,0.000616472,0.000343998,0.000221385,
0.000178098,0.000147001,0.000115905,8.48085e-05,0.000121559,8.76355e-05,7.63277e-05,9.61163e-05,0.000172444,0.000234637,0.00104597,0.000539948,0.000842431,0.00236333,0.0338273,0.939322,0.018296,0.00152655,0.000624756,0.00029683,
0.0003638,0.000299772,0.000165893,0.000104775,0.000101864,0.000128058,0.000101864,9.31329e-05,0.000125147,0.000154251,0.00116998,0.000352159,0.000439471,0.000838196,0.00210713,0.023193,0.950456,0.01764,0.0015658,0.000599543,
0.000781881,0.000489567,0.000311327,0.000171111,0.000156852,0.000147345,0.000237654,0.000235277,0.000289938,0.000413518,0.00155426,0.000491944,0.000446789,0.000639289,0.000860307,0.00222206,0.0234327,0.946245,0.0189577,0.00191549,
0.00220443,0.00104182,0.000538525,0.000362372,0.000226482,0.000221449,0.000206351,0.000176153,0.000161054,0.000140922,0.00114751,0.000276812,0.000362372,0.000367405,0.000639183,0.00113744,0.00278825,0.0270873,0.938603,0.022311,
0.0274767,0.00342021,0.00116881,0.00067542,0.000474231,0.000402378,0.000502972,0.000464651,0.000847868,0.00106822,0.00211727,0.000795175,0.000742483,0.000694581,0.000579616,0.000828707,0.0014706,0.0035735,0.031419,0.921278,


0.931372,0.0242421,0.00347176,0.0013441,0.000554517,0.000464107,0.000283286,0.000235067,0.00020493,0.000216985,0.000693147,0.000156711,0.000156711,0.000138629,0.000216985,0.000283286,0.000644928,0.00133205,0.00276656,0.0312217,
0.0270307,0.952527,0.0133518,0.00111348,0.000645619,0.000480659,0.000317121,0.000187713,0.000137941,0.000160694,0.00126849,9.67007e-05,9.81227e-05,0.000127986,0.000136519,0.000147895,0.000214732,0.000374004,0.000480659,0.0011021,
0.00181952,0.0246617,0.951834,0.0140673,0.00146855,0.000840797,0.000554272,0.000399187,0.000274934,0.000248739,0.00138951,0.000167603,0.000125644,0.000130744,0.000151839,0.000154158,0.000210257,0.000292552,0.000451578,0.000757111,
0.00104711,0.00218185,0.0284998,0.935022,0.0249729,0.00315448,0.00125741,0.000639658,0.00039431,0.000328591,0.000766713,0.000153343,0.000131437,0.000100768,0.000113912,0.000170868,0.000166486,0.000170868,0.000280398,0.000446884,
0.000361081,0.000682835,0.00198416,0.0278068,0.934902,0.0273742,0.00306382,0.00115474,0.00067211,0.000328905,0.000557709,0.000150152,0.000114402,0.000117977,6.7926e-05,7.15011e-05,8.58013e-05,0.000107252,0.000200203,0.000196628,
0.000150514,0.000323933,0.000746027,0.00201231,0.03417,0.931775,0.0243997,0.00289903,0.00131209,0.000579152,0.000536616,0.000225771,0.000140698,0.000107978,0.000114522,9.81614e-05,9.48894e-05,9.48894e-05,0.000114522,0.000104706,
0.000144913,0.000144913,0.000300178,0.000615881,0.00185541,0.0267184,0.935545,0.0289645,0.00303542,0.00108426,0.000623645,0.000256186,0.000131975,0.000134562,5.69302e-05,8.28076e-05,6.46934e-05,4.9167e-05,8.53953e-05,0.000106097,
6.34535e-05,6.68834e-05,0.000138912,0.000272679,0.000502483,0.00156919,0.0308178,0.927871,0.0339459,0.00279367,0.00105127,0.000315553,0.000152631,0.000118332,8.06031e-05,5.14488e-05,3.42992e-05,4.63039e-05,5.14488e-05,5.65937e-05,
4.24934e-05,4.01964e-05,4.36418e-05,8.84322e-05,0.000160786,0.000395074,0.00126446,0.0349698,0.930515,0.0290838,0.00228431,0.000566195,0.000218209,9.07291e-05,5.74235e-05,4.13449e-05,2.75633e-05,4.01964e-05,2.87117e-05,4.13449e-05,
3.74149e-05,4.62764e-05,2.95381e-05,6.39992e-05,8.86143e-05,0.000180182,0.00035938,0.00161672,0.0396214,0.922058,0.0333466,0.00173389,0.000364303,0.000169352,8.36913e-05,5.61224e-05,3.74149e-05,3.74149e-05,3.54457e-05,3.44611e-05,
7.32025e-05,5.77915e-05,7.0634e-05,7.12762e-05,8.02659e-05,0.000125857,0.000177869,0.000381424,0.00132856,0.0349202,0.948819,0.0123025,0.000810365,0.000264557,0.000130352,8.92557e-05,8.21923e-05,8.79715e-05,6.35706e-05,6.29285e-05,
5.22974e-05,4.06758e-05,5.81082e-05,5.03605e-05,6.97299e-05,0.000110406,0.000182072,0.000385451,0.000999462,0.00369762,0.0529966,0.919388,0.0190924,0.00171419,0.000505542,0.00023437,0.000182072,0.000104595,8.32885e-05,5.22974e-05,
7.19021e-05,8.57294e-05,6.08402e-05,7.46675e-05,8.84948e-05,0.000102322,0.000160397,0.000287608,0.000561389,0.00118638,0.00345683,0.0333238,0.931704,0.0254727,0.00208239,0.000624995,0.000290374,0.000179755,9.12603e-05,9.40258e-05,
0.000111244,7.7534e-05,0.000121358,0.000117987,6.06788e-05,0.000121358,0.000182036,0.000205634,0.00028991,0.000488801,0.0013855,0.00330699,0.0385883,0.924829,0.0266582,0.00203611,0.000731517,0.000310136,0.000242715,0.000134842,
0.000172334,6.5487e-05,8.61671e-05,5.17002e-05,6.89337e-05,6.5487e-05,8.27204e-05,0.000175781,0.000230928,0.000292968,0.00070657,0.000968518,0.00258501,0.0325367,0.930415,0.0284558,0.00178194,0.000658316,0.000420495,0.000179228,
0.00013963,0.000160878,8.19565e-05,7.89211e-05,7.28502e-05,0.000121417,7.28502e-05,0.000118382,0.000182126,0.000261047,0.000719396,0.000412818,0.00092277,0.00244048,0.0334747,0.939033,0.0191414,0.00164217,0.000576731,0.000346039,
0.0003842,0.000285148,0.000198103,9.30484e-05,9.90515e-05,8.40437e-05,7.5039e-05,0.000102053,0.000126066,0.000195101,0.00114359,0.000369192,0.000510265,0.000816425,0.00201705,0.0235893,0.949142,0.0186907,0.00138672,0.000693361,
0.000935763,0.000496411,0.000342352,0.000282441,0.000205411,0.000245353,0.000245353,0.000299558,0.000362323,0.000656175,0.00178023,0.000639058,0.000599117,0.000653323,0.00114403,0.00239361,0.023357,0.944502,0.0190091,0.00185156,
0.00215535,0.000994775,0.00049265,0.00027001,0.000180007,0.000255799,0.000142111,0.000132637,0.000189481,0.00017527,0.00112267,0.000203692,0.000298433,0.000440543,0.000677394,0.00106109,0.00283748,0.0247557,0.942805,0.0208097,
0.0137675,0.000894238,0.000465072,0.000300929,0.000258183,0.000182951,0.000141915,0.000169273,0.000164998,0.00023852,0.00165938,0.000203469,0.000201759,0.00019663,0.000323157,0.000323157,0.000467637,0.000950662,0.0149413,0.964149,


0.91548,0.0194194,0.00254543,0.00127095,0.000839431,0.000647864,0.000507435,0.000488553,0.000523169,0.000624263,0.00129494,0.000401227,0.000360318,0.000350091,0.000420502,0.000566439,0.000833137,0.00135631,0.00363071,0.0484396,
0.0270971,0.941871,0.0187664,0.00199342,0.000939684,0.000493396,0.000468602,0.000416535,0.000428932,0.000580174,0.00173309,0.000344634,0.00028017,0.000314881,0.000215706,0.000275211,0.000384304,0.000510752,0.000860344,0.00202565,
0.00134566,0.0247374,0.951383,0.0160559,0.00170079,0.000688873,0.00043429,0.00026742,0.000239608,0.00013264,0.00111888,0.000102689,6.63201e-05,7.27382e-05,0.000109107,0.000119804,0.000181845,0.000280256,0.000329461,0.00063325,
0.000825038,0.00217547,0.0270498,0.936534,0.0249071,0.00308261,0.00142022,0.000628014,0.000414572,0.000242175,0.000845562,0.000160082,0.000168291,0.000172396,0.000143663,0.000102617,0.000188815,0.000197024,0.000262699,0.000480246,
0.000375639,0.000858602,0.00194617,0.0273572,0.935362,0.027461,0.00294787,0.00110903,0.000615332,0.000357751,0.000518739,0.000175298,0.000125213,0.00011448,7.87052e-05,0.000110903,6.08177e-05,0.00010017,0.0001431,0.000182453,
0.000209966,0.000351037,0.000633179,0.00207998,0.0332304,0.932565,0.0242872,0.00317246,0.00122699,0.000531477,0.000643021,0.000209966,0.000167317,9.84216e-05,0.000111545,8.52988e-05,5.9053e-05,0.000108264,0.000121387,0.000108264,
9.84395e-05,0.000170974,0.000344538,0.00060618,0.00186258,0.0258559,0.935566,0.0298038,0.00299981,0.00105175,0.000665762,0.00025128,0.000155431,0.000119164,5.44008e-05,7.77154e-05,5.18102e-05,8.03059e-05,0.00010103,8.28964e-05,
8.19465e-05,8.72908e-05,0.000114012,0.000268998,0.000500586,0.0014786,0.0298143,0.927679,0.0352708,0.00282893,0.000951292,0.000347382,0.000203085,9.44166e-05,5.87877e-05,3.02846e-05,4.45361e-05,5.70062e-05,4.09732e-05,4.8099e-05,
3.68102e-05,3.45096e-05,5.4065e-05,9.66268e-05,0.000170247,0.000365801,0.00130101,0.0341035,0.93041,0.0299394,0.00235125,0.000563656,0.000194404,0.000117333,6.21172e-05,5.0614e-05,5.17644e-05,2.18561e-05,3.79605e-05,3.68102e-05,
2.26513e-05,3.6439e-05,4.53025e-05,6.99235e-05,8.27263e-05,0.00017924,0.000395905,0.00154718,0.038579,0.922026,0.0343255,0.00184559,0.000372269,0.000189089,8.27263e-05,5.81054e-05,3.93935e-05,3.74238e-05,2.56058e-05,4.03783e-05,
5.40144e-05,5.65865e-05,5.65865e-05,6.9447e-05,8.42367e-05,0.000129249,0.000178119,0.000352379,0.00133814,0.033903,0.949841,0.0123828,0.000767133,0.00028872,0.000122175,0.000108029,7.58773e-05,8.10215e-05,5.59434e-05,5.59434e-05,
3.50941e-05,3.70438e-05,6.43391e-05,7.60372e-05,6.04398e-05,0.000111131,0.000173521,0.000384085,0.000970936,0.00360494,0.0526626,0.919611,0.0194109,0.00171376,0.000504965,0.000196917,0.000148175,9.55339e-05,8.18862e-05,5.65405e-05,
7.72638e-05,7.45043e-05,8.27826e-05,6.07072e-05,8.00232e-05,0.000104858,0.000165565,0.000256626,0.000491177,0.00125002,0.00370038,0.0330523,0.931508,0.0258144,0.00184881,0.000698133,0.000361484,0.000168325,0.000115896,8.83014e-05,
0.000128031,9.43387e-05,0.000101077,7.74925e-05,8.4231e-05,0.000128031,0.00013477,0.000185308,0.000330185,0.000586247,0.00143193,0.00317382,0.0368696,0.925523,0.0276547,0.00209904,0.000687325,0.000373985,0.000198785,0.000138139,
0.000151635,6.54789e-05,6.20326e-05,6.20326e-05,7.23714e-05,8.27101e-05,0.00011028,0.000175759,0.000234345,0.000261915,0.000820209,0.00104422,0.00266396,0.0327877,0.929193,0.0289244,0.0019816,0.000706482,0.000334287,0.000265362,
0.000226355,0.00012403,7.75189e-05,8.37204e-05,9.92242e-05,8.68212e-05,9.30227e-05,0.000105426,0.00016434,0.000254262,0.000610849,0.000508524,0.00098294,0.0024713,0.033882,0.937966,0.0195193,0.00169921,0.000638756,0.000406199,
0.000340049,0.000264846,0.000176564,9.48214e-05,0.000120979,0.000127518,9.80911e-05,9.80911e-05,0.000147137,0.000137328,0.00102996,0.000385825,0.000477377,0.00101688,0.00228225,0.0233751,0.947593,0.0197621,0.00171986,0.000752032,
0.000907059,0.000485597,0.000280974,0.000293191,0.000204623,0.000219893,0.000207677,0.00024738,0.000430624,0.000674949,0.00173166,0.000546678,0.000571111,0.000693274,0.000949816,0.00247074,0.0234736,0.941218,0.0222794,0.00211342,
0.00235143,0.00106194,0.000551195,0.000414661,0.000227558,0.000187103,0.000136535,0.00011125,0.000182046,0.000161819,0.00104677,0.000283183,0.000374206,0.000465229,0.000632105,0.00117824,0.00271047,0.025264,0.941179,0.0214815,
0.0265275,0.00323658,0.00132804,0.00074337,0.000501148,0.000467739,0.000551263,0.000559616,0.000572145,0.000893715,0.00204218,0.000868657,0.000659845,0.00055544,0.000643141,0.00077678,0.00132387,0.00341616,0.0375235,0.916809,


0.931902,0.0252654,0.00289575,0.00139358,0.000748069,0.000476593,0.000265444,0.000217181,0.000211149,0.00019305,0.000723938,0.000180985,0.00019305,0.000187017,0.000271477,0.000416264,0.000573118,0.0011945,0.00267254,0.0300193,
0.0270508,0.943414,0.018146,0.00179586,0.000896798,0.00057377,0.000413386,0.000413386,0.000426939,0.000596359,0.00168291,0.000368207,0.000237188,0.000239447,0.000257519,0.000210081,0.000300439,0.000483413,0.000666387,0.00182748,
0.00215512,0.024845,0.942734,0.0214921,0.00266731,0.00120955,0.000638263,0.00037035,0.000307312,0.000236394,0.000866776,0.000193055,0.000137896,0.000126077,0.000126077,0.000196995,0.000200935,0.000256093,0.000401869,0.000839197,
0.001052,0.00254951,0.037449,0.925656,0.0253154,0.00292763,0.00113436,0.000718805,0.000449253,0.000265808,0.000554079,0.000153495,0.000134776,0.000134776,0.000131032,0.000153495,0.000149751,0.000239602,0.000333196,0.000497922,
0.000378781,0.000707535,0.00204756,0.0270721,0.934782,0.0282371,0.00307313,0.00124712,0.000564598,0.000293019,0.000575318,0.000135789,0.000114349,9.29086e-05,6.78947e-05,8.57618e-05,7.14681e-05,0.000135789,0.000107202,0.000210831,
0.000211969,0.000401111,0.000688085,0.00201534,0.0325324,0.932626,0.0250744,0.00302627,0.00120986,0.000613081,0.000593514,0.000189142,0.000146748,0.00015327,9.4571e-05,8.47878e-05,7.82656e-05,6.19603e-05,8.80488e-05,0.000110876,
9.5927e-05,0.000181483,0.000280003,0.000601488,0.00164113,0.0260999,0.934933,0.0304944,0.00298411,0.00109409,0.00069223,0.000235929,0.000173706,9.5927e-05,7.00008e-05,5.4445e-05,3.88893e-05,7.00008e-05,7.77786e-05,8.55565e-05,
3.9806e-05,7.96119e-05,0.000148368,0.000251501,0.00056633,0.00153434,0.0285391,0.927698,0.0362252,0.00293298,0.00105124,0.000325685,0.000179127,0.000124846,6.5137e-05,5.97089e-05,2.35217e-05,3.61872e-05,5.78996e-05,6.15183e-05,
2.99332e-05,3.68409e-05,4.48998e-05,0.000104766,0.000204927,0.000408704,0.00135621,0.0333168,0.930231,0.0307817,0.00237278,0.000577942,0.000219894,0.000107069,6.44716e-05,3.91434e-05,3.91434e-05,2.76307e-05,1.84204e-05,1.72692e-05,
3.54084e-05,3.04906e-05,4.32769e-05,6.29483e-05,9.14717e-05,0.000155404,0.000402279,0.00156289,0.0373755,0.922479,0.0350887,0.00183632,0.000393427,0.000177042,8.06525e-05,5.2129e-05,4.91783e-05,3.14741e-05,3.14741e-05,2.06549e-05,
6.04518e-05,5.20914e-05,6.62397e-05,7.00983e-05,8.16742e-05,0.000116402,0.000187143,0.000335057,0.0013293,0.0327726,0.950664,0.0126222,0.000865618,0.00027139,0.00013891,8.74621e-05,7.97449e-05,7.71725e-05,6.04518e-05,6.1738e-05,
5.2718e-05,6.44331e-05,5.46705e-05,5.6623e-05,7.81007e-05,0.000111294,0.000197204,0.000429554,0.000958687,0.00368245,0.0508612,0.920773,0.0198962,0.00161864,0.0005428,0.000226492,0.000156201,0.000107389,6.44331e-05,6.83382e-05,
7.46764e-05,7.19106e-05,6.91448e-05,8.0208e-05,7.74422e-05,0.000124461,0.000171479,0.000287642,0.000503374,0.00123631,0.00366468,0.032003,0.931605,0.0267701,0.00189457,0.000641664,0.000312535,0.000168713,0.000124461,0.000118929,
0.000134107,7.37587e-05,0.000127401,8.38167e-05,6.0348e-05,0.000120696,0.000134107,0.000187749,0.000372146,0.000647065,0.00167633,0.00367452,0.0367352,0.924434,0.0279512,0.00211889,0.000744292,0.000372146,0.000231334,0.000120696,
0.000102831,7.29484e-05,5.44916e-05,2.98825e-05,5.8886e-05,7.20695e-05,7.6464e-05,7.11906e-05,0.00012744,0.000211814,0.00121903,0.000492182,0.00101337,0.0156039,0.963154,0.0162965,0.000641594,0.000334859,0.000227634,0.000138866,
0.000201345,0.000116402,0.000119548,7.23582e-05,8.17962e-05,8.80883e-05,0.000103818,0.00012584,0.000147862,0.000182469,0.000871445,0.000431003,0.000865153,0.00249479,0.0334672,0.938175,0.0198891,0.00166109,0.000616618,0.000289433,
0.00039602,0.000273914,0.00019801,0.000145207,0.000115506,9.24047e-05,7.9204e-05,8.91045e-05,0.000112206,0.000161708,0.00114186,0.000320116,0.000425721,0.000953748,0.00242232,0.0235368,0.947349,0.0198703,0.00158078,0.000735937,
0.000894548,0.000406114,0.000310073,0.000252449,0.000192081,0.000186593,0.000244217,0.00038965,0.000419834,0.000546058,0.00174794,0.000603682,0.000493922,0.000740883,0.00111407,0.00254919,0.0233625,0.943545,0.0200615,0.00194002,
0.00229008,0.000997455,0.000580153,0.000346056,0.00021883,0.000188295,0.000193384,0.00016285,0.000101781,0.000259542,0.000961832,0.00021883,0.000315522,0.000483461,0.000727735,0.00111959,0.00279389,0.025084,0.940611,0.0223461,
0.0271635,0.00285459,0.0013738,0.000556366,0.000457932,0.000419415,0.000427974,0.000419415,0.000582045,0.000783193,0.00179749,0.000552087,0.000462212,0.000564926,0.000509289,0.000748955,0.00121973,0.00286315,0.0284603,0.927784,


0.930992,0.0259344,0.00311453,0.00143377,0.00075303,0.000445794,0.000307236,0.000265067,0.00024097,0.000228921,0.000608448,0.00024097,0.000192776,0.000180727,0.000283139,0.000349406,0.000608448,0.00120485,0.00280127,0.029814,
0.0268647,0.940974,0.0193185,0.00214563,0.000979075,0.000700455,0.000440063,0.000356737,0.000479122,0.00060411,0.00168474,0.00048433,0.000304659,0.000299451,0.000255184,0.000262996,0.000354133,0.000546824,0.000815028,0.00213001,
0.0014662,0.0246225,0.95016,0.0165471,0.00183664,0.000926112,0.000498542,0.00029601,0.00021465,0.000171374,0.00111999,0.00013156,0.000121174,0.000124636,0.000126367,0.000155795,0.000186953,0.000289085,0.000392948,0.000612792,
0.000801336,0.00218883,0.027865,0.935919,0.0253163,0.00281209,0.00123168,0.00067149,0.000456316,0.000296791,0.000827305,0.000115006,0.000126136,0.000103877,0.000100167,0.000129846,0.000126136,0.000178075,0.00032276,0.000411797,
0.000343018,0.000786082,0.00207954,0.0260872,0.935427,0.028742,0.00284419,0.00109694,0.000693181,0.000318006,0.000475222,0.000189374,8.57544e-05,6.78889e-05,7.50351e-05,0.00010362,0.000110766,8.93275e-05,0.000125059,0.000260836,
0.00018169,0.000293254,0.000739511,0.00197947,0.0317193,0.933549,0.025121,0.00306323,0.00122402,0.00053232,0.000640697,0.000213566,0.000117939,0.000102001,8.60637e-05,5.10007e-05,7.96886e-05,7.96886e-05,8.60637e-05,0.000140252,
0.000107766,0.00017482,0.000306533,0.00062504,0.00173143,0.0262565,0.93474,0.0302917,0.00304138,0.00106568,0.000656173,0.00028977,0.000153267,0.000100581,7.66333e-05,8.14229e-05,5.02906e-05,7.18437e-05,7.42385e-05,0.000105371,
8.92562e-05,0.000120461,0.000182413,0.000326279,0.000792751,0.00262767,0.0700911,0.901901,0.0179593,0.00324856,0.00136638,0.00045936,0.000238858,0.000146619,8.8109e-05,7.54892e-05,6.53934e-05,6.63112e-05,7.41125e-05,8.05371e-05,
3.84152e-05,4.84763e-05,4.6647e-05,9.96966e-05,0.00016921,0.000413421,0.0014552,0.0344712,0.931138,0.0287181,0.00223266,0.000565252,0.000235979,0.000124392,6.494e-05,4.02445e-05,4.84763e-05,2.92687e-05,2.83541e-05,3.20127e-05,
3.05126e-05,2.75598e-05,4.03554e-05,5.3151e-05,0.000104333,0.000167327,0.000371073,0.00151382,0.0362638,0.922302,0.0364321,0.00181993,0.000464579,0.000147642,8.26794e-05,5.01982e-05,3.44497e-05,3.34655e-05,2.36227e-05,3.74026e-05,
5.5214e-05,5.26459e-05,5.5214e-05,7.38327e-05,9.63035e-05,0.000112354,0.000162432,0.000356323,0.00131679,0.0318745,0.951245,0.0129901,0.000841051,0.000261304,0.000137393,0.000103366,7.76849e-05,7.51168e-05,6.35603e-05,4.94358e-05,
4.88416e-05,4.68879e-05,6.83782e-05,6.25172e-05,5.07952e-05,0.000130895,0.000168015,0.000349706,0.000924083,0.00378425,0.0494042,0.922025,0.0201501,0.00164303,0.000550933,0.000228579,0.000136756,9.37758e-05,6.25172e-05,7.03319e-05,
9.98012e-05,8.31677e-05,4.99006e-05,6.09896e-05,5.82174e-05,0.000105346,0.000138613,0.000268909,0.000526729,0.00122257,0.00365938,0.0314679,0.931911,0.0270711,0.00192395,0.000593263,0.000357621,0.000191286,0.000124752,8.59399e-05,
0.000121797,9.1348e-05,8.45815e-05,6.08987e-05,8.11982e-05,9.1348e-05,9.47313e-05,0.000226678,0.000341709,0.00062252,0.00154953,0.00321748,0.0358186,0.925321,0.0286934,0.00217205,0.000734167,0.000358625,0.000172546,0.00014548,
0.000110195,7.23158e-05,9.64211e-05,8.95338e-05,6.88722e-05,7.23158e-05,8.60902e-05,0.000110195,0.000230722,0.000330586,0.000781699,0.00104686,0.00273078,0.0307686,0.929458,0.0307101,0.00204206,0.000681835,0.000316812,0.000196286,
0.000224075,0.000112037,0.000121923,0.000105447,9.88566e-05,8.89709e-05,8.23805e-05,0.000131809,0.000158171,0.000237256,0.000708472,0.000537121,0.000919366,0.00273833,0.0340693,0.936106,0.0207335,0.00183544,0.000645863,0.000345998,
0.000469048,0.000252564,0.000144322,0.000114802,0.000127922,0.000131202,0.000121362,0.000141042,0.000124642,0.000154163,0.000931535,0.000413287,0.000528089,0.000967616,0.002319,0.0235475,0.947109,0.0200969,0.00161707,0.000688811,
0.00100516,0.000596712,0.000382917,0.00022975,0.000169122,0.000172313,0.000245705,0.00036058,0.000395681,0.000666913,0.00175504,0.000596712,0.000606285,0.00072116,0.00103388,0.00256235,0.0235558,0.940957,0.0219316,0.00205499,
0.00219554,0.00115132,0.000647953,0.000444463,0.000267749,0.000187424,0.000251684,0.00013923,0.000182069,0.000219554,0.000963897,0.000278459,0.000417689,0.000417689,0.000599758,0.00120487,0.00278459,0.0250399,0.938948,0.0236583,
0.027344,0.00278794,0.00118156,0.000818682,0.000402703,0.000398278,0.000451381,0.000482359,0.000606267,0.00103552,0.00209317,0.000694773,0.00057529,0.000526612,0.000570865,0.000765578,0.00125679,0.00312869,0.0281981,0.926682,


0.931928,0.025784,0.00326357,0.00119003,0.000739263,0.000438749,0.000252431,0.00022839,0.000180308,0.000246421,0.000631078,0.000174298,0.000192329,0.00022238,0.000282482,0.000372636,0.000727242,0.00113594,0.00282482,0.0291859,
0.0267437,0.935912,0.0220958,0.00239659,0.00118215,0.00073642,0.000555545,0.000555545,0.000587844,0.000933444,0.00207683,0.000497406,0.000397279,0.000297152,0.000274542,0.000297152,0.000429578,0.000642752,0.000978663,0.00240951,
0.00186805,0.0248022,0.942429,0.0219807,0.00266975,0.00107413,0.000611007,0.00039696,0.000284099,0.00026464,0.000992399,0.000151779,9.72941e-05,0.000147887,0.000163454,0.000147887,0.000182913,0.00035415,0.00048647,0.000895105,
0.000853229,0.00205938,0.0251741,0.938661,0.0254728,0.00290874,0.00104327,0.00069034,0.000306387,0.000318022,0.000810568,0.000151254,9.69579e-05,0.000131863,0.000124106,0.000127984,0.000124106,0.000213307,0.000329657,0.000403345,
0.000364257,0.000731887,0.00180442,0.0254137,0.937142,0.0281928,0.00263074,0.00110963,0.000590231,0.000333902,0.000563249,0.000151774,9.4437e-05,9.10642e-05,7.42005e-05,8.76915e-05,0.000118046,0.000111301,0.000118046,0.000276565,
0.000201075,0.000359499,0.000651972,0.00204731,0.0300455,0.935354,0.0249212,0.00297957,0.00113333,0.000569714,0.000722044,0.000265054,0.000127957,0.000115771,7.31183e-05,7.00718e-05,8.83513e-05,7.61649e-05,9.44445e-05,0.000103584,
0.00011647,0.000173412,0.000331294,0.000621176,0.00172894,0.024979,0.935196,0.0314108,0.00282117,0.000993881,0.000649646,0.000243294,0.000194117,0.000137176,7.50587e-05,6.98823e-05,5.69411e-05,6.47058e-05,6.98823e-05,6.72941e-05,
6.95802e-05,8.2069e-05,0.00013916,0.000253343,0.000504903,0.00148438,0.0272308,0.927112,0.0383012,0.00294556,0.000918816,0.000340765,0.000194468,0.000110615,7.31485e-05,5.17391e-05,4.46027e-05,4.9955e-05,4.9955e-05,4.28186e-05,
3.77748e-05,5.28848e-05,4.96469e-05,9.92938e-05,0.000159734,0.000369114,0.00125089,0.0322975,0.931556,0.0307509,0.00226649,0.000565543,0.000206143,0.000103611,6.47568e-05,4.31712e-05,3.99334e-05,1.94271e-05,3.4537e-05,3.23784e-05,
2.0726e-05,1.61202e-05,2.56608e-05,3.21308e-05,5.93268e-05,0.000114815,0.00030135,0.00130683,0.0706297,0.916171,0.010077,0.000816319,0.000199584,8.72905e-05,4.29873e-05,2.80733e-05,2.20419e-05,1.72168e-05,1.4585e-05,1.71072e-05,
5.33888e-05,5.78915e-05,5.98212e-05,6.75401e-05,8.6194e-05,0.000120929,0.000162096,0.000372435,0.00131221,0.0310092,0.951734,0.0133742,0.000819486,0.000279166,0.000144729,9.64858e-05,7.20427e-05,6.30374e-05,6.23941e-05,5.27456e-05,
1.28391e-05,1.3481e-05,1.25181e-05,1.52785e-05,1.81673e-05,2.86312e-05,4.61565e-05,9.37896e-05,0.000299087,0.00128288,0.071255,0.919358,0.00653645,0.00068381,0.000177436,7.51087e-05,3.55643e-05,2.29178e-05,1.91302e-05,1.34169e-05,
7.18667e-05,8.0159e-05,6.08103e-05,6.63385e-05,9.12154e-05,0.000132677,0.00016861,0.000234949,0.000539,0.00116922,0.00358504,0.0313532,0.931702,0.027395,0.00195422,0.000657857,0.000298523,0.000174138,0.000160318,0.000105036,
0.000126926,0.000103545,0.000126926,9.68643e-05,0.000103545,0.000156987,0.000177028,0.000203749,0.000360736,0.000788275,0.00155651,0.0036608,0.0345271,0.925561,0.0291094,0.00191724,0.00068807,0.000344035,0.00023381,0.000156987,
0.000144381,0.000113442,0.000116879,9.62537e-05,6.87526e-05,0.000106567,9.2816e-05,0.000116879,0.000213133,0.000330013,0.000845657,0.00111035,0.0027226,0.0306465,0.928948,0.0311896,0.00193539,0.000649712,0.000340325,0.000213133,
0.000136028,7.95987e-05,7.00692e-05,6.76402e-05,6.80139e-05,6.44637e-05,6.68928e-05,8.87544e-05,0.000109121,0.000171343,0.000708166,0.000343433,0.000588955,0.0016996,0.0340654,0.946762,0.0133787,0.000918,0.000376319,0.000237301,
0.000375618,0.000192885,0.000118438,0.000125206,0.000138742,0.00014551,0.000118438,0.000108286,0.000152278,0.00024026,0.000981344,0.00038577,0.000473752,0.000869674,0.00259887,0.0234981,0.945735,0.0212816,0.00172581,0.000734316,
0.000600075,0.00035549,0.000308949,0.000210917,0.000202005,0.000195074,0.0002228,0.000330734,0.000375294,0.00048917,0.0017319,0.000603046,0.000566407,0.000678302,0.000827826,0.00197747,0.0234762,0.947055,0.0182409,0.00155267,
0.00214734,0.00113072,0.000622416,0.000414944,0.000264527,0.000197099,0.000176351,0.000181538,0.000108923,0.000207472,0.000975119,0.000186725,0.000316395,0.000394197,0.000669098,0.00115666,0.00272826,0.0251923,0.939843,0.0230865,
0.0275738,0.00311075,0.00122898,0.000744741,0.0004873,0.00041681,0.000490364,0.00055166,0.000674251,0.000989923,0.00201662,0.000885721,0.000680381,0.000643603,0.000612955,0.000753935,0.00115236,0.00332835,0.0355943,0.918063,


0.932126,0.0266864,0.00323527,0.00140296,0.000695431,0.000507967,0.000332598,0.000253984,0.000199559,0.000229795,0.000665195,0.000163275,0.000260031,0.000211653,0.00032655,0.000380975,0.000622865,0.00108245,0.00278173,0.0278354,
0.0270906,0.935198,0.0231601,0.0024455,0.00118669,0.000839207,0.000609736,0.000527782,0.000504835,0.000855597,0.00139977,0.000465497,0.000386822,0.000314703,0.00030159,0.000311424,0.000435994,0.000422882,0.000878545,0.00266514,
0.0019459,0.0240896,0.944037,0.0213707,0.0025628,0.00113479,0.00057882,0.000407459,0.000243714,0.000224674,0.000822534,0.000175169,0.000129473,6.47365e-05,9.90088e-05,0.000144705,0.000205634,0.000342723,0.000525508,0.000894887,
0.000869177,0.00211626,0.0250474,0.938916,0.0251457,0.00287584,0.00120551,0.00062354,0.000385461,0.000290986,0.000755807,0.0002343,0.00011715,9.06968e-05,0.000132266,0.000143603,0.000173835,0.000226742,0.000256974,0.000393019,
0.000367463,0.000738329,0.00202785,0.0248004,0.937487,0.0282811,0.00261988,0.00115002,0.000520573,0.000313024,0.000554597,9.18658e-05,0.0001395,8.16585e-05,9.86707e-05,8.16585e-05,8.16585e-05,0.000132695,0.000187134,0.000244975,
0.00020812,0.000299938,0.000691694,0.00200469,0.0297337,0.935933,0.0250571,0.00279432,0.00106509,0.000575392,0.000642725,0.000183636,0.000119363,0.000113242,6.73331e-05,0.000128545,7.65148e-05,9.18178e-05,8.87572e-05,0.000125484,
0.000114061,0.000160722,0.000300705,0.000562526,0.00196236,0.0237427,0.935408,0.0318047,0.00308482,0.00104988,0.000736209,0.000321443,0.000165906,0.00012443,8.81377e-05,6.48071e-05,8.29531e-05,5.18457e-05,6.48071e-05,0.000108876,
4.53303e-05,0.000103353,0.000126925,0.000210333,0.0005077,0.00153761,0.0266923,0.926909,0.0391056,0.00279416,0.00106436,0.000317312,0.000165002,0.000114232,6.70889e-05,6.16493e-05,4.17039e-05,4.35171e-05,4.89568e-05,4.35171e-05,
3.22018e-05,4.25524e-05,5.63531e-05,7.82043e-05,0.000157559,0.000377221,0.00128002,0.0304468,0.930924,0.0331207,0.00232543,0.000595733,0.000244964,9.77554e-05,5.63531e-05,3.6802e-05,4.02522e-05,2.76015e-05,2.18512e-05,3.79521e-05,
3.5457e-05,2.65928e-05,3.93967e-05,5.90951e-05,7.1899e-05,0.000156602,0.000387073,0.00155814,0.0343697,0.922647,0.0379528,0.00185854,0.000411696,0.0001763,7.09141e-05,5.71252e-05,4.23515e-05,3.6442e-05,1.67436e-05,2.65928e-05,
2.49227e-05,2.11124e-05,1.85026e-05,1.85548e-05,2.09474e-05,3.1863e-05,5.94898e-05,0.000171079,0.000961313,0.0594683,0.932085,0.00621785,0.000593016,0.000118591,4.8921e-05,2.94048e-05,2.67024e-05,2.82582e-05,2.89434e-05,2.76335e-05,
4.68351e-05,6.24468e-05,7.61071e-05,3.90293e-05,9.17188e-05,0.000109282,0.000197098,0.000359069,0.000965974,0.003739,0.0464956,0.923575,0.0214934,0.00158459,0.000534701,0.000273205,0.000113185,9.17188e-05,8.001e-05,7.22041e-05,
8.58809e-05,4.15553e-05,8.03402e-05,6.37181e-05,8.03402e-05,9.4192e-05,0.000163451,0.000224398,0.000518056,0.00111922,0.00356544,0.0305071,0.932298,0.0278974,0.00197526,0.00063164,0.000288117,0.000149599,0.000116355,9.97327e-05,
7.14953e-05,5.93961e-05,5.38965e-05,5.71963e-05,7.36952e-05,7.6995e-05,8.02948e-05,0.00014959,0.000230985,0.000389375,0.00142661,0.00140681,0.0182126,0.958177,0.0177165,0.000909641,0.000400374,0.000203487,0.000185888,0.000117692,
