0.931177,0.0236751,0.00298864,0.00135629,0.000528113,0.000414089,0.000324069,0.000324069,0.000264057,0.000162035,0.000636136,0.000174037,0.000258055,0.000258055,0.000204044,0.000456098,0.000624134,0.00123626,0.00250854,0.0324309,
0.027103,0.949853,0.014705,0.00153229,0.000780492,0.000436157,0.000330944,0.000239121,0.000216166,0.000206601,0.00122239,0.000164516,0.000131995,0.000105213,0.000166429,0.000181732,0.000223818,0.000401724,0.000623629,0.00137543,
0.00175691,0.0250868,0.947444,0.0180172,0.00231784,0.000873621,0.000541581,0.000409409,0.000203093,0.000154737,0.00076724,0.000180527,0.000135395,0.000138619,0.000135395,0.000203093,0.000170856,0.000248225,0.000438423,0.000776911,
0.00134896,0.00314457,0.0405458,0.927391,0.0181333,0.00267617,0.00134313,0.000865181,0.000613743,0.000390949,0.00104129,0.000224385,0.000163912,0.000165504,0.000165504,0.000185661,0.000225976,0.000305015,0.000403681,0.000666259,
0.000377357,0.000722675,0.00226414,0.0298504,0.934639,0.0254324,0.0029085,0.00109291,0.000619435,0.000345317,0.000505516,0.000153079,0.000138839,0.000110359,8.18794e-05,0.000110359,0.000128159,0.000117479,0.000185119,0.000217158,
0.000305866,0.000503641,0.00103707,0.00356163,0.0854919,0.887441,0.0153616,0.00272033,0.00117226,0.000595334,0.000591653,0.000219862,0.000148583,0.000119134,0.000102402,0.000103071,9.23622e-05,0.000112106,0.000145905,0.000174685,
0.000238595,0.000306889,0.000569125,0.00145521,0.00526747,0.0765499,0.886608,0.02008,0.00429339,0.00194465,0.00107258,0.000436475,0.000232028,0.000171175,0.000126083,0.000110323,0.000109447,0.000112074,0.000135714,0.000180806,
6.87126e-05,6.69044e-05,0.000128384,0.000238686,0.000506304,0.00144658,0.0324993,0.927868,0.0323546,0.00297092,0.000924004,0.000363454,0.000184439,9.04113e-05,7.77537e-05,5.42468e-05,3.25481e-05,2.89316e-05,5.24386e-05,4.33974e-05,
4.44631e-05,4.3323e-05,6.49845e-05,8.55059e-05,0.000159611,0.000380786,0.00126207,0.0382747,0.929084,0.0272034,0.00227446,0.000535837,0.000224596,0.000124269,5.47238e-05,5.35837e-05,3.64825e-05,3.19222e-05,3.53425e-05,2.62218e-05,
8.76268e-05,0.000109928,0.000127493,0.000188477,0.000355244,0.000662727,0.00189384,0.00849546,0.0709832,0.893699,0.019541,0.0020537,0.000767129,0.000356823,0.000213541,0.000130651,9.92709e-05,8.24955e-05,7.89431e-05,7.32197e-05,
0.000112385,0.000116697,0.000121328,0.000125417,0.000154019,0.000230461,0.000407785,0.00121998,0.00688623,0.0594303,0.923739,0.00553861,0.000811604,0.000322375,0.000189592,0.000134902,0.000120663,0.000112361,0.000108739,0.000118027,
5.567e-05,4.60717e-05,4.41521e-05,8.25452e-05,6.52683e-05,0.00011326,0.000178528,0.000393529,0.00100398,0.00352449,0.0571136,0.916435,0.0181465,0.00175456,0.000472235,0.000226519,0.000130537,9.02238e-05,6.1429e-05,6.1429e-05,
0.000271083,0.000210425,0.000167225,0.000145859,0.000166495,0.000227622,0.000385467,0.00085895,0.00227851,0.00807714,0.0208816,0.0728739,0.873131,0.0159231,0.00200024,0.000864109,0.000485989,0.000383695,0.000347009,0.000321057,
0.000270349,0.000226573,0.000178614,0.00015939,0.000155883,0.000194196,0.000282896,0.000501307,0.0010814,0.00278208,0.00570115,0.00761592,0.043322,0.919058,0.0150826,0.0013817,0.000753039,0.000506568,0.000404108,0.000342321,
0.000290946,0.000232772,0.000189142,0.000161385,0.000157006,0.000177726,0.000228941,0.000338486,0.000612777,0.00128451,0.00295551,0.00253203,0.00341988,0.0337396,0.935815,0.015054,0.00125151,0.000722947,0.00046922,0.000366947,
0.000385683,0.000287356,0.000224587,0.000185936,0.000179546,0.000190471,0.000255507,0.000348269,0.00053606,0.000906695,0.00229307,0.00137061,0.00176402,0.00258434,0.0340945,0.935522,0.0161321,0.00147182,0.000750649,0.000516374,
0.000606777,0.00042725,0.000327876,0.000281891,0.000259539,0.000302819,0.000387386,0.000471526,0.000697751,0.00110678,0.00265248,0.00124203,0.00126409,0.00163952,0.00292141,0.0236232,0.938588,0.0202077,0.00204029,0.000951452,
0.000804715,0.000522404,0.00036904,0.000292739,0.000230427,0.000225341,0.000255606,0.000308762,0.000373872,0.000488577,0.00185105,0.000588022,0.000679583,0.000817432,0.00135357,0.00275648,0.0235753,0.945653,0.0172317,0.00162189,
0.00197959,0.0010883,0.000595752,0.000361204,0.000248621,0.000220475,0.000239239,0.000225166,0.000290839,0.000248621,0.00111645,0.000206402,0.000408113,0.000398732,0.000581679,0.00114929,0.00239239,0.0256267,0.942522,0.0201008,
0.0273545,0.00312072,0.00128093,0.000707231,0.000474784,0.000534133,0.00051435,0.000509404,0.000578644,0.0010287,0.00189914,0.00081109,0.000727014,0.000727014,0.000613263,0.00081109,0.00123642,0.00360539,0.0317067,0.921759,


0.93099,0.0240195,0.00299417,0.00131672,0.000805661,0.000390806,0.000354731,0.000282583,0.000222459,0.000222459,0.000709463,0.000228471,0.000210434,0.000252521,0.000246508,0.000517066,0.000625289,0.00119647,0.00268153,0.0317334,
0.0270513,0.946153,0.0149952,0.00154007,0.000921027,0.000629651,0.000525253,0.000414738,0.000412902,0.000503027,0.00162857,0.000281181,0.000247334,0.000212874,0.000218379,0.000255082,0.000355402,0.000528719,0.000888199,0.00223824,
0.00217513,0.0259609,0.944703,0.0185131,0.00241063,0.00110555,0.000536423,0.000438297,0.000317274,0.000219148,0.000994345,0.000121022,0.000153731,0.00011448,0.000202794,0.000173356,0.000199523,0.000291107,0.000552777,0.000817718,
0.00104317,0.00217963,0.0292045,0.934802,0.0245993,0.00312102,0.00117462,0.000678484,0.000390128,0.000313799,0.000759054,0.000186583,0.000114494,0.000106013,0.000118735,0.000101773,0.000156899,0.000199305,0.000262912,0.00048766,
0.000242434,0.000366253,0.000757477,0.0177383,0.962346,0.0142662,0.00116015,0.000557703,0.000323593,0.00023411,0.00123194,0.000120697,7.59558e-05,5.3065e-05,6.13889e-05,7.38748e-05,8.63607e-05,7.90773e-05,9.26037e-05,0.000133183,
0.000215649,0.000346345,0.00071883,0.00209768,0.0358827,0.930388,0.0237148,0.0030877,0.00126775,0.000620808,0.000611005,0.000202579,0.000143766,8.16852e-05,8.49526e-05,0.000111092,8.49526e-05,7.84178e-05,0.000114359,0.000147033,
0.000134104,0.000198577,0.000306892,0.000590575,0.00178204,0.0278653,0.935645,0.0276281,0.00303798,0.00109862,0.000683416,0.000304314,0.00021663,0.000103157,6.44732e-05,6.18943e-05,6.18943e-05,5.67364e-05,6.96311e-05,9.02625e-05,
5.96177e-05,6.32309e-05,0.000128268,0.000261957,0.000507654,0.00151393,0.0319659,0.928318,0.0325278,0.00285623,0.000908718,0.00033964,0.00017524,9.03298e-05,7.58771e-05,6.14243e-05,3.25187e-05,2.70989e-05,4.15517e-05,4.51649e-05,
3.10047e-05,5.05262e-05,7.34926e-05,7.34926e-05,0.000166507,0.000391578,0.00132976,0.0370885,0.929521,0.0278881,0.00227023,0.000570716,0.00020555,0.000103349,7.34926e-05,4.70812e-05,3.5598e-05,2.52631e-05,2.52631e-05,2.98564e-05,
3.64939e-05,1.38085e-05,4.24118e-05,6.80561e-05,8.77825e-05,0.000170633,0.000412282,0.00154951,0.0416671,0.921054,0.0322132,0.00180793,0.000435954,0.000164716,8.67962e-05,5.5234e-05,4.73434e-05,3.15623e-05,2.95896e-05,2.56443e-05,
5.38173e-05,5.83021e-05,6.66309e-05,8.07259e-05,8.58514e-05,0.000117885,0.000170421,0.000350453,0.00133198,0.0366829,0.947723,0.0116873,0.000818151,0.000255632,0.000140309,0.000104431,7.88039e-05,7.36784e-05,5.18952e-05,6.79123e-05,
0.000206321,0.00016586,0.000133395,0.000126409,0.000149152,0.000245386,0.000533017,0.00134302,0.00502835,0.0320212,0.134742,0.801571,0.0185678,0.00289697,0.000862536,0.000382794,0.000257842,0.000251777,0.00026572,0.000249221,
5.22925e-05,4.6788e-05,6.60537e-05,7.98148e-05,6.60537e-05,0.000132107,0.000167886,0.000275224,0.000572465,0.00115869,0.00355038,0.0348571,0.931742,0.0238867,0.00194858,0.000710077,0.00025871,0.0001844,0.000145868,9.90805e-05,
0.000137681,0.000100742,6.71617e-05,0.000104101,7.72359e-05,0.000100742,0.000117533,0.000235066,0.000305586,0.000486922,0.00157494,0.00331443,0.0410929,0.923036,0.0257229,0.00201485,0.00073542,0.000325734,0.000218275,0.000231708,
0.000146432,8.85405e-05,8.85405e-05,9.53513e-05,8.51351e-05,8.17297e-05,9.87567e-05,0.000153243,0.000173676,0.000326919,0.00088881,0.000984162,0.00269367,0.0337339,0.930523,0.0266132,0.00192405,0.000687891,0.000412054,0.000200919,
0.000266085,0.000195317,9.34127e-05,7.92593e-05,8.209e-05,8.209e-05,8.209e-05,0.00012172,0.000138704,0.000209471,0.000758624,0.000475556,0.000908651,0.00229286,0.0339654,0.940139,0.0177682,0.00151159,0.000518016,0.000311376,
0.000383523,0.000203042,0.000180481,0.000143821,7.89606e-05,0.000101521,8.17807e-05,0.000107161,0.000174841,0.000152281,0.000936248,0.000310203,0.000448384,0.000789607,0.00228422,0.0240548,0.949727,0.0177379,0.00148333,0.000620405,
0.000723865,0.000413637,0.000310228,0.000214773,0.000193561,0.000257198,0.000249243,0.000259849,0.000381819,0.000471971,0.00147425,0.000509092,0.000535607,0.000593941,0.000946593,0.00211326,0.0235826,0.94654,0.0183565,0.00187197,
0.00192083,0.000879663,0.000546503,0.000404125,0.000354973,0.000380819,0.000468965,0.000566522,0.000775084,0.00121282,0.00293166,0.00107403,0.00080332,0.000773291,0.000816467,0.00112737,0.00240428,0.0251917,0.937329,0.0200386,
0.0218919,0.00267424,0.00133859,0.000864627,0.000662841,0.000550804,0.000524994,0.000499771,0.000561949,0.000703316,0.00168291,0.000591278,0.000579546,0.00057368,0.000729712,0.00103239,0.00186124,0.00392719,0.0378418,0.920907,


0.930504,0.0245035,0.00311619,0.00116128,0.00072361,0.000519365,0.000315121,0.000180903,0.000256765,0.000256765,0.000630241,0.000169231,0.000169231,0.000198409,0.000274272,0.000390983,0.000636077,0.00124881,0.00287693,0.031868,
0.0275993,0.937443,0.0212469,0.0023806,0.00102742,0.000560694,0.000457326,0.000438532,0.00048865,0.000758034,0.00170088,0.000485517,0.00035709,0.000332031,0.000322634,0.000344561,0.000375884,0.000579489,0.000917785,0.00218326,
0.00185719,0.0250599,0.946924,0.0181122,0.00233823,0.000986443,0.000584559,0.000401884,0.000249655,0.000152229,0.00122087,0.000112649,0.000100471,9.43818e-05,0.000112649,0.000164407,0.000188764,0.000258789,0.000362305,0.00071852,
0.000885691,0.00215461,0.0299517,0.933973,0.0248589,0.00317231,0.00130725,0.000557815,0.000430071,0.000323618,0.000753689,0.000140518,0.000149034,0.000127744,7.66463e-05,0.000119228,0.00013626,0.000166067,0.00027252,0.000442845,
0.000544086,0.00100952,0.00277185,0.0562928,0.9155,0.0168515,0.00238118,0.00119448,0.0006491,0.000449011,0.000740717,0.000219968,0.000170702,0.000117547,0.000124893,0.000136562,0.000136562,0.000152984,0.000241144,0.000315907,
0.000189895,0.000330679,0.000749758,0.0019677,0.0356151,0.931068,0.0237401,0.00305142,0.00112627,0.000605699,0.000556589,0.000183347,0.00015388,0.000111318,6.2207e-05,8.18513e-05,6.5481e-05,0.000101496,7.85772e-05,0.000160429,
0.000108958,0.000152541,0.000288134,0.000593216,0.00180386,0.0288957,0.935475,0.0271039,0.00295882,0.00104358,0.000641642,0.000234865,0.000154963,0.000116222,6.05322e-05,7.26387e-05,5.8111e-05,7.74813e-05,7.74813e-05,8.23239e-05,
6.14827e-05,7.20226e-05,0.000151072,0.000216068,0.000518211,0.00156342,0.0313931,0.92753,0.0337926,0.00278253,0.00097494,0.00034606,0.000173908,0.000108912,6.14827e-05,6.4996e-05,5.79694e-05,3.86463e-05,3.86463e-05,5.44561e-05,
3.67677e-05,3.44697e-05,6.08965e-05,8.73233e-05,0.000166604,0.000397551,0.0013041,0.0363104,0.929654,0.028503,0.00237496,0.00054692,0.000190732,0.000124091,4.94066e-05,4.48106e-05,3.79167e-05,2.06818e-05,1.83839e-05,3.67677e-05,
3.15763e-05,2.8616e-05,4.14439e-05,6.61129e-05,8.88084e-05,0.000155908,0.000380889,0.00155415,0.0405469,0.921657,0.0328482,0.00174064,0.000440095,0.000148014,7.99275e-05,6.01923e-05,3.74969e-05,3.25631e-05,2.26955e-05,3.84836e-05,
4.49363e-05,5.45655e-05,5.45655e-05,7.06142e-05,9.17985e-05,0.000117476,0.000179745,0.000396082,0.0013314,0.0359805,0.948253,0.0118767,0.00078767,0.000283099,0.000138019,9.69341e-05,6.99723e-05,6.86884e-05,5.64914e-05,4.75041e-05,
5.32661e-05,4.56566e-05,3.61448e-05,6.08755e-05,8.75085e-05,0.000127458,0.000155993,0.000334815,0.000954984,0.00373053,0.0543694,0.9182,0.0190065,0.00171973,0.000506028,0.000228283,0.000146482,9.70203e-05,8.18015e-05,5.70708e-05,
6.86406e-05,5.76581e-05,6.86406e-05,8.23687e-05,7.13862e-05,0.000142772,0.000134536,0.000274562,0.000516177,0.0011614,0.00372032,0.034161,0.93123,0.0250236,0.00193841,0.000642476,0.000315747,0.00017572,0.000123553,9.06056e-05,
0.000126884,0.000120206,0.000113528,8.68154e-05,9.68326e-05,9.01545e-05,0.000136901,0.000263785,0.000377313,0.000784678,0.00167621,0.00337244,0.039127,0.924497,0.0255438,0.00206354,0.00070454,0.000380652,0.000273802,0.000163614,
0.000108658,0.000101867,9.50758e-05,9.16802e-05,8.48891e-05,9.50758e-05,0.000115449,0.000132427,0.000247876,0.000332765,0.000852286,0.00109677,0.00277757,0.0353139,0.928354,0.0272358,0.00178946,0.000617992,0.000342952,0.00021392,
0.000177494,0.000149321,0.000115512,8.73385e-05,0.000121147,9.01558e-05,7.6069e-05,9.57906e-05,0.000169042,0.000236659,0.00105651,0.0005353,0.000848028,0.00236377,0.0340564,0.939086,0.0182875,0.00152701,0.000622639,0.000298641,
0.000362038,0.000301215,0.000165089,0.000104267,0.000101371,0.000127437,0.000101371,9.55779e-05,0.000124541,0.000153504,0.00118459,0.000350452,0.00044603,0.000831238,0.00210561,0.0237439,0.949935,0.0176095,0.00156111,0.000596638,
0.000777045,0.000485653,0.000307975,0.00017294,0.000156357,0.000149249,0.000234535,0.000236904,0.000289023,0.000412213,0.00155172,0.000490391,0.000440641,0.000634903,0.000867068,0.00222453,0.0235719,0.946173,0.018912,0.00191181,
0.00216962,0.0010164,0.000527746,0.000351831,0.000224781,0.000210121,0.000205234,0.000171029,0.000166142,0.000161256,0.0011972,0.000273646,0.00036649,0.00038115,0.000645023,0.0011239,0.00271691,0.0317185,0.934476,0.0218966,
0.0275141,0.00342428,0.00116541,0.000676223,0.000474795,0.000407652,0.000493979,0.000465203,0.000853672,0.00106949,0.00209102,0.000796121,0.000743366,0.000700203,0.000585101,0.000829692,0.00147714,0.00357295,0.0310727,0.921587,


0.931407,0.0242534,0.00345617,0.00134273,0.00055395,0.000457611,0.000289017,0.000234827,0.000210742,0.000222784,0.000716522,0.000156551,0.000156551,0.000138487,0.000216763,0.000289017,0.000638247,0.00133068,0.00276373,0.0311657,
0.0270636,0.952504,0.0133456,0.00111557,0.000645183,0.000480335,0.000318328,0.000186165,0.000136426,0.000160585,0.00126337,9.80565e-05,9.80565e-05,0.000125058,0.000136426,0.000147795,0.000214587,0.000375173,0.000484598,0.00110136,
0.00181923,0.0246402,0.951863,0.0140646,0.00146786,0.000840199,0.000554184,0.000399587,0.000274195,0.000248467,0.00138905,0.000167344,0.000125624,0.000130955,0.000151815,0.000153901,0.000210224,0.000292737,0.00045081,0.000756527,
0.00104013,0.00216731,0.0286624,0.935024,0.0248588,0.00314216,0.00125774,0.000639748,0.000400386,0.000326402,0.000774661,0.000152321,0.000126209,0.000100097,0.000113153,0.000169729,0.000161025,0.000169729,0.000274178,0.000439555,
0.000363845,0.000684885,0.00198688,0.0282729,0.934483,0.0273312,0.00305701,0.00114861,0.000674184,0.000328174,0.000560036,0.000149819,0.000114148,0.000117715,6.77751e-05,7.13422e-05,8.56106e-05,0.00011058,0.000199758,0.000192624,
0.000150317,0.000323508,0.000748317,0.0020064,0.0343311,0.931635,0.0243971,0.00289197,0.00131037,0.000578394,0.00053918,0.000222208,0.000140514,0.000107836,0.000114372,0.000101301,9.4765e-05,9.4765e-05,0.000114372,9.80328e-05,
0.000144432,0.000141853,0.000296601,0.000613836,0.00184666,0.0268721,0.93547,0.0289147,0.00302533,0.00107808,0.00062931,0.000257914,0.000131536,0.000134115,5.67411e-05,8.25325e-05,6.44785e-05,4.90037e-05,8.51116e-05,0.000105745,
6.32763e-05,6.66967e-05,0.000138524,0.000271917,0.00050108,0.00156652,0.0311833,0.927567,0.033887,0.00278758,0.00105689,0.000312961,0.000153915,0.000118002,8.0378e-05,5.13051e-05,3.42034e-05,4.95949e-05,5.13051e-05,5.81458e-05,
4.24357e-05,4.01419e-05,4.35826e-05,8.83121e-05,0.000161714,0.000399125,0.00126389,0.0352365,0.930311,0.0290099,0.00228923,0.000565427,0.00021906,9.17528e-05,5.73455e-05,4.12888e-05,2.86727e-05,4.01419e-05,2.86727e-05,4.12888e-05,
3.75024e-05,4.83584e-05,3.05941e-05,6.41489e-05,8.98084e-05,0.000179617,0.000359234,0.0016205,0.0393835,0.922207,0.0334245,0.00173893,0.000364168,0.000167774,8.3887e-05,5.62536e-05,3.75024e-05,3.75024e-05,3.45417e-05,3.45417e-05,
7.43002e-05,5.82872e-05,6.91761e-05,7.87838e-05,7.94244e-05,0.000121699,0.000183188,0.000381749,0.00132523,0.034793,0.948971,0.0122723,0.000810257,0.000263894,0.000129385,9.15942e-05,8.58295e-05,8.71106e-05,6.02088e-05,6.34114e-05,
5.22331e-05,4.06257e-05,5.80367e-05,5.02985e-05,7.15786e-05,0.00011027,0.000181848,0.000381108,0.00100017,0.00369114,0.0529798,0.919412,0.0190863,0.00171402,0.000506854,0.000236016,0.000183783,0.000108335,8.3186e-05,5.22331e-05,
7.14313e-05,8.51681e-05,6.04419e-05,7.14313e-05,8.79155e-05,0.000101652,0.000159347,0.000280231,0.000560461,0.00118411,0.00345343,0.0331881,0.931852,0.0254955,0.00207151,0.00062365,0.000288473,0.000178578,9.34102e-05,9.34102e-05,
0.00011423,7.72733e-05,0.00011759,0.00011759,6.38344e-05,0.000124309,0.000184784,0.000204942,0.000282215,0.000490517,0.00139428,0.00329587,0.0394564,0.924091,0.0265383,0.00202926,0.000732416,0.000309093,0.000241899,0.000134388,
0.000172287,6.54692e-05,8.61436e-05,5.16862e-05,6.89149e-05,6.54692e-05,8.26979e-05,0.000175733,0.000223973,0.000303226,0.000720161,0.0009717,0.00258775,0.0325657,0.930286,0.0285135,0.00179179,0.000654692,0.000430718,0.000182624,
0.000142152,0.000160299,8.16615e-05,7.8637e-05,7.2588e-05,0.00012098,7.2588e-05,0.000114931,0.000184495,0.000260107,0.000744027,0.000408308,0.000919448,0.00243472,0.0336052,0.93889,0.0191451,0.0016423,0.00057768,0.000344793,
0.000380175,0.000282161,0.000198998,9.20736e-05,9.80139e-05,8.61334e-05,7.12828e-05,0.000103954,0.000130685,0.000193058,0.00118805,0.000365324,0.00050789,0.000813812,0.00199592,0.0244738,0.948373,0.018587,0.00137516,0.000683127,
0.000935177,0.000497435,0.000341098,0.000281406,0.000210344,0.000247296,0.000244454,0.000298461,0.000369523,0.000653771,0.00176802,0.000639559,0.000599764,0.000650929,0.00115405,0.002382,0.0235272,0.944358,0.0189963,0.00184477,
0.00215679,0.00100018,0.00048824,0.000270191,0.000184867,0.00026071,0.000142206,0.000132725,0.000199088,0.000184867,0.00113291,0.000213309,0.000308112,0.000436097,0.000687328,0.00105706,0.00283937,0.0251325,0.942407,0.0207668,
0.0137818,0.000893592,0.00046176,0.000299289,0.000259099,0.000184704,0.000142804,0.000170167,0.000165037,0.000239431,0.00164866,0.000203517,0.000200951,0.000195821,0.000320667,0.000328363,0.000472877,0.000950884,0.0152552,0.963825,


0.915476,0.0194196,0.00254437,0.00127081,0.000839081,0.000647594,0.000508009,0.000489136,0.00052413,0.000624395,0.00129401,0.00040106,0.000360561,0.000351124,0.00042072,0.000566989,0.000832396,0.00135574,0.00362881,0.0484453,
0.0271126,0.941865,0.0187585,0.00199569,0.000938418,0.00050016,0.000465495,0.000415974,0.000428355,0.000579393,0.00174065,0.000341693,0.000279792,0.000314457,0.000215415,0.000269888,0.000383786,0.000510064,0.000859185,0.0020254,
0.0013477,0.0248353,0.951276,0.0160699,0.00170011,0.000685599,0.000435708,0.000273385,0.000241348,0.000130285,0.00111276,0.000104655,6.62105e-05,7.47537e-05,0.000106791,0.000115334,0.000181545,0.000277657,0.000331052,0.000634339,
0.000824093,0.0021663,0.0273705,0.936394,0.0247636,0.00306791,0.00140749,0.000628269,0.000412046,0.000236621,0.00085673,0.000159107,0.000171346,0.000175426,0.000138709,0.000101992,0.000191744,0.000191744,0.000261099,0.000481401,
0.000374881,0.000864011,0.00194224,0.0276626,0.935081,0.027427,0.00294549,0.00110679,0.000614091,0.0003606,0.000531974,0.000178515,0.00012139,0.000110679,8.21168e-05,0.000110679,6.0695e-05,0.000103539,0.000142812,0.000178515,
0.000206379,0.000350516,0.00063224,0.00208672,0.033358,0.932406,0.0242904,0.00316775,0.00123827,0.000530688,0.000658446,0.00021293,0.000167069,9.82756e-05,0.000111379,8.8448e-05,5.89654e-05,0.000108103,0.000121207,0.000108103,
9.81081e-05,0.000170398,0.000338215,0.000606721,0.00185889,0.0259315,0.935543,0.0297603,0.00299746,0.00104304,0.000676429,0.000253016,0.000157489,0.000118762,5.42176e-05,7.74537e-05,5.16358e-05,8.00355e-05,0.00010069,8.26173e-05,
7.99554e-05,8.70625e-05,0.000115491,0.000271848,0.000501054,0.00147651,0.0301307,0.927392,0.0352497,0.00281621,0.000954134,0.000346473,0.000202554,9.59464e-05,5.86339e-05,3.19821e-05,4.44196e-05,5.68571e-05,4.08661e-05,4.79732e-05,
3.67626e-05,3.4465e-05,5.39951e-05,9.65019e-05,0.000168878,0.00036418,0.00130048,0.0343317,0.930288,0.0298352,0.00235166,0.000565226,0.000193004,0.00011833,6.08881e-05,5.05486e-05,5.16975e-05,2.41255e-05,3.79115e-05,3.67626e-05,
2.17136e-05,3.55314e-05,4.54012e-05,6.81019e-05,8.29066e-05,0.000180618,0.000396767,0.00154956,0.0383058,0.922226,0.0343944,0.00184862,0.00037308,0.000189501,8.19196e-05,5.72451e-05,3.94793e-05,3.84924e-05,2.46746e-05,4.04663e-05,
5.32283e-05,5.77175e-05,5.64349e-05,7.24675e-05,8.46523e-05,0.000126978,0.000182772,0.000348229,0.00134418,0.0338333,0.949942,0.012347,0.00076636,0.000286022,0.000125055,0.000108381,7.95218e-05,7.69566e-05,5.45109e-05,5.38696e-05,
3.50521e-05,3.89467e-05,6.42621e-05,7.59461e-05,6.23148e-05,0.000110998,0.000171366,0.000385573,0.000969773,0.00359868,0.0526599,0.919647,0.0193818,0.00171171,0.00050436,0.000196681,0.000149945,9.54195e-05,8.37355e-05,5.64728e-05,
7.67397e-05,7.3999e-05,8.22211e-05,5.75547e-05,7.94804e-05,0.000104147,0.000164442,0.000257626,0.000487845,0.00124154,0.0036835,0.0330556,0.931548,0.0258229,0.00183627,0.000696138,0.000364513,0.000164442,0.000115109,8.77025e-05,
0.000127596,9.40181e-05,9.73759e-05,7.38714e-05,8.39447e-05,0.000127596,0.000137669,0.000188036,0.000329063,0.000580898,0.00144385,0.00315968,0.0377785,0.924718,0.0275708,0.0020919,0.000688347,0.000372715,0.00019811,0.000137669,
0.000151576,6.54534e-05,6.20085e-05,6.54534e-05,7.57881e-05,8.26779e-05,0.000110237,0.000175691,0.000234254,0.000261813,0.000809555,0.0010507,0.00265947,0.0326819,0.92929,0.0289338,0.00197738,0.000709652,0.000334157,0.000268703,
0.000225481,0.000123551,8.03084e-05,8.33972e-05,9.88411e-05,8.6486e-05,9.57523e-05,0.000105019,0.000163706,0.00025328,0.000645556,0.000506561,0.000979144,0.00246794,0.0340477,0.937767,0.0195273,0.00169883,0.000636289,0.000407719,
0.000338261,0.000263453,0.000175635,9.43227e-05,0.000120343,0.000126848,9.75753e-05,0.000100828,0.000149615,0.000136605,0.00106032,0.000387049,0.000481371,0.00101804,0.00227025,0.0238669,0.947196,0.0196647,0.00170757,0.000744824,
0.000903678,0.00048683,0.000279927,0.000295141,0.000209945,0.000219073,0.000209945,0.000246458,0.000429019,0.000678519,0.00175563,0.000544641,0.000562897,0.00069069,0.000949318,0.00246762,0.0236265,0.941103,0.0222329,0.00210858,
0.00235408,0.00107326,0.000546755,0.000420191,0.000227815,0.000187314,0.000141751,0.000116439,0.000187314,0.000167064,0.0010277,0.000283503,0.000374629,0.000460692,0.000637881,0.00116439,0.0027034,0.0255962,0.94093,0.0213994,
0.0265665,0.00324451,0.00132958,0.00074005,0.000510091,0.00046828,0.000551902,0.000564445,0.000572807,0.00089475,0.00204873,0.000869663,0.000656429,0.000560264,0.000643885,0.000773499,0.00132958,0.00340758,0.037337,0.91693,


0.931995,0.0252615,0.00289254,0.00138601,0.00074724,0.000476064,0.000271176,0.000210915,0.000210915,0.000192836,0.000723136,0.000180784,0.000192836,0.00018681,0.000271176,0.000409777,0.000572482,0.0011992,0.0026756,0.0299438,
0.0271154,0.943357,0.0181371,0.00179385,0.000900311,0.000570874,0.000412925,0.000412925,0.00042872,0.000602464,0.00168329,0.000367796,0.000236924,0.00023918,0.000254975,0.000207591,0.000300104,0.00048513,0.000665644,0.0018277,
0.00214858,0.0249266,0.942707,0.0214544,0.00266706,0.00120587,0.000640253,0.000369225,0.000302451,0.000235676,0.000868073,0.000192469,0.000137478,0.000125694,0.000121766,0.000196397,0.000196397,0.000259243,0.000408505,0.000836649,
0.00105014,0.00254715,0.0374737,0.925693,0.0252407,0.00292327,0.00113207,0.000726162,0.000443145,0.000264398,0.000588378,0.000156404,0.000130337,0.000134061,0.000126613,0.00015268,0.000148956,0.00023833,0.000331428,0.000499004,
0.000374389,0.000702425,0.00204309,0.0274338,0.934482,0.0281897,0.00306642,0.00124083,0.000563366,0.000303077,0.000577629,0.000135493,0.000114099,9.27058e-05,6.77466e-05,8.55746e-05,7.13122e-05,0.000139059,0.000103403,0.000213937,
0.000211624,0.000400457,0.000686963,0.00202508,0.0326649,0.932479,0.0250595,0.00302785,0.00121439,0.000612081,0.000612081,0.000192089,0.000146509,0.00015302,9.44167e-05,8.46495e-05,7.8138e-05,6.18592e-05,8.79052e-05,0.00010744,
9.55778e-05,0.000183406,0.000278984,0.000599299,0.00163774,0.0261522,0.93493,0.0304558,0.00297841,0.00109269,0.00070521,0.00023507,0.000173073,8.78283e-05,6.9746e-05,5.42469e-05,3.87478e-05,6.9746e-05,7.74955e-05,8.52451e-05,
4.15047e-05,7.75958e-05,0.000147973,0.000252637,0.000564825,0.00153026,0.028797,0.927504,0.0361614,0.00292337,0.00106108,0.000326624,0.00018226,0.000126319,6.49639e-05,5.95502e-05,2.34592e-05,3.24819e-05,6.13548e-05,6.13548e-05,
2.9888e-05,3.67852e-05,4.4832e-05,0.000105757,0.000205767,0.000410385,0.00135071,0.033478,0.930156,0.0306996,0.0023669,0.000579367,0.000221861,0.000106907,6.43741e-05,4.02338e-05,3.90843e-05,2.75889e-05,1.83926e-05,1.72431e-05,
3.54845e-05,3.05561e-05,4.33699e-05,6.30835e-05,9.16682e-05,0.000155737,0.000403143,0.00156822,0.0371552,0.922619,0.0351563,0.00183829,0.000397229,0.000176437,8.27971e-05,5.12554e-05,4.73126e-05,3.15418e-05,3.15418e-05,2.1685e-05,
5.77426e-05,5.26099e-05,6.41584e-05,7.2499e-05,7.89148e-05,0.000116127,0.000186059,0.000338756,0.0013223,0.0326855,0.950773,0.0126046,0.000866139,0.000273315,0.000138582,9.30297e-05,8.0198e-05,7.82733e-05,5.90257e-05,5.90257e-05,
5.26507e-05,6.63008e-05,5.46007e-05,5.65507e-05,7.6051e-05,0.000111151,0.000196953,0.000430955,0.000957462,0.0036797,0.0508293,0.920815,0.0198961,0.00161462,0.000540157,0.000224253,0.000157952,0.000107251,6.43508e-05,6.82509e-05,
7.14123e-05,6.86657e-05,6.86657e-05,7.96522e-05,7.69055e-05,0.000123598,0.000173037,0.000288396,0.000502633,0.00124148,0.00363379,0.0318801,0.931636,0.0269142,0.00188693,0.000637217,0.000310369,0.000164798,0.000123598,0.000118105,
0.000130304,7.35051e-05,0.000130304,8.68697e-05,6.01405e-05,0.000120281,0.000133646,0.000190445,0.000374208,0.000638158,0.00168059,0.00367191,0.0374542,0.923832,0.0278417,0.00211828,0.000745074,0.000367525,0.000227198,0.000123622,
0.000104596,7.29536e-05,5.44954e-05,3.07636e-05,5.88902e-05,7.20746e-05,7.64694e-05,7.11956e-05,0.000127449,0.000212708,0.00121999,0.000492217,0.00101608,0.0156147,0.963129,0.0163003,0.000642519,0.000334883,0.000230287,0.000138875,
0.0001975,0.000115992,0.000119127,7.2103e-05,8.15078e-05,8.77776e-05,0.000103452,0.000125397,0.000147341,0.00018496,0.000877776,0.000426348,0.000862101,0.00248912,0.0335843,0.938111,0.0198628,0.0016521,0.000611308,0.000288412,
0.000390646,0.000272467,0.000196964,0.000147723,0.000114896,9.19166e-05,7.87856e-05,8.86339e-05,0.000111613,0.000157571,0.00116865,0.000321708,0.000416907,0.000942145,0.00240953,0.0237703,0.947168,0.0198409,0.00157243,0.000738615,
0.000888797,0.000402009,0.000311762,0.000251598,0.000196903,0.000185964,0.000246128,0.000388336,0.000421153,0.000546952,0.00177759,0.000604382,0.000492257,0.00073565,0.00111578,0.00254333,0.0235189,0.94339,0.0200567,0.00192527,
0.00228159,0.000998197,0.000570398,0.000351406,0.000218992,0.000188435,0.000193528,0.000162971,0.000101857,0.000254642,0.000962547,0.000213899,0.000331035,0.000478727,0.000728277,0.00112552,0.00279088,0.0252554,0.9405,0.0222914,
0.0272734,0.00285464,0.00138446,0.000552927,0.000458629,0.000420053,0.000428625,0.000424339,0.00058293,0.000788671,0.00179594,0.000552927,0.000458629,0.000561499,0.000510064,0.000754381,0.0012173,0.00287608,0.0282507,0.927854,


0.93093,0.0259463,0.00310561,0.00143243,0.000752328,0.000451397,0.000312968,0.000264819,0.000240745,0.000228708,0.000613899,0.000240745,0.000192596,0.000180559,0.000282875,0.000343061,0.000601862,0.00120372,0.00279866,0.0298764,
0.0269131,0.940922,0.0193251,0.00214348,0.000970288,0.000699752,0.000442222,0.00035898,0.000478641,0.000603503,0.00168825,0.000483843,0.000304353,0.00029915,0.000254928,0.000265333,0.000353778,0.000546275,0.000819412,0.00212787,
0.00146581,0.0246802,0.950119,0.0165422,0.00183572,0.000928229,0.000497821,0.000299038,0.000212611,0.000169397,0.00110627,0.000133098,0.000122727,0.000124455,0.000126184,0.000155569,0.000184954,0.000293853,0.000394108,0.000608448,
0.000800785,0.00218463,0.0279795,0.935885,0.0252487,0.00279721,0.00122147,0.000686387,0.000453901,0.00029522,0.000845068,0.000114398,0.000125469,0.000103327,9.96369e-05,0.000129159,0.000125469,0.000177132,0.000317362,0.000409618,
0.000345873,0.000784454,0.00208237,0.0263398,0.935208,0.0286932,0.00283116,0.00109824,0.000691745,0.000313781,0.000495632,0.000188982,8.55768e-05,7.48797e-05,7.48797e-05,0.000103405,0.000110537,8.91424e-05,0.000128365,0.000260296,
0.000181397,0.000295963,0.000731953,0.00197309,0.0317126,0.933593,0.0250901,0.00306465,0.00122523,0.000528279,0.000646028,0.000213221,0.000117749,9.86545e-05,8.59249e-05,5.41008e-05,7.95601e-05,7.95601e-05,8.91073e-05,0.000140026,
0.000112229,0.000174313,0.000305644,0.000628003,0.00173357,0.0263093,0.934697,0.0302826,0.00303495,0.0010602,0.000659045,0.000291317,0.000152822,0.000100289,7.6411e-05,8.11867e-05,5.01447e-05,7.16353e-05,7.40231e-05,0.000105065,
8.93713e-05,0.000120308,0.000182409,0.000325633,0.000792197,0.00262477,0.0701547,0.901855,0.0179492,0.00324372,0.00136761,0.00045946,0.000238782,0.000147119,8.79964e-05,7.51636e-05,6.57681e-05,6.64556e-05,7.40178e-05,8.06634e-05,
3.92823e-05,4.84177e-05,4.75042e-05,9.95761e-05,0.000169005,0.000416575,0.00145345,0.0346516,0.931063,0.0286158,0.00222722,0.000565483,0.000235694,0.000124242,6.5775e-05,4.11094e-05,4.56771e-05,3.01469e-05,2.83198e-05,3.1974e-05,
3.05842e-05,2.76244e-05,4.045e-05,5.32757e-05,0.000103592,0.000166733,0.000370956,0.00151737,0.0360785,0.922406,0.0365067,0.00182223,0.000464682,0.000147988,8.18867e-05,5.13025e-05,3.45305e-05,3.45305e-05,2.36781e-05,3.74903e-05,
5.37952e-05,5.1874e-05,5.37952e-05,7.42886e-05,9.41416e-05,0.000112714,0.000165228,0.000359275,0.0013199,0.0317738,0.951363,0.0129621,0.000837668,0.000262572,0.000136409,0.000110152,8.00524e-05,7.74907e-05,6.34015e-05,4.86719e-05,
4.87792e-05,4.6828e-05,7.0242e-05,6.24373e-05,5.07303e-05,0.000132679,0.000165849,0.000347308,0.000922902,0.00378526,0.049464,0.922,0.0201204,0.00164288,0.000548278,0.000228286,0.000136582,9.3656e-05,6.24373e-05,7.0242e-05,
9.9167e-05,8.26392e-05,4.95835e-05,6.06021e-05,6.06021e-05,0.000104676,0.000137732,0.000272709,0.000528891,0.00121755,0.00364163,0.0313285,0.932038,0.0271167,0.00191447,0.000586738,0.000355348,0.00019007,0.000129468,8.53938e-05,
0.000121371,9.1028e-05,8.09138e-05,6.06853e-05,8.09138e-05,9.1028e-05,9.1028e-05,0.000222513,0.000337141,0.000620339,0.00154748,0.00320958,0.0364449,0.924858,0.0285659,0.00216444,0.000728224,0.000357369,0.000175313,0.000151713,
0.000110128,7.22712e-05,9.63617e-05,8.94787e-05,6.88298e-05,7.22712e-05,8.60372e-05,0.000113569,0.000234021,0.000330383,0.000767452,0.00104965,0.0027291,0.0307566,0.929429,0.0307703,0.0020408,0.000677973,0.000313175,0.000192723,
0.000223192,0.000114878,0.000121442,0.000105031,9.84669e-05,8.86202e-05,8.20557e-05,0.000134571,0.000157547,0.00023632,0.000745066,0.000535003,0.000925589,0.00272425,0.0341713,0.935941,0.0207765,0.0018282,0.000643317,0.000347916,
0.000469772,0.000251197,0.000143541,0.000110918,0.000130492,0.000130492,0.000123967,0.000140279,0.000123967,0.000153328,0.000942805,0.000414312,0.000528493,0.000968904,0.00231297,0.023805,0.946883,0.0200795,0.00160505,0.000681821,
0.000984772,0.000580922,0.00038521,0.00023299,0.000164646,0.000173966,0.000245416,0.000351039,0.00038521,0.000658586,0.00178626,0.000593348,0.000590242,0.00070829,0.00101584,0.00249765,0.0247001,0.940149,0.0217768,0.00201925,
0.00219771,0.0011471,0.000643232,0.000444902,0.000273373,0.000192969,0.000246572,0.000139367,0.000192969,0.000219771,0.000948767,0.000278734,0.000418101,0.000418101,0.00060035,0.00121142,0.00278734,0.0253969,0.9387,0.0235423,
0.0274104,0.00278315,0.00118771,0.000819876,0.00040329,0.000398858,0.00045204,0.000483062,0.000607151,0.00103703,0.00208293,0.000695786,0.000571697,0.000527379,0.000576129,0.000757831,0.00125862,0.00313325,0.0279866,0.926827,


0.931808,0.0258393,0.00325469,0.00119499,0.000744615,0.000450372,0.000264218,0.000222184,0.000180149,0.000240198,0.000624516,0.000168139,0.000192159,0.000228188,0.000282233,0.000372308,0.000720595,0.00113494,0.00282834,0.0292502,
0.0268279,0.935857,0.0220647,0.00238642,0.00118031,0.00073205,0.000557906,0.000561131,0.00058048,0.000931993,0.00208973,0.000496633,0.000399886,0.00029669,0.000274116,0.00029669,0.000428911,0.000648203,0.000977142,0.00241222,
0.00185803,0.024903,0.942386,0.021955,0.0026571,0.00107448,0.000608999,0.000403413,0.000279286,0.000259891,0.000996897,0.000147401,9.69744e-05,0.000147401,0.000166796,0.000147401,0.000182312,0.000356866,0.000484872,0.000888286,
0.000848248,0.00205507,0.02522,0.938679,0.0254243,0.00289947,0.00103718,0.000690166,0.000304598,0.000316165,0.000821259,0.000150371,9.63919e-05,0.000131093,0.000127237,0.000131093,0.000123382,0.000212062,0.000327732,0.000404846,
0.000363524,0.000730413,0.00180415,0.0256251,0.936949,0.028163,0.00263218,0.00112086,0.000585677,0.000336596,0.000572213,0.000151468,9.42469e-05,9.08809e-05,7.40511e-05,8.7515e-05,0.000114443,0.000111077,0.000117809,0.000276009,
0.000200796,0.000359,0.00064194,0.00205664,0.0299947,0.935413,0.024914,0.00297544,0.0011348,0.000568923,0.000730169,0.000264686,0.00012778,0.00011561,7.30169e-05,6.99745e-05,8.82288e-05,7.60593e-05,9.12711e-05,0.000103441,
0.000116074,0.000172822,0.000332746,0.000626801,0.00172564,0.025005,0.93521,0.031389,0.00281158,0.000987921,0.000647436,0.000245046,0.000193457,0.00013671,7.48034e-05,7.2224e-05,5.67474e-05,6.19062e-05,6.70651e-05,6.70651e-05,
6.93854e-05,8.36183e-05,0.000142329,0.000250855,0.000505268,0.00148022,0.0274393,0.926918,0.0382901,0.00294087,0.000926918,0.000338031,0.000193923,0.000108526,7.29436e-05,5.15943e-05,4.62569e-05,4.8036e-05,4.98151e-05,4.44778e-05,
3.77306e-05,5.28229e-05,5.06669e-05,9.91777e-05,0.000158469,0.00036976,0.00124619,0.0324085,0.931537,0.0306588,0.00226384,0.000564882,0.000209136,0.000105646,6.57591e-05,4.20427e-05,3.98867e-05,2.15604e-05,3.44966e-05,3.34186e-05,
2.07312e-05,1.6234e-05,2.56672e-05,3.22486e-05,5.95611e-05,0.000114844,0.000300987,0.00130716,0.070625,0.916174,0.0100783,0.000816306,0.000199634,8.73125e-05,4.29981e-05,2.80804e-05,2.21572e-05,1.72212e-05,1.45886e-05,1.70018e-05,
5.19743e-05,5.83909e-05,6.22408e-05,7.25073e-05,9.04738e-05,0.00011999,0.000162981,0.000372162,0.00130962,0.0309273,0.951821,0.0133535,0.00082068,0.000279763,0.000148865,9.68903e-05,7.3149e-05,6.09575e-05,6.41658e-05,5.32576e-05,
1.28386e-05,1.34805e-05,1.25176e-05,1.52779e-05,1.82307e-05,2.86942e-05,4.6283e-05,9.37214e-05,0.000299203,0.00128264,0.0712523,0.919361,0.00653675,0.000683717,0.000177429,7.51697e-05,3.55628e-05,2.29168e-05,1.91294e-05,1.34163e-05,
7.13692e-05,7.96041e-05,6.03893e-05,6.58792e-05,8.7839e-05,0.000137248,0.000167443,0.000238812,0.000535269,0.00115838,0.00356571,0.0311883,0.931779,0.0275265,0.00194618,0.000658792,0.000293712,0.000172933,0.000161953,0.000104309,
0.000129833,0.000103201,0.000129833,9.65424e-05,0.00010653,0.000156465,0.00017644,0.000203072,0.000359537,0.00080563,0.00155467,0.00364864,0.034985,0.925203,0.029016,0.00190422,0.000689113,0.000339563,0.000236363,0.000156465,
0.000147725,0.00011337,0.000120241,8.93219e-05,6.87092e-05,0.000109935,8.93219e-05,0.000116806,0.000216434,0.000329804,0.000889784,0.00110965,0.00272432,0.0306512,0.928824,0.0312627,0.00193073,0.000649302,0.000343546,0.000212998,
0.000136224,7.94948e-05,6.99778e-05,6.75519e-05,6.79251e-05,6.45662e-05,6.69921e-05,8.90118e-05,0.000109725,0.000171866,0.000711535,0.000343544,0.00058856,0.00169794,0.0341007,0.946715,0.01339,0.000916616,0.000375641,0.000237551,
0.000376873,0.000191802,0.000117773,0.000124503,0.000137963,0.000144692,0.000124503,0.000111043,0.000144692,0.000245641,0.00100275,0.000390333,0.000477822,0.00087152,0.00258091,0.023706,0.945542,0.0212664,0.00171612,0.000726827,
0.000599287,0.000356012,0.000307555,0.00021064,0.000202729,0.000193829,0.000223496,0.000329311,0.00037579,0.000489516,0.00173852,0.000601265,0.000563686,0.000676423,0.000829706,0.00197389,0.0234998,0.947032,0.0182476,0.00154865,
0.00213471,0.00113228,0.000612885,0.000410321,0.000259697,0.00019737,0.000176594,0.000186982,0.000103879,0.000207758,0.00090894,0.000186982,0.00031683,0.000384352,0.000670018,0.00115825,0.00272682,0.0252893,0.939875,0.0230611,
0.0275878,0.00311371,0.00123935,0.000748517,0.000490831,0.000417206,0.000490831,0.000552185,0.000674892,0.000987797,0.00200934,0.000886563,0.000674892,0.000641148,0.000607403,0.00075772,0.00115345,0.00333458,0.0354594,0.918172,


0.932073,0.0266935,0.0032332,0.00139602,0.000688942,0.000507642,0.000332385,0.000259864,0.000205474,0.000235691,0.000713116,0.000157127,0.000259864,0.000217561,0.000332385,0.000380731,0.000610379,0.00107572,0.0027739,0.0278538,
0.0271095,0.935187,0.023145,0.00244545,0.00117853,0.000838067,0.000605634,0.000523792,0.000507423,0.000857709,0.00141751,0.000464865,0.000386296,0.000311001,0.000304454,0.000311001,0.000441949,0.000422307,0.000880625,0.00266152,
0.00194049,0.0241517,0.944022,0.021353,0.00255568,0.00113544,0.000581009,0.000406327,0.000243036,0.000224049,0.000816451,0.000174682,0.000129113,6.45566e-05,9.49361e-05,0.000144303,0.000205062,0.000345567,0.000524047,0.000888602,
0.000864152,0.00210402,0.0251355,0.938916,0.0250792,0.00287049,0.0012023,0.000627449,0.000383232,0.000289303,0.000762708,0.000229188,0.00012023,9.01723e-05,0.000131501,0.000139016,0.000176588,0.000229188,0.000259245,0.000390747,
0.000366759,0.000733519,0.00203416,0.0250347,0.937264,0.0282507,0.00262165,0.00114782,0.000522972,0.000315821,0.000567119,9.16898e-05,0.000139233,8.15021e-05,0.000101878,8.15021e-05,8.15021e-05,0.000132441,0.000186776,0.000244506,
0.000207799,0.000302531,0.000690627,0.00199548,0.0297397,0.935925,0.0250612,0.00279307,0.00106955,0.000574504,0.000647845,0.000183352,0.000119179,0.000113067,6.72291e-05,0.000128347,7.63968e-05,9.16761e-05,8.86202e-05,0.000125291,
0.000113678,0.000160183,0.000304864,0.00056839,0.00195836,0.0237975,0.935299,0.0318583,0.00308223,0.00104635,0.000736324,0.000325533,0.000167933,0.000121429,9.04257e-05,6.45898e-05,8.26749e-05,5.16718e-05,6.45898e-05,0.000105927,
4.51975e-05,0.00010305,0.000126553,0.000207908,0.000502596,0.0015331,0.0269232,0.926695,0.0390958,0.00278597,0.00107208,0.000312767,0.000168135,0.000115706,6.68923e-05,6.14686e-05,4.51975e-05,4.51975e-05,4.88133e-05,4.51975e-05,
3.21567e-05,4.24927e-05,5.74226e-05,7.92432e-05,0.000157338,0.000376692,0.00128512,0.0305534,0.930915,0.0330203,0.00232791,0.000592601,0.000246917,9.76185e-05,5.51257e-05,3.5602e-05,3.90474e-05,2.75629e-05,2.18206e-05,3.67505e-05,
3.55453e-05,2.6659e-05,3.85074e-05,5.82548e-05,7.2078e-05,0.000156992,0.000388036,0.00156103,0.034242,0.922699,0.0380157,0.00186119,0.000413708,0.000178714,7.2078e-05,5.72674e-05,4.24569e-05,3.65327e-05,1.67853e-05,2.76463e-05,
2.49235e-05,2.11386e-05,1.85188e-05,1.85777e-05,2.09601e-05,3.18922e-05,5.95449e-05,0.000171099,0.000960923,0.0594644,0.932089,0.00621769,0.000593016,0.000118591,4.89428e-05,2.94273e-05,2.67502e-05,2.82824e-05,2.89155e-05,2.76157e-05,
4.67725e-05,6.23633e-05,7.60053e-05,4.09259e-05,9.15962e-05,0.000111085,0.000196834,0.000360538,0.000958836,0.003734,0.0465036,0.923568,0.0215017,0.00158442,0.000533986,0.000274788,0.000113034,9.15962e-05,7.79542e-05,7.21076e-05,
8.52658e-05,3.85071e-05,7.97648e-05,6.32617e-05,7.97648e-05,9.62678e-05,0.000165031,0.000233793,0.000519846,0.00110846,0.00353716,0.0303794,0.932216,0.0281487,0.00196386,0.000632617,0.000286053,0.000148528,0.000115521,0.000101769,
7.43004e-05,5.90032e-05,5.57253e-05,5.79106e-05,7.43004e-05,7.75783e-05,8.19489e-05,0.000146415,0.000228364,0.000393355,0.00141389,0.00140187,0.0185642,0.957815,0.017748,0.000900346,0.000397726,0.000207604,0.000185751,0.000116914,
