0.931122,0.0236776,0.00298972,0.00136879,0.000528303,0.000408234,0.000324186,0.000324186,0.000264152,0.000168096,0.000648372,0.0001741,0.000252145,0.000258148,0.000204117,0.000450258,0.000630362,0.00123671,0.00250344,0.0324666,
0.0270571,0.949861,0.014737,0.00153331,0.00078007,0.000436993,0.000333494,0.000235746,0.00021658,0.000206996,0.00122665,0.000164831,0.000132248,0.000105415,0.000164831,0.00018208,0.000224246,0.000402493,0.000622906,0.00137614,
0.00176487,0.0244945,0.947967,0.0180891,0.00231862,0.000877579,0.000544034,0.000408026,0.000204013,0.000155438,0.000744809,0.000184583,0.000136009,0.00013277,0.00013277,0.000204013,0.000174868,0.000252587,0.000440409,0.000773954,
0.00135101,0.00314723,0.0404045,0.927503,0.0181545,0.00267759,0.00134358,0.000865966,0.00061202,0.000391013,0.00104128,0.000224726,0.000164162,0.000165224,0.000165224,0.000185944,0.000225789,0.00030601,0.000403763,0.000667272,
0.000374605,0.000720669,0.00226904,0.0293441,0.935068,0.0254874,0.00290765,0.00109171,0.000617207,0.000346064,0.000510177,0.000156977,0.000139139,0.000114165,8.20564e-05,0.000117733,0.000128436,0.000121301,0.000185519,0.000217628,
0.00030575,0.000504337,0.00103747,0.00356318,0.0854664,0.887459,0.0153655,0.00272161,0.00117243,0.000596431,0.000590403,0.000220354,0.000148354,0.000118549,0.000102475,0.00010281,9.24283e-05,0.000112187,0.00014601,0.00017481,
0.000238356,0.000306708,0.000568724,0.00145686,0.00527011,0.0765122,0.886633,0.0200876,0.00429566,0.00194409,0.00107391,0.000436401,0.00023266,0.00017088,0.000126188,0.000108662,0.0001091,0.000111291,0.000135828,0.000181396,
6.90599e-05,6.72425e-05,0.000127216,0.000238075,0.000507045,0.00145208,0.0318948,0.928327,0.0324781,0.00297866,0.000928674,0.000367108,0.000183554,8.90509e-05,7.81467e-05,5.4521e-05,3.27126e-05,2.90778e-05,5.4521e-05,4.36168e-05,
4.47209e-05,4.35742e-05,6.53613e-05,8.4855e-05,0.000160536,0.000381847,0.00127053,0.0378293,0.929389,0.0273187,0.0022865,0.000540091,0.000222458,0.000122696,5.50411e-05,5.50411e-05,3.66941e-05,2.98139e-05,3.55474e-05,2.75205e-05,
8.7318e-05,0.000109839,0.000127421,0.000188662,0.000355593,0.000663379,0.00189531,0.00850165,0.0707817,0.893875,0.0195567,0.00205513,0.000767094,0.000357371,0.000213751,0.000130582,9.93686e-05,8.23792e-05,7.90208e-05,7.32918e-05,
0.000112412,0.000116724,0.000121356,0.000125348,0.000154055,0.000230565,0.000407806,0.00122004,0.00688767,0.0594382,0.923728,0.00553954,0.000811547,0.000322352,0.000189636,0.000134933,0.000120568,0.00011219,0.000108789,0.00011803,
5.57406e-05,4.61302e-05,4.2286e-05,8.26499e-05,6.53511e-05,0.000113403,0.000178754,0.000395951,0.00100718,0.00352319,0.0568958,0.916649,0.0181445,0.00175871,0.000472834,0.000224885,0.000130702,9.03382e-05,6.15069e-05,6.15069e-05,
0.00027112,0.000210506,0.000167248,0.00014588,0.000166466,0.000227653,0.000385416,0.00085912,0.00227877,0.0080782,0.0208842,0.0728789,0.87312,0.0159235,0.00200031,0.00086428,0.000486265,0.000383748,0.000347005,0.000320997,
0.000270573,0.000226817,0.000178537,0.000159359,0.000156051,0.00019427,0.000283133,0.000501712,0.00108209,0.00278474,0.00570527,0.00762373,0.0429346,0.919411,0.0150972,0.00138285,0.000753581,0.000506979,0.000404408,0.000342758,
0.000290928,0.000232758,0.000189053,0.000161375,0.000156997,0.000177638,0.000228927,0.000338387,0.00061274,0.00128443,0.00295549,0.00253188,0.0034196,0.0337427,0.935813,0.0150535,0.00125144,0.000722982,0.00046927,0.000366768,
0.000385676,0.000287351,0.000224583,0.000185933,0.000179543,0.000190468,0.000255503,0.00034816,0.000535948,0.00090668,0.00229334,0.00137017,0.00176378,0.0025843,0.0340932,0.935525,0.0161316,0.00147159,0.000750533,0.000516365,
0.000606698,0.000427294,0.00032791,0.00028192,0.000259566,0.000302708,0.000387142,0.000471576,0.000697824,0.00110718,0.0026529,0.0012423,0.00126394,0.00163955,0.00292143,0.023606,0.938604,0.0202081,0.0020405,0.000951552,
0.000804856,0.00052266,0.000368458,0.000292883,0.000230541,0.000225451,0.000255732,0.00030866,0.000373801,0.000488563,0.0018489,0.000588565,0.000679916,0.000817834,0.00135423,0.00275758,0.0235497,0.945673,0.0172363,0.00162269,
0.00199039,0.00108952,0.000599003,0.000363175,0.000249978,0.000216962,0.000245261,0.000231111,0.000292427,0.000245261,0.00108009,0.000198095,0.000405624,0.000396191,0.000580137,0.00116027,0.00240073,0.0246393,0.943439,0.0201774,
0.0273704,0.0031204,0.00128283,0.000703329,0.00047549,0.000534926,0.000515114,0.000500255,0.000579503,0.00103023,0.00190691,0.000812295,0.000733047,0.000728094,0.000609222,0.000812295,0.00124321,0.00360085,0.0312288,0.922213,


0.930872,0.0240232,0.0030014,0.00131725,0.000805986,0.000384949,0.000354874,0.000288711,0.000222548,0.000228563,0.000739823,0.000234578,0.000210519,0.000240593,0.000240593,0.000517275,0.000625541,0.00120296,0.00268261,0.0318064,
0.0271373,0.946069,0.0149922,0.00153957,0.000920642,0.000629323,0.000524945,0.000414656,0.000412821,0.000503132,0.00163212,0.000281534,0.000246877,0.000212832,0.000218336,0.000255032,0.000355128,0.000528615,0.000888024,0.0022382,
0.00218836,0.0249901,0.945551,0.0185929,0.00241543,0.00110899,0.000533105,0.000440964,0.000319205,0.000210609,0.00100698,0.00012834,0.000154666,0.000115177,0.000207319,0.00017112,0.000200737,0.000289588,0.00055285,0.000822693,
0.00105025,0.00218589,0.0287111,0.935098,0.0247663,0.00313794,0.00118687,0.000670281,0.000392776,0.000320198,0.000734321,0.00018358,0.000115271,0.000106733,0.000119541,0.000102463,0.000162234,0.000200657,0.000264697,0.00049097,
0.00024329,0.000365457,0.000757019,0.0168998,0.963139,0.0143176,0.00116215,0.000559672,0.000320558,0.00023076,0.0012248,0.000121123,7.6224e-05,5.32524e-05,6.26498e-05,7.51798e-05,8.66656e-05,7.83123e-05,9.29306e-05,0.000133653,
0.000219326,0.000346993,0.000720173,0.00209832,0.0358254,0.930379,0.0237821,0.00309347,0.00126685,0.000618694,0.000608874,0.000199684,0.000144035,8.18379e-05,8.51114e-05,0.000108026,8.51114e-05,7.85644e-05,0.0001113,0.000147308,
0.000134649,0.000199384,0.000300371,0.000590384,0.0017841,0.0276315,0.935798,0.027717,0.00304255,0.00110568,0.000668067,0.00030555,0.000214921,0.000103576,6.47351e-05,6.21457e-05,6.21457e-05,5.43775e-05,6.9914e-05,9.06292e-05,
5.9899e-05,6.17142e-05,0.000130689,0.000263193,0.000506419,0.00152107,0.0314924,0.928644,0.0326504,0.00286426,0.000909376,0.000341243,0.000174252,9.25712e-05,7.62351e-05,6.35293e-05,3.44873e-05,2.72268e-05,4.17478e-05,4.53781e-05,
3.11898e-05,5.08279e-05,7.39314e-05,7.50866e-05,0.000166346,0.000389295,0.00133423,0.0366284,0.929839,0.0280131,0.00228032,0.000572969,0.000205622,0.000103966,7.39314e-05,4.62071e-05,3.69657e-05,2.42588e-05,2.54139e-05,2.88795e-05,
3.66446e-05,1.38655e-05,4.25869e-05,6.83372e-05,8.71547e-05,0.000170348,0.000410023,0.00155195,0.0411796,0.921419,0.0323294,0.00181539,0.000435773,0.000166386,8.61643e-05,5.54621e-05,4.75389e-05,2.97118e-05,2.97118e-05,2.47599e-05,
5.54392e-05,5.73732e-05,6.76874e-05,7.67124e-05,8.70267e-05,0.00011668,0.000167607,0.000350041,0.00133248,0.0367743,0.947583,0.0117518,0.000818051,0.000250766,0.000141177,0.000101853,8.12249e-05,6.83321e-05,5.02821e-05,6.76874e-05,
0.000206385,0.000165887,0.000133417,0.0001264,0.000149206,0.000245367,0.000533045,0.00134324,0.00502915,0.0320261,0.134733,0.801571,0.01857,0.00289736,0.000862589,0.000382828,0.000257796,0.000251849,0.000265764,0.000249232,
5.26132e-05,4.7075e-05,6.64588e-05,8.03044e-05,6.64588e-05,0.000132918,0.000168916,0.000276912,0.000562131,0.00116303,0.00355001,0.0349241,0.931639,0.0239086,0.001955,0.000714432,0.000263066,0.000185531,0.000143994,9.96882e-05,
0.000138554,0.000101381,6.75872e-05,0.00010476,7.77253e-05,0.000101381,0.000114898,0.000229796,0.000300763,0.000490007,0.00157816,0.00333881,0.0396804,0.924312,0.0258251,0.00202086,0.000736701,0.000327798,0.000219658,0.000233176,
0.000146505,8.85842e-05,8.177e-05,9.53984e-05,8.51771e-05,8.177e-05,9.88055e-05,0.000153319,0.000173761,0.000330487,0.000882435,0.000984648,0.0026916,0.0336245,0.930628,0.0266264,0.0019216,0.000688231,0.000412257,0.000204425,
0.000269331,0.000192784,9.3557e-05,7.65467e-05,8.22168e-05,8.22168e-05,7.93817e-05,0.000121908,0.000138918,0.00020696,0.000754126,0.000473455,0.00090722,0.0022964,0.0339243,0.940186,0.0177673,0.00151392,0.000518816,0.000314692,
0.000379429,0.000206704,0.00018122,0.00014441,7.92837e-05,0.000101936,8.49468e-05,0.000107599,0.000172725,0.000152904,0.000917426,0.000305809,0.000447387,0.000784343,0.00228224,0.0236917,0.950057,0.0177964,0.0014894,0.00061728,
0.000722027,0.000412968,0.00030906,0.000215809,0.000186502,0.000258438,0.000250445,0.000263766,0.00038366,0.000471582,0.00144938,0.000508883,0.00053819,0.000594141,0.000940501,0.00212345,0.023342,0.946735,0.018413,0.001881,
0.00192122,0.000879748,0.000546592,0.000404302,0.000354978,0.000380985,0.000469169,0.000566919,0.000775422,0.00121335,0.00293085,0.00107435,0.000803372,0.000773031,0.000816824,0.00112786,0.00240488,0.0251422,0.937369,0.0200445,
0.0219257,0.00267913,0.00134045,0.000864824,0.000663757,0.000552053,0.000525596,0.000500316,0.000562635,0.000704911,0.00168085,0.000592619,0.000579685,0.000574393,0.000730191,0.00103356,0.00186487,0.00393492,0.0376278,0.921062,


0.930554,0.0244984,0.00311554,0.0011552,0.000723458,0.000513422,0.00030922,0.00017503,0.000250877,0.000256711,0.000676783,0.000169196,0.000169196,0.000198368,0.000274214,0.000390901,0.000635943,0.00124855,0.0028705,0.0318147,
0.0270854,0.937835,0.0213319,0.00238599,0.00103519,0.00056178,0.00045763,0.000435537,0.000492347,0.000760612,0.00170428,0.00048919,0.000356636,0.000331387,0.000325075,0.000344011,0.000378728,0.000580716,0.000921572,0.00218715,
0.00185842,0.0246211,0.947316,0.0181746,0.00234137,0.000984231,0.000589927,0.000400417,0.000250643,0.000152831,0.00119819,0.000113095,9.78118e-05,9.47552e-05,0.000113095,0.000165057,0.000192567,0.000259813,0.000363738,0.000712192,
0.000891965,0.00216988,0.0294734,0.934269,0.0249922,0.00319049,0.00131651,0.000544613,0.000441694,0.000321622,0.00075474,0.000137225,0.00015009,0.000128649,7.71893e-05,0.000120072,0.000137225,0.000167243,0.000270162,0.000445982,
0.000544084,0.00101069,0.00277453,0.0559956,0.915771,0.0168753,0.00238367,0.00119638,0.000649698,0.000448426,0.000734102,0.00022075,0.000170973,0.000118166,0.000125525,0.000136346,0.00013548,0.000152361,0.000241959,0.00031511,
0.000193598,0.000324851,0.000751423,0.00196879,0.0355663,0.931069,0.0238027,0.00305819,0.00111893,0.000607045,0.000538137,0.000183754,0.000150941,0.000114846,6.23452e-05,8.20331e-05,6.56265e-05,0.000101721,7.87518e-05,0.000160785,
0.000106941,0.00015312,0.000291658,0.000595468,0.00180828,0.0286286,0.935658,0.0271728,0.00296519,0.00104511,0.000641647,0.000235757,0.000157981,0.000116663,5.83316e-05,7.29145e-05,5.83316e-05,7.53449e-05,7.77754e-05,8.02059e-05,
6.17714e-05,7.05959e-05,0.000151781,0.000217082,0.000520645,0.00156899,0.0309793,0.927786,0.0339302,0.0027903,0.000977753,0.00034592,0.00017649,0.000107659,6.17714e-05,6.53012e-05,6.00065e-05,3.70629e-05,3.70629e-05,5.47118e-05,
3.699e-05,3.46782e-05,6.12647e-05,8.66954e-05,0.000166455,0.000401111,0.00131083,0.0358745,0.929914,0.0286626,0.00237545,0.000552539,0.000191886,0.000123685,4.97054e-05,4.27697e-05,3.8146e-05,2.08069e-05,1.8495e-05,3.699e-05,
3.17153e-05,2.8742e-05,4.06352e-05,6.7395e-05,8.7217e-05,0.000154612,0.000384548,0.00155702,0.040105,0.921966,0.032974,0.00174632,0.000439059,0.000147674,7.92882e-05,6.04573e-05,3.66708e-05,3.27064e-05,2.27954e-05,3.8653e-05,
4.58551e-05,5.61886e-05,5.74803e-05,7.1043e-05,9.30018e-05,0.000117544,0.000181483,0.000386216,0.00133432,0.0360879,0.948069,0.011943,0.000793745,0.000281589,0.00014144,9.6231e-05,6.7168e-05,6.91055e-05,5.61886e-05,5.10218e-05,
5.33198e-05,4.57027e-05,3.61813e-05,6.28412e-05,8.75969e-05,0.000125682,0.000156151,0.000335153,0.000954044,0.00373239,0.0542739,0.918305,0.0189895,0.00172147,0.000508443,0.000228514,0.000148534,9.71183e-05,8.1884e-05,5.71284e-05,
6.90655e-05,5.80151e-05,6.63029e-05,8.56413e-05,7.18282e-05,0.000143656,0.000135368,0.0002735,0.000522136,0.00116306,0.00372401,0.0341764,0.931169,0.0250376,0.00195041,0.000643691,0.000317701,0.00017957,0.000121555,9.11665e-05,
0.000124257,0.00011754,0.000114182,8.73154e-05,0.000100749,9.06737e-05,0.00013769,0.00025523,0.000382845,0.000792555,0.00167243,0.00339187,0.0381165,0.925342,0.0256707,0.00207878,0.000711957,0.00037277,0.000275379,0.000164556,
0.000109918,9.96129e-05,9.6178e-05,7.90033e-05,8.24383e-05,9.6178e-05,0.000116788,0.000133962,0.000254185,0.000329753,0.000827817,0.00110605,0.00280634,0.0338306,0.929508,0.0275309,0.00180677,0.000621722,0.000346928,0.0002164,
0.000180594,0.000146732,0.000115693,8.46532e-05,0.000121336,8.7475e-05,7.61879e-05,9.59403e-05,0.000169306,0.000237029,0.00104123,0.000541781,0.00084371,0.002359,0.0340165,0.939137,0.0182992,0.00152376,0.000626434,0.000296286,
0.00036648,0.000299583,0.000168697,0.000104709,0.0001018,0.000127977,0.0001018,9.30744e-05,0.000125069,0.000154154,0.00116925,0.000349029,0.000450829,0.00083767,0.00211163,0.0232744,0.950383,0.0176201,0.0015619,0.000599166,
0.000780657,0.000487911,0.000307027,0.000171364,0.000159463,0.000147563,0.000235625,0.000238005,0.000290366,0.000414129,0.00154703,0.000492671,0.00044507,0.000640234,0.000861579,0.00222535,0.0234149,0.946266,0.0189571,0.00191832,
0.00223591,0.00104888,0.000527,0.000358155,0.000230243,0.00022001,0.000199544,0.000179078,0.000163728,0.000143262,0.00107958,0.000286524,0.000368388,0.000373505,0.000644679,0.00116145,0.00280896,0.0251271,0.940285,0.0225587,
0.0275251,0.00342684,0.00117108,0.00067673,0.000475151,0.000403158,0.000499148,0.000465552,0.000844712,0.00107029,0.00211178,0.000796717,0.000743923,0.000695928,0.00058074,0.000839913,0.00148305,0.00357563,0.0306832,0.921931,


0.931334,0.0242435,0.0034625,0.00134285,0.000554,0.000457652,0.000283022,0.000228826,0.000204739,0.000216783,0.000722609,0.000162587,0.000156565,0.0001385,0.000216783,0.000283022,0.000638304,0.00133683,0.00275796,0.0312588,
0.0270413,0.952516,0.0133556,0.00111427,0.000644655,0.000479577,0.000317346,0.000186423,0.000136616,0.000160808,0.00126369,9.81924e-05,9.96155e-05,0.000125231,0.000136616,0.000149423,0.000214885,0.00037427,0.000481,0.00110431,
0.00181987,0.024603,0.951893,0.0140675,0.00146884,0.000840727,0.000554379,0.000399264,0.000274059,0.000248786,0.00138954,0.000167403,0.0001259,0.000131001,0.000151869,0.000153955,0.000210298,0.000292608,0.000450969,0.000756793,
0.00104766,0.00218298,0.0283876,0.935146,0.0249816,0.00315174,0.00125807,0.000644375,0.000398899,0.000328763,0.000749579,0.000153423,0.000131505,0.000100821,0.000113971,0.000170957,0.00016219,0.000170957,0.000276161,0.000442734,
0.000360971,0.000682628,0.0019907,0.0278519,0.934847,0.0273659,0.00306289,0.00115082,0.000671906,0.000332379,0.000561113,0.000153681,0.000114367,0.000117941,6.79054e-05,7.86273e-05,8.57752e-05,0.000107219,0.000203716,0.000192994,
0.00015062,0.00032416,0.00074655,0.00201045,0.0342038,0.931727,0.0244135,0.00290107,0.00130974,0.000579558,0.000546815,0.000222655,0.000140797,0.000108053,0.000114602,9.82302e-05,9.49559e-05,9.49559e-05,0.000114602,9.82302e-05,
0.000144983,0.000142394,0.000297734,0.000613591,0.00185631,0.0267106,0.935542,0.0289734,0.00303947,0.00108479,0.000626536,0.00025631,0.000132038,0.000134627,5.69578e-05,8.28477e-05,6.47248e-05,4.91908e-05,8.54367e-05,0.000106149,
6.35833e-05,6.70202e-05,0.000137477,0.000273236,0.000503511,0.0015724,0.0307795,0.927842,0.0339999,0.00279595,0.00105858,0.000312761,0.000154662,0.000118574,8.07679e-05,5.1554e-05,3.43693e-05,4.63986e-05,5.1554e-05,5.67094e-05,
4.26804e-05,4.15269e-05,4.38339e-05,8.99749e-05,0.000161493,0.000397966,0.00127234,0.0349137,0.93049,0.0291357,0.00228859,0.000568688,0.000221477,9.2282e-05,5.76762e-05,4.26804e-05,2.76846e-05,4.03734e-05,2.88381e-05,4.26804e-05,
3.7651e-05,4.65683e-05,2.97245e-05,6.53938e-05,8.91734e-05,0.000180328,0.000361648,0.00162593,0.0389608,0.922504,0.0335351,0.00174483,0.000363629,0.000168439,8.42193e-05,5.74673e-05,3.7651e-05,3.7651e-05,3.46785e-05,3.46785e-05,
7.47566e-05,5.80008e-05,7.02454e-05,7.21788e-05,7.99122e-05,0.000123735,0.000178514,0.000378939,0.00133144,0.0348875,0.948815,0.0123348,0.000812656,0.00026487,0.000131469,8.89346e-05,8.57123e-05,8.70012e-05,6.18675e-05,6.2512e-05,
5.42318e-05,4.06739e-05,5.81055e-05,5.03581e-05,6.97266e-05,0.0001104,0.000184001,0.000379623,0.00100135,0.00369357,0.0529167,0.919472,0.0190915,0.00171218,0.000505518,0.000238233,0.000182064,0.00010459,8.32846e-05,5.2295e-05,
7.18568e-05,8.56754e-05,6.08019e-05,7.18568e-05,8.84391e-05,0.000102258,0.00016306,0.0002819,0.000569327,0.00119669,0.00346018,0.0334051,0.931587,0.0254898,0.00208385,0.000627365,0.000290191,0.000179642,9.12028e-05,9.39665e-05,
0.000111533,7.7735e-05,0.000118292,0.000118292,6.08361e-05,0.000121672,0.000182508,0.000206167,0.000280522,0.000490069,0.00138233,0.00331557,0.0385329,0.924851,0.0266901,0.00203801,0.000733413,0.00031094,0.000243344,0.000135191,
0.000172381,6.55046e-05,8.27426e-05,5.17142e-05,6.89522e-05,6.55046e-05,8.27426e-05,0.000175828,0.000220647,0.000296494,0.000703312,0.000968778,0.00258916,0.0324661,0.930475,0.0284738,0.00178241,0.000658494,0.000420608,0.000179276,
0.00014241,0.00016059,8.18098e-05,7.87798e-05,7.27198e-05,0.0001212,7.27198e-05,0.00011514,0.000181799,0.000257549,0.000730228,0.000409049,0.000921117,0.00243914,0.0335511,0.938994,0.0191102,0.00163923,0.000575698,0.000345419,
0.000387487,0.000283164,0.000196724,9.24008e-05,9.83621e-05,8.34588e-05,7.45168e-05,0.000104323,0.000125188,0.000193744,0.00116246,0.000372584,0.000518637,0.000810742,0.00200599,0.0241345,0.948688,0.0186083,0.00137409,0.000685554,
0.000937223,0.000497185,0.000345744,0.000282881,0.000205732,0.000245735,0.000245735,0.000300026,0.000365746,0.000657199,0.00174872,0.000640055,0.000600051,0.000651484,0.00114581,0.00239449,0.0233877,0.94447,0.0190216,0.0018573,
0.0021733,0.00100086,0.000486133,0.000271663,0.000185874,0.000257365,0.00014298,0.000138214,0.000190641,0.000176342,0.00109618,0.000204939,0.000300259,0.000438473,0.00068154,0.00106759,0.00285484,0.0245402,0.942937,0.0208561,
0.0138021,0.000894526,0.000463987,0.000299319,0.000258152,0.000182679,0.000141512,0.000168956,0.000164668,0.000240141,0.00164926,0.000203262,0.000202405,0.000196401,0.00032076,0.000325906,0.000468275,0.000949415,0.0142995,0.964769,


0.915498,0.0194237,0.00254574,0.00127169,0.00083874,0.000647849,0.000508124,0.000488445,0.000524655,0.000624234,0.00129255,0.000401462,0.000360528,0.000350295,0.000420354,0.000567163,0.000832836,0.0013571,0.00363165,0.0484147,
0.027083,0.941866,0.0187803,0.00199622,0.000941002,0.000494088,0.000464294,0.000419603,0.000429534,0.000580988,0.00173303,0.000342634,0.000280563,0.000317806,0.000216008,0.000270631,0.00038236,0.000511468,0.000861551,0.00202849,
0.00134965,0.0246001,0.9515,0.0160887,0.00170099,0.00068768,0.000439172,0.000267788,0.000239938,0.000130681,0.00110329,0.000104973,6.64114e-05,7.28384e-05,0.000107115,0.000115684,0.000184238,0.0002785,0.000327773,0.000634122,
0.00082535,0.0021804,0.0270189,0.936555,0.0249206,0.00308377,0.00141665,0.000628252,0.000418834,0.000238161,0.000837669,0.000160143,0.000168355,0.000172461,0.000139611,0.000102655,0.000192992,0.000192992,0.000262798,0.000484534,
0.000375616,0.00085855,0.00194605,0.027352,0.935394,0.0274414,0.00294411,0.00111254,0.00060814,0.000357729,0.000522285,0.000175287,0.000121628,0.000110896,7.87004e-05,0.000110896,6.0814e-05,0.000100164,0.000146669,0.000182442,
0.00021343,0.000351339,0.000633724,0.00208505,0.0332492,0.932464,0.0243343,0.00317847,0.00122805,0.000538501,0.000653425,0.000206863,0.000167461,9.85063e-05,0.00011164,8.53721e-05,5.91038e-05,0.00011164,0.000121491,0.000108357,
9.85188e-05,0.000171112,0.000344816,0.000606669,0.00186408,0.0258145,0.9356,0.0298123,0.00300223,0.00104741,0.000666298,0.000251482,0.000152963,0.00011926,5.44446e-05,7.7778e-05,5.1852e-05,8.03706e-05,0.000101111,8.29632e-05,
8.03244e-05,8.74644e-05,0.000114239,0.000269533,0.000501582,0.00148332,0.0298022,0.927628,0.0353285,0.00283099,0.000946043,0.000346288,0.000205274,9.46043e-05,5.89046e-05,3.03448e-05,4.64097e-05,5.71196e-05,4.10547e-05,4.81947e-05,
3.69774e-05,3.46663e-05,5.43105e-05,9.70656e-05,0.00017102,0.000367463,0.00130807,0.0340354,0.930434,0.0299586,0.00236077,0.000566216,0.000197598,0.00011671,6.12438e-05,5.08439e-05,5.19994e-05,2.19553e-05,3.81329e-05,3.69774e-05,
2.18052e-05,3.56813e-05,4.55928e-05,6.83891e-05,8.32564e-05,0.000180389,0.000400423,0.00155214,0.0379827,0.922426,0.0345048,0.00185543,0.000374654,0.000188318,8.22652e-05,5.74865e-05,3.96459e-05,3.56813e-05,2.47787e-05,4.0637e-05,
5.3565e-05,5.55011e-05,5.93733e-05,6.90537e-05,8.32516e-05,0.000127782,0.000181347,0.00034785,0.00134106,0.0339015,0.949825,0.0124103,0.00076669,0.00028525,0.000123264,0.00010713,7.61527e-05,7.6798e-05,5.29196e-05,5.61465e-05,
3.50908e-05,3.70403e-05,6.43331e-05,7.60301e-05,6.04342e-05,0.000111121,0.000171555,0.000384049,0.000970845,0.0036046,0.0525407,0.919742,0.0194033,0.00171555,0.000504918,0.000194949,0.000150111,9.55249e-05,8.18785e-05,5.65352e-05,
7.72152e-05,7.44575e-05,8.27305e-05,5.79114e-05,7.99729e-05,0.000104792,0.000170976,0.000256465,0.00048811,0.00124647,0.00369254,0.033208,0.931383,0.0257981,0.00184765,0.000697694,0.000364014,0.000165461,0.000115823,8.82459e-05,
0.000128366,9.45853e-05,9.79634e-05,7.4317e-05,8.44512e-05,0.000128366,0.000135122,0.000189171,0.000327671,0.000584402,0.00143567,0.0031855,0.0368173,0.925497,0.0277135,0.00210452,0.000689122,0.000374963,0.000199305,0.0001385,
0.000151691,6.55028e-05,6.20553e-05,6.20553e-05,7.23978e-05,8.27404e-05,0.00011032,0.000175823,0.000234431,0.000262011,0.000817061,0.00105149,0.00266148,0.0326928,0.929216,0.0289902,0.00198232,0.000706741,0.000337856,0.000265459,
0.000225901,0.000123781,7.73632e-05,8.35523e-05,9.90249e-05,8.66468e-05,9.28359e-05,0.000108309,0.00016401,0.00025994,0.000612717,0.000504408,0.000993344,0.00246943,0.0339686,0.937853,0.0195265,0.0016989,0.000643662,0.000408478,
0.000339786,0.000264641,0.000176427,9.80152e-05,0.000120885,0.00012742,9.80152e-05,9.80152e-05,0.000147023,0.000137221,0.00101936,0.000385526,0.000477007,0.00101609,0.00227722,0.0234387,0.947578,0.019737,0.00171527,0.000748183,
0.000911758,0.000486475,0.000281482,0.000293721,0.000208052,0.000220291,0.000211112,0.000247827,0.000431402,0.00067617,0.00172561,0.000544607,0.000566024,0.000694527,0.000951533,0.00247827,0.0234824,0.941192,0.022283,0.00211418,
0.00237156,0.00107382,0.000549632,0.000417313,0.000229013,0.0001883,0.000137408,0.000111962,0.000183211,0.000162854,0.00100766,0.000290084,0.000371511,0.000463116,0.000641238,0.0011756,0.00271763,0.0249421,0.941495,0.0214713,
0.0265971,0.00324406,0.00132693,0.000740902,0.000510678,0.000468819,0.000552537,0.000560909,0.000573466,0.000899966,0.00205527,0.000870664,0.000657184,0.000556723,0.000644627,0.000774389,0.00132693,0.00341568,0.0370158,0.917207,


0.931865,0.0252819,0.00289143,0.00138548,0.000740928,0.000475881,0.000265047,0.000210833,0.000210833,0.000192762,0.000746952,0.000180714,0.000192762,0.000186738,0.000277095,0.000403595,0.000572262,0.00119874,0.00266855,0.0300528,
0.0271159,0.943336,0.0181482,0.00179627,0.000889084,0.000572362,0.000411739,0.000414001,0.000429837,0.000597247,0.0016922,0.000368755,0.000237542,0.000239804,0.000257902,0.000208132,0.000300886,0.000486395,0.000665116,0.00183246,
0.00216376,0.0246266,0.942893,0.021531,0.00267311,0.00121218,0.000635703,0.000367207,0.000304032,0.000240856,0.000864714,0.000193475,0.000138196,0.000126351,0.000122402,0.000197423,0.000197423,0.000260599,0.000406692,0.000844971,
0.00105221,0.00255001,0.0373964,0.925705,0.0253241,0.00293569,0.00113459,0.000722689,0.000449341,0.000262115,0.000542953,0.000153525,0.000131058,0.000134802,0.000127313,0.000153525,0.00014978,0.000239648,0.000337005,0.000498019,
0.000375192,0.000703931,0.00204747,0.0271567,0.934659,0.0282787,0.003073,0.00123992,0.000568147,0.00029658,0.000575294,0.000139357,0.000114344,9.29046e-05,6.78918e-05,8.57581e-05,7.14651e-05,0.000139357,0.000103624,0.000210822,
0.000215351,0.000401336,0.000691734,0.00201647,0.0326225,0.932517,0.0250852,0.00302471,0.0012138,0.000613425,0.000590585,0.000192511,0.000143568,0.000153356,9.4624e-05,8.48354e-05,8.15725e-05,6.19951e-05,8.80983e-05,0.000107676,
9.59636e-05,0.000184146,0.00028011,0.000606905,0.00164175,0.0260321,0.934976,0.0305009,0.00298265,0.0010945,0.000705462,0.000233425,0.000173772,9.07763e-05,7.00275e-05,5.44658e-05,3.89041e-05,7.26211e-05,8.04019e-05,8.55891e-05,
3.98893e-05,7.79654e-05,0.000146865,0.000253841,0.000567515,0.00153574,0.0285099,0.927701,0.0362412,0.00293549,0.00105707,0.000326367,0.000181315,0.000125107,6.52733e-05,5.98339e-05,2.35709e-05,3.26367e-05,5.80207e-05,6.1647e-05,
3.00686e-05,3.70075e-05,4.51029e-05,0.000107553,0.000205854,0.000409395,0.00135771,0.0333044,0.930213,0.0307937,0.00237542,0.000582868,0.000219732,0.000106397,6.59196e-05,4.16334e-05,3.93205e-05,2.89121e-05,1.85037e-05,1.73473e-05,
3.56367e-05,3.06871e-05,4.35559e-05,6.33541e-05,9.30513e-05,0.000156405,0.000402893,0.00157098,0.036783,0.92286,0.0352744,0.00184519,0.000395963,0.000179173,8.21624e-05,5.14752e-05,4.75156e-05,3.16771e-05,3.16771e-05,2.07881e-05,
5.80852e-05,5.29221e-05,6.71207e-05,7.09931e-05,7.68016e-05,0.000114234,0.000187164,0.000336249,0.00132822,0.0327865,0.950622,0.0126568,0.000868697,0.000272355,0.000138759,8.84186e-05,8.32555e-05,7.35746e-05,5.9376e-05,5.87306e-05,
5.27062e-05,6.44187e-05,5.46582e-05,5.66103e-05,7.61311e-05,0.000111269,0.000199112,0.000429458,0.000956519,0.00367967,0.0507951,0.920849,0.0198858,0.00161827,0.000542678,0.000228393,0.000158119,0.000107364,6.63707e-05,6.83228e-05,
7.18792e-05,6.91146e-05,6.91146e-05,8.0173e-05,7.74084e-05,0.000127171,0.000171404,0.000287517,0.000503154,0.00123577,0.00365202,0.0320305,0.931585,0.0267833,0.00189374,0.000641384,0.000312398,0.000165875,0.000124406,0.000118877,
0.00013107,7.39372e-05,0.00012771,8.40195e-05,6.0494e-05,0.000120988,0.00013107,0.000191564,0.000373047,0.000641909,0.00167031,0.00368678,0.0367703,0.924335,0.0280087,0.00212737,0.000742732,0.000369686,0.000228533,0.000124349,
0.000102826,7.2945e-05,5.44891e-05,2.90022e-05,5.88833e-05,7.20662e-05,7.64605e-05,7.11873e-05,0.000128313,0.000212683,0.00122425,0.00049128,0.0010142,0.0156058,0.963143,0.016301,0.000640686,0.000333965,0.000228503,0.000138859,
0.000197795,0.000116166,0.000119305,7.2211e-05,8.16298e-05,8.79091e-05,0.000103607,0.000125584,0.000153841,0.000185237,0.00088223,0.000436406,0.000863392,0.00248971,0.0335718,0.938103,0.0198517,0.00165457,0.000612224,0.000291984,
0.000392395,0.000276985,0.000197846,0.000145087,0.00011541,9.23282e-05,7.91384e-05,9.23282e-05,0.000112113,0.000158277,0.00113762,0.000323149,0.000418774,0.000952959,0.00241702,0.0235932,0.947307,0.0198736,0.00157947,0.000735328,
0.000896124,0.000406829,0.00031062,0.000252894,0.000195168,0.00018967,0.000244647,0.000390336,0.000423322,0.00054702,0.00174552,0.000604746,0.000497541,0.000736691,0.00111328,0.00255093,0.0233405,0.943574,0.0200473,0.00193244,
0.00230497,0.000998822,0.000573682,0.000343185,0.000220253,0.00018952,0.000199764,0.000163909,0.000102443,0.000256108,0.0009476,0.000215131,0.000317574,0.000481483,0.000732469,0.00112688,0.00280695,0.0247862,0.940911,0.0223224,
0.02729,0.00285817,0.00137759,0.000557902,0.000459196,0.000420572,0.000429155,0.000420572,0.000587942,0.000785354,0.00181533,0.00055361,0.000459196,0.000562193,0.000506403,0.000751021,0.00121022,0.00287105,0.0279423,0.928142,


0.930935,0.0259317,0.00311661,0.00143196,0.000758095,0.000445231,0.000306848,0.000264732,0.000240665,0.000228632,0.000601663,0.000240665,0.000192532,0.000192532,0.000282782,0.000348965,0.000601663,0.00120333,0.00279773,0.0298786,
0.0268697,0.940926,0.0193313,0.00214937,0.000975564,0.000704284,0.000435613,0.000357359,0.000479957,0.000605163,0.00170072,0.000485174,0.00030519,0.000299973,0.000255629,0.000263454,0.000354751,0.000547777,0.000816448,0.00213633,
0.00146935,0.0245337,0.950257,0.0165475,0.00183842,0.000930474,0.000499025,0.000298029,0.000213125,0.000169807,0.00110721,0.000129955,0.000121291,0.000124756,0.000126489,0.000155945,0.000185402,0.000289365,0.000393329,0.00060992,
0.000801588,0.00218581,0.0278032,0.935981,0.0253131,0.00281298,0.00123207,0.000671701,0.00045646,0.000296885,0.000838699,0.000115043,0.000126176,0.000100199,0.000100199,0.000129887,0.000126176,0.000178131,0.000319151,0.000411927,
0.00034291,0.000785835,0.00207889,0.0260933,0.935397,0.0287544,0.00283972,0.0010966,0.000692964,0.000314334,0.000485789,0.000192887,8.92994e-05,6.78676e-05,7.50115e-05,0.000103587,0.000110731,9.28714e-05,0.000125019,0.000260754,
0.000184956,0.000293379,0.000733446,0.00198031,0.0316658,0.933604,0.0251221,0.00306453,0.00122773,0.000535735,0.000628213,0.000213656,0.000117989,9.88558e-05,8.61002e-05,5.10224e-05,7.97224e-05,8.61002e-05,8.61002e-05,0.000140311,
0.000107839,0.000174938,0.000306741,0.000625464,0.00173261,0.0261665,0.934815,0.0302931,0.00305303,0.00106401,0.000656618,0.000289966,0.000153371,0.000100649,7.66853e-05,8.14781e-05,5.03247e-05,7.18924e-05,7.42889e-05,0.000105442,
8.92582e-05,0.000120464,0.000182417,0.000326056,0.000792998,0.00262795,0.0700996,0.901897,0.0179565,0.00324725,0.00136503,0.000459599,0.000238863,0.000146852,8.83404e-05,7.54909e-05,6.53948e-05,6.63126e-05,7.41141e-05,8.05389e-05,
3.85487e-05,4.86448e-05,4.68092e-05,0.000100043,0.00016888,0.000414858,0.00146026,0.0344828,0.93115,0.0286867,0.00223124,0.000566299,0.000237717,0.000124824,6.51657e-05,4.13022e-05,4.58913e-05,2.93705e-05,2.84526e-05,3.21239e-05,
3.26922e-05,2.77388e-05,4.06176e-05,5.34963e-05,0.000105011,0.000168414,0.000371502,0.00152465,0.0357623,0.922599,0.0366073,0.00182878,0.000465616,0.000149592,8.32165e-05,5.05243e-05,3.46735e-05,3.36829e-05,2.37761e-05,3.76456e-05,
5.21938e-05,5.02607e-05,5.34826e-05,7.28136e-05,9.47221e-05,0.000112764,0.000163025,0.000354402,0.00131838,0.0318982,0.951207,0.0130207,0.000839612,0.000259036,0.000136606,0.000103099,7.92573e-05,7.28136e-05,6.1215e-05,5.02607e-05,
4.88428e-05,4.68891e-05,7.22874e-05,6.25188e-05,5.27502e-05,0.000130899,0.000166066,0.000349715,0.000924106,0.00378825,0.0493527,0.922088,0.0201291,0.00164307,0.000548993,0.000232492,0.00013676,9.37782e-05,6.25188e-05,7.03337e-05,
9.976e-05,8.31334e-05,4.988e-05,6.09645e-05,5.81933e-05,0.000105302,0.000141327,0.000271569,0.000529282,0.00121652,0.00366064,0.0314577,0.931933,0.0270516,0.00192592,0.000590247,0.000360245,0.000193978,0.0001247,8.59045e-05,
0.000122091,9.15686e-05,8.13943e-05,6.10457e-05,8.13943e-05,9.15686e-05,9.496e-05,0.000223834,0.000342534,0.000620631,0.00154649,0.00322864,0.0358508,0.92525,0.0287254,0.00217391,0.000732549,0.000362883,0.000172963,0.000145831,
0.000110224,7.23347e-05,9.64463e-05,8.95573e-05,6.88902e-05,7.23347e-05,8.61128e-05,0.000110224,0.000230782,0.000330673,0.000757792,0.00105058,0.0027315,0.030756,0.929463,0.0307491,0.00203915,0.000678569,0.00031345,0.000192893,
0.000230187,0.000111805,0.00012167,0.000105228,9.86514e-05,8.87863e-05,8.22095e-05,0.000131535,0.000161131,0.000240052,0.000707002,0.000539295,0.000917458,0.00273593,0.0341466,0.936038,0.0207267,0.00182834,0.000644523,0.00034528,
0.00047843,0.000255599,0.000144184,0.000111415,0.0001278,0.000131077,0.000124523,0.000140907,0.000124523,0.000154015,0.000930644,0.000412891,0.000534137,0.000969967,0.00231678,0.0235938,0.947101,0.0200547,0.00160897,0.000684875,
0.00100125,0.000593097,0.000382643,0.000229586,0.000169001,0.000172189,0.000245529,0.000357134,0.000395398,0.000666437,0.0017474,0.000599475,0.000605852,0.000723834,0.00102995,0.00255414,0.0236601,0.940907,0.0219063,0.00205352,
0.00221167,0.00114899,0.000647319,0.000442335,0.000269716,0.000188801,0.000248139,0.000134858,0.000178013,0.000221167,0.000949401,0.000280505,0.000420757,0.000415363,0.000609559,0.00121372,0.00279965,0.0248517,0.939125,0.0236433,
0.0274197,0.00278544,0.00118426,0.000820552,0.000399187,0.000403623,0.000452412,0.00048346,0.000607652,0.00103789,0.00208021,0.00069636,0.000572169,0.000527814,0.000576604,0.000758456,0.00126409,0.00313584,0.0277568,0.927037,


0.931932,0.0257574,0.0032602,0.00119481,0.000738499,0.000438296,0.00025217,0.00022215,0.000186126,0.000240162,0.000642434,0.000168114,0.00019213,0.00022215,0.000282191,0.000372252,0.000720487,0.00113477,0.0028159,0.0292278,
0.0268431,0.935812,0.0220661,0.00239497,0.00118454,0.000731437,0.000553432,0.000556669,0.000585797,0.000935333,0.00208751,0.000498413,0.000401319,0.000297753,0.000275098,0.000297753,0.000430447,0.000647289,0.000980643,0.00242086,
0.00187205,0.0246487,0.942536,0.0220122,0.00267938,0.00107253,0.000612317,0.000397811,0.000280808,0.000261307,0.00101013,0.000148204,9.75028e-05,0.000148204,0.000163805,0.000148204,0.000183305,0.00035101,0.000483614,0.000893125,
0.000849469,0.00205967,0.0251233,0.93873,0.0254608,0.00291302,0.00103953,0.000690436,0.00030643,0.000321945,0.000802923,0.000151275,9.69714e-05,0.000131881,0.000124123,0.000128002,0.000124123,0.000213337,0.000325824,0.00040728,
0.000364177,0.000735098,0.00180065,0.0254182,0.937105,0.0282136,0.00263017,0.00111276,0.00058673,0.000337201,0.000573242,0.00015174,9.44163e-05,9.10443e-05,7.41842e-05,8.76723e-05,0.000111276,0.000114648,0.000121392,0.000276505,
0.000204237,0.000362748,0.000646241,0.00205151,0.029974,0.935428,0.0249138,0.00298429,0.00113702,0.000570033,0.0007194,0.000265203,0.000128029,0.000115836,7.31594e-05,7.0111e-05,8.53526e-05,7.62077e-05,9.14492e-05,0.000103642,
0.000116545,0.000173522,0.000331505,0.000621572,0.00173004,0.024938,0.93523,0.0314386,0.00281779,0.000989335,0.000644881,0.000238269,0.000194241,0.000137264,7.51066e-05,6.99268e-05,5.69774e-05,6.21572e-05,6.73369e-05,6.73369e-05,
6.97212e-05,8.22352e-05,0.000139442,0.000252069,0.000505925,0.00148738,0.0272485,0.927064,0.0383288,0.00294974,0.000917102,0.000339667,0.000194862,0.000109051,7.32966e-05,5.18439e-05,4.46931e-05,4.82685e-05,5.00562e-05,4.29053e-05,
3.79361e-05,5.31106e-05,4.98589e-05,9.97179e-05,0.000158248,0.00037069,0.00125406,0.0322988,0.931574,0.0307207,0.00227292,0.000566874,0.000204855,0.000104053,6.50334e-05,4.22717e-05,4.01039e-05,1.951e-05,3.46845e-05,3.25167e-05,
2.07406e-05,1.61316e-05,2.56789e-05,3.22632e-05,5.93687e-05,0.000114896,0.000301233,0.00130765,0.0706147,0.916183,0.0100779,0.000816676,0.000199944,8.74618e-05,4.31273e-05,2.79834e-05,2.20575e-05,1.7229e-05,1.45953e-05,1.70095e-05,
5.2934e-05,5.93894e-05,6.06805e-05,6.9718e-05,8.71475e-05,0.00012007,0.000163966,0.00037312,0.00130979,0.0310419,0.951654,0.013413,0.000821769,0.000279517,0.0001446,9.6185e-05,6.9718e-05,6.06805e-05,6.64903e-05,5.48706e-05,
1.2839e-05,1.3481e-05,1.25181e-05,1.52785e-05,1.81672e-05,2.86311e-05,4.61563e-05,9.37892e-05,0.000299085,0.00128268,0.0712531,0.919361,0.00653571,0.000683743,0.000177564,7.51726e-05,3.55641e-05,2.29177e-05,1.91944e-05,1.34168e-05,
7.18014e-05,8.00862e-05,6.0755e-05,6.90398e-05,8.83709e-05,0.000135318,0.000168457,0.000234735,0.000541272,0.00116815,0.00359007,0.031391,0.931714,0.027337,0.00195797,0.000657259,0.000298252,0.00017398,0.000160172,0.000102179,
0.000127194,0.000103764,0.000127194,9.70692e-05,0.000100416,0.000157319,0.00018075,0.00020418,0.000361499,0.000789942,0.0015598,0.00366185,0.0344629,0.925595,0.0291208,0.0019213,0.000692873,0.000341416,0.000234305,0.000160666,
0.000147819,0.000113443,0.00011688,8.9379e-05,6.87531e-05,0.000106567,8.9379e-05,0.00011688,0.000216572,0.000333453,0.000859414,0.00111036,0.0027295,0.0306261,0.928913,0.0312277,0.00193196,0.000646279,0.000343765,0.000213135,
0.000136287,7.95321e-05,7.01974e-05,6.75836e-05,6.7957e-05,6.44098e-05,6.68368e-05,8.86802e-05,0.000109403,0.00017232,0.000709068,0.000343706,0.000589023,0.0016993,0.0340823,0.946736,0.013387,0.000917046,0.000375817,0.000237289,
0.000375241,0.000192691,0.0001217,0.00012508,0.000138602,0.000148744,0.000118319,0.000108178,0.000145364,0.000240019,0.00098374,0.000385383,0.000473277,0.000868801,0.00259626,0.0235219,0.945762,0.0212434,0.00172408,0.000726818,
0.000600489,0.000356726,0.000309163,0.000212054,0.000202145,0.000195208,0.000223945,0.000329972,0.000376544,0.000489507,0.00172318,0.000603461,0.000565807,0.000677779,0.000828397,0.00197785,0.0234716,0.947091,0.0182148,0.00155077,
0.0021474,0.00113379,0.000621754,0.000412761,0.000261241,0.000198543,0.000177644,0.000182869,0.000104496,0.000208993,0.000940468,0.000188094,0.000318714,0.000386637,0.000674002,0.00117036,0.00274303,0.0250112,0.940113,0.0230049,
0.0275929,0.00311602,0.00123106,0.000749073,0.000488125,0.000417516,0.000491195,0.000552595,0.000675394,0.000988531,0.00202618,0.000887222,0.000675394,0.000641624,0.000607854,0.000755213,0.00115431,0.00333092,0.0353998,0.918219,


0.932091,0.0267516,0.0032375,0.00139526,0.000688572,0.000507369,0.000320126,0.000253684,0.000199324,0.000229524,0.000700652,0.000157043,0.000259725,0.000211404,0.000332206,0.000374487,0.000622131,0.00108118,0.00277241,0.0278147,
0.0270857,0.935258,0.0231112,0.00244711,0.00117921,0.000834316,0.000604386,0.000525553,0.000505845,0.000857309,0.001396,0.000466429,0.000387596,0.000312047,0.000302193,0.000312047,0.000436866,0.000423727,0.000883587,0.00267047,
0.00195017,0.0240126,0.944125,0.0213602,0.00256842,0.0011411,0.000583905,0.000404535,0.000244248,0.000225166,0.000809071,0.000179369,0.00012594,6.48783e-05,9.54093e-05,0.000145022,0.000206084,0.000339657,0.000530476,0.000889215,
0.000869513,0.00211707,0.0250268,0.938892,0.0251781,0.00288073,0.00120598,0.000623781,0.00038561,0.000291098,0.000756098,0.00023061,0.000120976,9.07318e-05,0.000132317,0.000139878,0.000177683,0.00023061,0.000257073,0.000393171,
0.000363941,0.000727881,0.00202378,0.0248398,0.937423,0.0283125,0.00262241,0.00114624,0.000517,0.000312921,0.000571421,9.18355e-05,0.000139454,8.16315e-05,9.86381e-05,8.16315e-05,8.16315e-05,0.000132651,0.000187072,0.000244895,
0.000208226,0.000300091,0.000692046,0.00200265,0.0297151,0.935921,0.0250698,0.00279574,0.00106563,0.000578746,0.000649176,0.000183729,0.000125548,0.0001133,6.73673e-05,0.00012861,7.65537e-05,9.18645e-05,8.88023e-05,0.000125548,
0.000114135,0.000160826,0.0003009,0.000562891,0.00196104,0.0237504,0.935402,0.031815,0.00308682,0.00105056,0.000721123,0.000321652,0.000168608,0.000121916,8.81949e-05,6.48492e-05,8.30069e-05,5.18793e-05,6.74431e-05,0.000106353,
4.5427e-05,0.000103573,0.000127195,0.000210781,0.000506965,0.00154088,0.0267165,0.92683,0.0391435,0.0027983,0.00107208,0.000314355,0.000168988,0.000114476,6.72319e-05,6.17807e-05,4.17928e-05,4.36099e-05,4.90611e-05,4.36099e-05,
3.23423e-05,4.27381e-05,5.6599e-05,7.85456e-05,0.000155936,0.000378867,0.00128561,0.0304688,0.930931,0.0330804,0.0023298,0.000597178,0.000247188,9.93371e-05,5.5444e-05,3.58076e-05,3.81177e-05,2.7722e-05,2.19466e-05,3.69626e-05,
3.5693e-05,2.67698e-05,3.86675e-05,5.84969e-05,7.23776e-05,0.000157644,0.000386675,0.00156454,0.0340591,0.922761,0.0381271,0.00186992,0.000412453,0.000177474,7.13861e-05,5.75055e-05,4.26334e-05,3.66845e-05,1.6855e-05,2.67698e-05,
2.49275e-05,2.11049e-05,1.8483e-05,1.85234e-05,2.09062e-05,3.18351e-05,5.94704e-05,0.000171049,0.000960941,0.0594724,0.932081,0.00621793,0.00059305,0.000118542,4.89086e-05,2.93849e-05,2.66923e-05,2.82213e-05,2.88898e-05,2.76201e-05,
4.68294e-05,6.24391e-05,7.60977e-05,3.90245e-05,9.36587e-05,0.000109269,0.000200976,0.000357074,0.000958051,0.00373659,0.0464879,0.923582,0.0215044,0.00158244,0.000536586,0.000273171,0.00011122,9.17075e-05,7.80489e-05,7.21953e-05,
8.58193e-05,4.15255e-05,8.02826e-05,6.92091e-05,8.3051e-05,9.41244e-05,0.000163334,0.000227006,0.000514916,0.00111565,0.00354904,0.0305268,0.932308,0.0278747,0.00197938,0.000631187,0.000290678,0.000149492,0.000116271,9.96611e-05,
7.20246e-05,5.98358e-05,5.42954e-05,5.65116e-05,7.42407e-05,7.75649e-05,7.9781e-05,0.000147373,0.000229371,0.000391149,0.00140503,0.00141279,0.0179807,0.958466,0.0176693,0.000911942,0.000401121,0.000204993,0.000187264,0.000118563,
