0.931229,0.023698,0.00298927,0.00135658,0.000522221,0.000420178,0.000324137,0.000324137,0.000258109,0.000168071,0.000624265,0.000174074,0.000252107,0.000258109,0.000210089,0.000450191,0.000624265,0.00124253,0.00250306,0.0323717,
0.0271348,0.949825,0.0147125,0.00152937,0.000778066,0.000437782,0.000332637,0.000237052,0.000216023,0.000206465,0.00121776,0.000164407,0.000131908,0.000105144,0.000166319,0.000181612,0.000225582,0.000403371,0.000621306,0.00137261,
0.00175494,0.0252711,0.947275,0.0179938,0.00231845,0.00087908,0.000547412,0.000408949,0.000202865,0.000154563,0.000759937,0.000180324,0.000135243,0.000135243,0.000132023,0.000206085,0.000177104,0.000247946,0.00044759,0.000772817,
0.00134955,0.00314471,0.0405572,0.927371,0.0181367,0.0026747,0.00134213,0.000866812,0.000611649,0.000392028,0.00104559,0.000224395,0.00016392,0.000165511,0.000164981,0.000186731,0.000225456,0.00030609,0.000403699,0.000666819,
0.000377623,0.000723184,0.0022693,0.0299498,0.934511,0.0254468,0.00291055,0.00109368,0.000619872,0.000349123,0.00050231,0.000153187,0.000142499,0.000110437,8.19371e-05,0.000110437,0.000128249,0.000117562,0.000185249,0.000217312,
0.000305562,0.000503692,0.00103684,0.00356132,0.0854897,0.887439,0.0153594,0.00271994,0.00117171,0.000596398,0.000595059,0.000220219,0.000148932,0.00011948,0.000102746,0.000102746,9.23714e-05,0.000112787,0.000146255,0.000175372,
0.000238153,0.000306884,0.000568677,0.00145693,0.00526606,0.0763822,0.886789,0.0200788,0.00429025,0.00194331,0.00106862,0.000435592,0.000232024,0.00017161,0.000126081,0.00010857,0.000109007,0.000112072,0.00013615,0.000180366,
6.80577e-05,6.62667e-05,0.000125369,0.000238202,0.000503269,0.00142921,0.0340736,0.926618,0.0320605,0.00295155,0.000934897,0.00036178,0.000186263,9.13406e-05,7.88036e-05,5.37297e-05,3.22378e-05,3.04469e-05,5.37297e-05,4.29838e-05,
4.44256e-05,4.32865e-05,6.49297e-05,8.54339e-05,0.000158337,0.000380465,0.00126442,0.0389886,0.92841,0.0271509,0.00228393,0.000537664,0.000223267,0.000125303,5.8095e-05,5.35386e-05,3.64518e-05,2.8478e-05,3.53127e-05,2.73388e-05,
8.73667e-05,0.000109652,0.000127204,0.000188933,0.00035558,0.000662448,0.00189327,0.00849113,0.0710686,0.893628,0.0195325,0.00205184,0.000766776,0.000358341,0.000214177,0.00013036,9.93969e-05,8.22391e-05,7.92808e-05,7.33643e-05,
0.000112383,0.00011667,0.000121301,0.000125538,0.000153991,0.000230506,0.000407753,0.00121998,0.00688595,0.0594285,0.923741,0.00553844,0.000811465,0.000322714,0.000189711,0.000134973,0.000120488,0.000112162,0.000108811,0.000117975,
5.56388e-05,4.60459e-05,4.22087e-05,8.24989e-05,6.52317e-05,0.000113196,0.000178428,0.000395227,0.00100342,0.00351676,0.0570202,0.916542,0.0181382,0.0017555,0.000473889,0.000224474,0.000130463,9.20918e-05,6.13945e-05,6.33131e-05,
0.000271066,0.000210412,0.000167163,0.00014585,0.000166433,0.00022766,0.000385443,0.000859053,0.00227848,0.00807675,0.0208803,0.0728928,0.873115,0.0159215,0.00200027,0.000864056,0.000486116,0.000383672,0.000347092,0.000320933,
0.000270423,0.000226691,0.000178505,0.000159271,0.000155964,0.000194297,0.000283043,0.000501365,0.00108176,0.00278325,0.00570384,0.00761921,0.0429589,0.919402,0.015093,0.00138214,0.000753228,0.000506764,0.000404115,0.000342432,
0.000290859,0.000232781,0.000189086,0.000161337,0.000156959,0.000177674,0.000228873,0.000338385,0.000612673,0.00128428,0.00295534,0.00253159,0.0034191,0.0337818,0.935778,0.0150512,0.00125114,0.000722732,0.00046908,0.000366681,
0.000385658,0.000287646,0.000224675,0.000186027,0.000179534,0.000190561,0.000255594,0.000348246,0.000536231,0.000906739,0.00229333,0.0013701,0.0017638,0.00258407,0.0340984,0.935519,0.016132,0.00147141,0.000750497,0.00051634,
0.000606817,0.00042742,0.000327897,0.000281909,0.000259698,0.000302696,0.000387127,0.000471557,0.000697939,0.00110699,0.00265265,0.00124211,0.00126418,0.00163949,0.00292132,0.0236105,0.9386,0.0202083,0.00204042,0.000951372,
0.00080463,0.000522514,0.000368609,0.000292801,0.000230476,0.000225388,0.00025566,0.000308827,0.000373951,0.000488426,0.00184889,0.000588146,0.00067998,0.000818367,0.00135386,0.00275681,0.0235681,0.945658,0.017234,0.00162223,
0.00197407,0.00108316,0.000604881,0.000361053,0.000248517,0.000220383,0.000257895,0.000225072,0.000290718,0.000248517,0.00112067,0.000196938,0.000407943,0.000403254,0.000581436,0.00114881,0.0023867,0.0252268,0.942916,0.0200971,
0.0273526,0.0031205,0.00128084,0.000707182,0.000484642,0.000534096,0.000514314,0.000499478,0.000578604,0.00102863,0.00189901,0.000811034,0.000726963,0.000726963,0.000613221,0.000820925,0.00124128,0.00360515,0.0318726,0.921582,


0.931157,0.0240467,0.0030081,0.0013356,0.000800154,0.000385037,0.000354956,0.000288777,0.000222599,0.000222599,0.000709911,0.000228615,0.000210567,0.000240648,0.000246664,0.000517393,0.000619668,0.00119722,0.00267721,0.0315309,
0.0270615,0.946142,0.0149955,0.00153978,0.000920563,0.000629408,0.000525424,0.000414916,0.000412877,0.000502792,0.0016301,0.000281164,0.000246911,0.000212861,0.000218366,0.000254862,0.00035538,0.000529094,0.000888348,0.00223769,
0.00217359,0.0263478,0.944258,0.0185,0.00240238,0.00111131,0.000542579,0.000447791,0.000320318,0.000215724,0.00103613,0.000127473,0.000153622,0.000120936,0.00020265,0.000186307,0.000199382,0.000284364,0.000552385,0.000817138,
0.0010455,0.00216719,0.0293247,0.93473,0.0245798,0.0031111,0.00117671,0.000664547,0.000397882,0.000313226,0.000736505,0.000186243,0.000118518,0.000110052,0.000126984,0.000101587,0.000156613,0.000194708,0.000266666,0.000491003,
0.000245743,0.00036549,0.000757013,0.0182454,0.961817,0.014277,0.00116103,0.000559169,0.000320715,0.000231165,0.00123704,0.000120789,7.70549e-05,5.41467e-05,6.2477e-05,7.49724e-05,8.74677e-05,7.70549e-05,9.26742e-05,0.000136408,
0.000219125,0.000349947,0.000719516,0.00209968,0.0357632,0.930442,0.0237571,0.00309392,0.00126569,0.000624671,0.000608318,0.000202773,0.000143903,8.17632e-05,8.50337e-05,0.000111198,9.15748e-05,7.84927e-05,0.000111198,0.000150444,
0.000133468,0.000205336,0.000297737,0.000585207,0.00176845,0.0276356,0.935997,0.0275483,0.00301587,0.00109085,0.000680174,0.00031057,0.000218169,0.000102668,6.41674e-05,6.67341e-05,6.16007e-05,5.39006e-05,7.18675e-05,9.2401e-05,
5.90393e-05,6.08283e-05,0.000127024,0.000259415,0.000502728,0.00150461,0.0335558,0.92707,0.0322372,0.00282673,0.00090348,0.00034529,0.000171751,9.48206e-05,7.51409e-05,6.08283e-05,3.39923e-05,2.6836e-05,4.11486e-05,4.29377e-05,
3.0981e-05,5.04875e-05,7.34364e-05,7.34364e-05,0.000165232,0.000391279,0.00132645,0.0377773,0.928873,0.0278519,0.00226735,0.000572575,0.000203098,0.000109007,7.45839e-05,4.58978e-05,3.55708e-05,2.40963e-05,2.52438e-05,2.86861e-05,
3.6592e-05,1.38456e-05,4.25258e-05,6.82391e-05,8.80186e-05,0.000170103,0.000410424,0.00155368,0.0412946,0.921336,0.0322919,0.00181378,0.000437126,0.000166147,8.80186e-05,5.53825e-05,4.84597e-05,3.06582e-05,2.96692e-05,2.47243e-05,
5.50814e-05,6.08458e-05,7.0453e-05,7.94197e-05,8.32626e-05,0.000115927,0.000174851,0.000352265,0.00132195,0.0366599,0.947759,0.0116824,0.000815974,0.00025299,0.000140906,0.000103118,8.26221e-05,7.10935e-05,5.25195e-05,6.53291e-05,
0.000206369,0.000165874,0.000133496,0.00012639,0.000149165,0.000245377,0.000533152,0.00134332,0.00502867,0.0320238,0.134748,0.801559,0.0185692,0.00289722,0.00086267,0.000382857,0.000257835,0.000251859,0.000265743,0.000249183,
5.23253e-05,4.68174e-05,6.60951e-05,8.26189e-05,6.88491e-05,0.000134944,0.000167992,0.000269888,0.00057007,0.00116493,0.00355261,0.0351626,0.931468,0.0238383,0.00194705,0.000713277,0.000267134,0.000184516,0.000143206,9.91427e-05,
0.000135043,0.000102106,6.58749e-05,0.000102106,7.90498e-05,9.88123e-05,0.000111987,0.000230562,0.000299731,0.000497355,0.00158758,0.00325751,0.041623,0.922986,0.0253618,0.00197625,0.000718036,0.000322787,0.000217387,0.000227268,
0.000145173,8.77791e-05,8.10269e-05,9.45314e-05,8.4403e-05,8.10269e-05,0.000101284,0.000151925,0.000175558,0.00033086,0.0009048,0.000972323,0.00268402,0.0353446,0.929149,0.0264114,0.00191088,0.0006786,0.000411887,0.000199191,
0.000265598,0.000192135,9.32419e-05,7.62889e-05,8.19399e-05,8.19399e-05,7.91144e-05,0.000124323,0.000135625,0.000203437,0.000762889,0.000471861,0.000909815,0.00230279,0.0340842,0.940045,0.0177527,0.001506,0.000519894,0.000310806,
0.000378458,0.000203351,0.000180756,0.000141216,7.90809e-05,0.000101675,8.19052e-05,0.000107324,0.000172283,0.000155337,0.000923551,0.000305026,0.000446242,0.000782336,0.00227922,0.0238316,0.949939,0.0177904,0.00148559,0.000615701,
0.000722561,0.000411753,0.000313464,0.000217831,0.00018861,0.000257678,0.000249708,0.000262991,0.000390502,0.000475509,0.00145043,0.000507386,0.000536608,0.00059505,0.000940391,0.00211721,0.0234859,0.946616,0.0183908,0.00187016,
0.00192097,0.000880096,0.000546735,0.000404486,0.000355027,0.000381026,0.000468887,0.000566459,0.000775501,0.00121331,0.00293241,0.00107405,0.000803144,0.00077296,0.000816442,0.00112769,0.0024042,0.025171,0.937344,0.0200415,
0.0218517,0.00267036,0.00133606,0.000865334,0.00066393,0.000549762,0.000523416,0.000499411,0.000562643,0.000702572,0.0016932,0.000590746,0.000580792,0.000573767,0.000729504,0.00103102,0.00186123,0.00392328,0.0387591,0.920032,


0.930537,0.0245116,0.00311499,0.00116083,0.000729165,0.000519165,0.000309166,0.000186666,0.000250833,0.000256666,0.000635832,0.000169166,0.000175,0.000198333,0.000268333,0.000396666,0.000635832,0.00124833,0.00287583,0.0318208,
0.0272664,0.937698,0.0212858,0.00237905,0.0010371,0.00056255,0.000455697,0.00043684,0.00049341,0.0007574,0.00171908,0.000487124,0.000355129,0.00033313,0.000326845,0.000348844,0.000377128,0.000578264,0.000920822,0.00218106,
0.00185135,0.0251255,0.946919,0.018091,0.00232863,0.000984955,0.000586717,0.000404318,0.000249279,0.000151999,0.00120079,0.000112479,9.72795e-05,9.42395e-05,0.000112479,0.000167199,0.000188479,0.000264479,0.000361758,0.000708317,
0.000884282,0.00215544,0.0300656,0.93387,0.0248109,0.00316301,0.00130942,0.000552676,0.000433638,0.000327355,0.000790752,0.000136043,0.000148798,0.000127541,7.65244e-05,0.000119038,0.000144546,0.000170054,0.000272087,0.000442141,
0.000543709,0.00100888,0.00276817,0.0565608,0.91525,0.0168338,0.00238024,0.0011953,0.000648999,0.000448344,0.000741343,0.000220936,0.000171743,0.000119961,0.000125571,0.00013679,0.000135496,0.000151893,0.00024208,0.000315438,
0.000190176,0.00032461,0.000754145,0.00197061,0.0354579,0.931179,0.0237687,0.00305593,0.00112794,0.000613153,0.000557412,0.000183618,0.000150829,0.000111482,6.2299e-05,8.19723e-05,6.88567e-05,0.000101646,7.86934e-05,0.000160666,
0.000106049,0.000154254,0.000289226,0.000592913,0.00179561,0.0286864,0.935734,0.0270546,0.00294769,0.00104362,0.000660399,0.000243432,0.000154254,0.00011569,6.02553e-05,6.98962e-05,5.78451e-05,7.71268e-05,7.71268e-05,7.9537e-05,
6.09096e-05,7.30915e-05,0.000149664,0.000215794,0.000516862,0.00155058,0.0326423,0.926562,0.0335333,0.00276008,0.000993697,0.000342834,0.000175768,0.000109637,6.26499e-05,6.43902e-05,5.74291e-05,3.65458e-05,3.8286e-05,5.39485e-05,
3.67404e-05,3.44441e-05,6.19993e-05,8.61102e-05,0.000165332,0.000398403,0.00130658,0.0368643,0.929119,0.0284853,0.00236286,0.000551105,0.000190591,0.000125147,4.93698e-05,4.2481e-05,3.78885e-05,2.29627e-05,2.18146e-05,3.78885e-05,
3.16677e-05,2.86989e-05,4.05743e-05,6.63043e-05,8.80759e-05,0.00015537,0.000381003,0.00155964,0.0401606,0.921946,0.0329404,0.00174272,0.00044038,0.000148443,7.91694e-05,6.03666e-05,3.66158e-05,3.26574e-05,2.27612e-05,3.85951e-05,
4.36416e-05,5.84027e-05,5.71192e-05,7.05967e-05,8.98504e-05,0.000118731,0.000184835,0.000388924,0.00133043,0.0359453,0.948269,0.0118763,0.000795818,0.000288805,0.000142477,9.62683e-05,6.93131e-05,6.86714e-05,5.71192e-05,4.81341e-05,
5.32351e-05,4.56301e-05,3.61238e-05,6.08401e-05,8.74576e-05,0.000125483,0.000155903,0.000336522,0.000958231,0.00372455,0.0542884,0.918316,0.0189764,0.00172063,0.000505733,0.000226249,0.000146396,9.69639e-05,8.17539e-05,5.70376e-05,
6.8684e-05,5.76945e-05,6.59366e-05,8.24208e-05,7.14313e-05,0.00014561,0.000140115,0.000274736,0.000521998,0.00117312,0.00371443,0.0342815,0.931088,0.0250284,0.00194513,0.000637387,0.000315946,0.000175831,0.000120884,9.06628e-05,
0.000121007,0.000114466,0.000111195,8.50318e-05,9.48431e-05,9.48431e-05,0.00014717,0.000255095,0.000389184,0.000775097,0.00164504,0.00330643,0.0400042,0.924165,0.0251759,0.00202768,0.000696607,0.00036302,0.000268177,0.000160252,
0.000117229,0.000110892,9.18821e-05,7.92087e-05,7.92087e-05,9.50504e-05,0.000126734,0.000142576,0.000266141,0.000335845,0.000937831,0.00104239,0.00268676,0.0470468,0.918311,0.0257175,0.00167922,0.000589313,0.000332676,0.000212279,
0.000177164,0.000149043,0.000115297,8.4364e-05,0.000120922,8.71761e-05,7.59276e-05,9.56125e-05,0.000168728,0.000233407,0.0010658,0.000534305,0.000838016,0.00235657,0.0341224,0.939064,0.0182761,0.00151855,0.000621481,0.000295274,
0.000362705,0.000298869,0.000165393,0.000104459,0.000101557,0.000130574,0.000101557,9.5754e-05,0.00012477,0.00015959,0.00116356,0.000348196,0.000441049,0.000835672,0.00210079,0.0233582,0.950333,0.0176158,0.00156108,0.000597737,
0.000781011,0.00049377,0.000306232,0.00017092,0.000156677,0.000147181,0.000235015,0.000235015,0.000291989,0.000413057,0.00153828,0.000491396,0.000443918,0.000636203,0.000861723,0.00222434,0.0235348,0.946184,0.0189342,0.00192048,
0.00217745,0.00102672,0.000520802,0.000362082,0.000243041,0.000213281,0.000193441,0.000168641,0.000168641,0.000138881,0.00113089,0.000277761,0.000362082,0.000372002,0.000629923,0.00114577,0.00275281,0.0288227,0.937216,0.0220771,
0.0274953,0.00341834,0.00116502,0.000675996,0.000474636,0.00041231,0.000493813,0.000465047,0.000848591,0.00106913,0.00208073,0.000795854,0.000747911,0.000695174,0.00058011,0.000834208,0.00147185,0.00357175,0.0313595,0.921345,


0.931437,0.0242395,0.00346881,0.00134296,0.000554047,0.000469735,0.000289068,0.000228845,0.000210779,0.000216801,0.000692558,0.000156578,0.000156578,0.000138512,0.000228845,0.000289068,0.000632336,0.00133092,0.00275819,0.0311591,
0.0270437,0.952516,0.013345,0.0011122,0.000644879,0.000480108,0.000318178,0.000187498,0.000136362,0.00016193,0.00127271,9.80102e-05,9.80102e-05,0.000124999,0.000137783,0.000147726,0.000217327,0.000373575,0.000482949,0.00110084,
0.00181927,0.0246832,0.951821,0.0140619,0.00146793,0.000840107,0.000554355,0.00039908,0.000273933,0.00024844,0.00138983,0.000167326,0.000125611,0.000130941,0.000152262,0.000153884,0.000210201,0.000292473,0.000451456,0.000756444,
0.00103853,0.0021683,0.0289484,0.934786,0.0248247,0.00312427,0.00126014,0.000634413,0.000399767,0.000334588,0.000756081,0.000156431,0.000126014,9.99418e-05,0.000112978,0.000173812,0.000160776,0.000169466,0.000282444,0.00044322,
0.000364137,0.000685435,0.00199205,0.0282956,0.934416,0.0273496,0.00307018,0.00115667,0.000671155,0.000332008,0.000549776,0.000153509,0.000117809,0.000121379,6.78295e-05,7.13995e-05,8.56794e-05,0.000107099,0.000199919,0.000192779,
0.000150459,0.000330356,0.000745754,0.00200503,0.0342131,0.931724,0.0244005,0.00289797,0.00131161,0.00057894,0.000549503,0.000222418,0.000140647,0.000111209,0.00011448,9.81255e-05,9.48546e-05,9.48546e-05,0.000117751,9.81255e-05,
0.000143738,0.000141171,0.000297743,0.000610886,0.00184036,0.026689,0.935726,0.0288528,0.00301336,0.0010806,0.00063142,0.000261808,0.000130904,0.000136038,5.64685e-05,8.21359e-05,6.67355e-05,4.87682e-05,8.47027e-05,0.000105237,
6.27056e-05,6.77898e-05,0.00013558,0.000269465,0.00049995,0.00155747,0.0323832,0.926645,0.033639,0.00276413,0.00107277,0.000310138,0.000155917,0.000116937,8.13478e-05,5.08424e-05,3.38949e-05,4.57581e-05,5.08424e-05,5.76214e-05,
4.24001e-05,4.01082e-05,4.4692e-05,8.8238e-05,0.000161579,0.000396498,0.00126398,0.0357902,0.929803,0.0289661,0.00228158,0.000567244,0.000221168,9.39677e-05,5.84433e-05,4.24001e-05,2.75028e-05,4.12541e-05,2.86487e-05,4.12541e-05,
3.85864e-05,4.65015e-05,2.96818e-05,6.43106e-05,8.90454e-05,0.000181059,0.000361129,0.00162557,0.039088,0.922416,0.0334959,0.0017443,0.000366076,0.000169186,8.40985e-05,5.63954e-05,3.7597e-05,3.7597e-05,3.46288e-05,3.46288e-05,
7.49168e-05,5.82686e-05,6.9154e-05,7.49168e-05,7.9399e-05,0.000128703,0.000181209,0.00038739,0.00132865,0.034771,0.948969,0.0122761,0.000808718,0.000270213,0.000134466,9.02844e-05,8.38812e-05,8.51619e-05,6.21105e-05,6.65927e-05,
5.21958e-05,4.05967e-05,5.79953e-05,5.02626e-05,6.95944e-05,0.000112124,0.000185585,0.000382769,0.00099752,0.00368657,0.0529207,0.919489,0.0190785,0.00171086,0.000504559,0.000235848,0.000185585,0.000104392,8.31266e-05,5.21958e-05,
7.1458e-05,8.51999e-05,6.04645e-05,7.42064e-05,8.79483e-05,0.00010169,0.000164903,0.00028858,0.000560671,0.00118181,0.00344922,0.0334698,0.931521,0.0255215,0.00207778,0.000623883,0.000291329,0.000178645,9.06967e-05,9.89419e-05,
0.000115297,7.57668e-05,0.000115297,0.000115297,5.92958e-05,0.000118592,0.00018777,0.000200947,0.000273419,0.000474366,0.0014198,0.00324809,0.0399291,0.924095,0.0261758,0.0019897,0.000721432,0.000309656,0.000243771,0.000131768,
0.000170683,6.48597e-05,8.1928e-05,5.46187e-05,6.82734e-05,6.48597e-05,8.1928e-05,0.000174097,0.000221888,0.000296989,0.000699802,0.000959241,0.00256708,0.0336656,0.929556,0.0282652,0.00176487,0.000648597,0.000416468,0.000177511,
0.000138868,0.000163019,8.75474e-05,7.84908e-05,7.2453e-05,0.000120755,7.2453e-05,0.000117736,0.000181133,0.000265661,0.000742644,0.000413586,0.000923776,0.00243925,0.033742,0.938792,0.0190702,0.00165434,0.000576605,0.000347171,
0.000376712,0.000285477,0.000194242,9.71211e-05,9.71211e-05,8.53488e-05,7.35766e-05,0.00010595,0.000129495,0.000194242,0.00117723,0.00036494,0.000515036,0.000824058,0.00198951,0.0254457,0.947493,0.018506,0.00136264,0.000682791,
0.000934233,0.000495599,0.000341793,0.000281979,0.000207924,0.000250648,0.000244951,0.000299069,0.000364579,0.000655103,0.00173745,0.000640861,0.000598137,0.000657951,0.00114785,0.00238685,0.0235068,0.94441,0.0189866,0.00185138,
0.00216629,0.00100019,0.000483504,0.000274934,0.000184869,0.000255973,0.000142207,0.000137467,0.000189609,0.000175389,0.00108551,0.00020383,0.000303375,0.000450322,0.000677854,0.00106181,0.00284414,0.024872,0.942634,0.020857,
0.0137978,0.000895492,0.000463185,0.000297639,0.000257325,0.000183559,0.000142387,0.000168977,0.000164688,0.000239312,0.00164259,0.000203287,0.000204145,0.000196425,0.000320799,0.000326803,0.000467474,0.000948672,0.0144754,0.964604,


0.915481,0.019432,0.0025479,0.00127159,0.000839462,0.000648585,0.000508085,0.000489194,0.000523827,0.000623791,0.00129087,0.000401037,0.000360894,0.000350661,0.000422289,0.000567119,0.000833165,0.0013566,0.00363255,0.0484192,
0.027131,0.941853,0.0187588,0.00199467,0.00094289,0.000494955,0.000467733,0.000420712,0.000433086,0.000579098,0.00172987,0.000341519,0.00027965,0.000316771,0.00021778,0.000269751,0.000381115,0.000509804,0.000856272,0.00202189,
0.00134688,0.0248948,0.951246,0.016043,0.00169694,0.000689448,0.000437575,0.00026468,0.000243334,0.00013234,0.00111422,0.000102457,6.61699e-05,7.04389e-05,0.000106726,0.000117398,0.000181434,0.000279621,0.000330849,0.000636085,
0.000818661,0.00216273,0.0273172,0.936446,0.0247716,0.003071,0.00140516,0.000631305,0.000411367,0.000252522,0.000843098,0.00016699,0.00016699,0.000171063,0.00013848,0.000101823,0.000187355,0.000195501,0.000260668,0.000480607,
0.000378823,0.000857713,0.00194772,0.0277363,0.934989,0.0274254,0.00294839,0.00111145,0.00061112,0.00035738,0.000532497,0.00017869,0.000121509,0.000110788,7.86237e-05,0.000110788,6.79022e-05,0.000100066,0.000146526,0.000189412,
0.000206582,0.00035742,0.000632864,0.0020855,0.0332467,0.932507,0.0242849,0.00318727,0.00123294,0.000531212,0.000652538,0.000206582,0.000167233,9.83726e-05,0.000111489,9.18144e-05,5.90236e-05,0.000111489,0.000121326,0.00010821,
9.76625e-05,0.000169624,0.000339249,0.000603966,0.00185045,0.0258857,0.935599,0.0297819,0.00298642,0.00104345,0.000663077,0.000254437,0.000151634,0.000123363,5.39714e-05,7.7102e-05,5.14013e-05,7.96721e-05,0.000105373,8.22421e-05,
7.92267e-05,8.62691e-05,0.000114439,0.000271132,0.000494727,0.00146129,0.0312013,0.926647,0.0349654,0.00279934,0.000959524,0.000343316,0.000202468,9.68327e-05,5.80996e-05,2.99301e-05,4.40149e-05,5.6339e-05,4.22543e-05,4.7536e-05,
3.67314e-05,3.44357e-05,5.39492e-05,9.75677e-05,0.000169883,0.000366166,0.00130167,0.0347628,0.929903,0.029788,0.00234736,0.000561301,0.000195135,0.000120525,6.08363e-05,5.05056e-05,5.16535e-05,2.29571e-05,3.90271e-05,3.67314e-05,
2.17696e-05,3.5623e-05,4.65078e-05,6.92669e-05,8.41098e-05,0.000182073,0.00039779,0.00155158,0.0380651,0.922389,0.0344613,0.00184943,0.000375031,0.000189989,8.21307e-05,5.73926e-05,3.95811e-05,3.5623e-05,2.57277e-05,4.05706e-05,
5.38681e-05,5.51507e-05,5.89984e-05,6.99003e-05,8.59325e-05,0.00012954,0.000180843,0.000351425,0.00134414,0.0337849,0.949984,0.0123422,0.000766338,0.000296275,0.000126975,0.000108378,7.75957e-05,7.56719e-05,5.32268e-05,5.45094e-05,
3.50332e-05,3.69795e-05,6.42276e-05,7.78516e-05,6.22813e-05,0.000110939,0.000179059,0.000387312,0.000971199,0.00360064,0.0525888,0.919688,0.0193948,0.00171663,0.000506035,0.000194629,0.000149864,9.73145e-05,8.17442e-05,5.64424e-05,
7.95237e-05,7.40393e-05,8.22659e-05,6.03284e-05,8.22659e-05,0.000104204,0.000167274,0.000260509,0.000488111,0.00124222,0.00368003,0.0331861,0.931415,0.0258123,0.00184276,0.000693776,0.000359228,0.000170016,0.00011243,8.77503e-05,
0.000125021,9.21204e-05,9.54104e-05,7.56703e-05,8.22504e-05,0.000125021,0.000134891,0.000190821,0.000322421,0.000579043,0.00145748,0.00310577,0.0382464,0.924639,0.0272775,0.00206613,0.000677743,0.000371772,0.000197401,0.000138181,
0.000150151,6.4838e-05,6.4838e-05,6.4838e-05,7.50756e-05,8.19006e-05,0.000112613,0.000184276,0.000238877,0.000262765,0.000839482,0.00103741,0.00263447,0.0338318,0.928371,0.0287267,0.0019622,0.000699568,0.000334428,0.000262765,
0.000225064,0.000126406,7.70768e-05,8.32429e-05,0.000101741,8.9409e-05,9.24921e-05,0.000104824,0.000163403,0.000258978,0.00062278,0.000505624,0.000986582,0.00246029,0.0340556,0.937858,0.0194573,0.00169261,0.000635112,0.000403882,
0.000342074,0.000263886,0.000179182,9.44776e-05,0.000127056,0.000130314,9.77355e-05,9.77355e-05,0.000146603,0.00013683,0.00102948,0.000387684,0.000485419,0.00101319,0.00227398,0.023564,0.947451,0.0197198,0.00171363,0.000746047,
0.00090865,0.000487866,0.000280523,0.00029272,0.000204294,0.00021954,0.000210392,0.000246982,0.000432981,0.000673865,0.00173802,0.0005458,0.000564095,0.000698258,0.000948289,0.00247897,0.0236036,0.941075,0.0222833,0.00210697,
0.00234731,0.00106742,0.000551416,0.000414826,0.000227649,0.000192237,0.000146707,0.000111295,0.000182119,0.000161884,0.00102695,0.000293414,0.000374356,0.000465415,0.000647534,0.00116354,0.00270649,0.0252639,0.941211,0.0214445,
0.0265667,0.00323831,0.00132458,0.000739589,0.000501417,0.000472167,0.000555737,0.000559915,0.000572451,0.000894193,0.00203492,0.000869122,0.00065602,0.000559915,0.000651841,0.000777196,0.00132875,0.00341381,0.0375143,0.916769,


0.931884,0.02528,0.00290395,0.00139173,0.000753098,0.000481983,0.000265091,0.000210868,0.000210868,0.000192793,0.000722974,0.000180744,0.000192793,0.000186768,0.000271115,0.000403661,0.000572355,0.00119893,0.00266898,0.0300275,
0.0271066,0.943358,0.0181598,0.00179072,0.000886339,0.00057285,0.000412723,0.000412723,0.00042851,0.000595403,0.00168923,0.000367616,0.000236808,0.000239063,0.000259361,0.000207489,0.000299957,0.000484893,0.000665318,0.00182681,
0.00214497,0.0251632,0.942454,0.0214262,0.00265475,0.00121561,0.000635257,0.000368606,0.000301943,0.00023528,0.000901908,0.000192146,0.000137247,0.000129404,0.000125483,0.000199988,0.000207831,0.000254887,0.000403898,0.000847009,
0.00105568,0.00253511,0.037614,0.925623,0.025221,0.00290683,0.0011263,0.000713696,0.000453495,0.000260202,0.000568727,0.000152404,0.000130101,0.000137535,0.000126384,0.000152404,0.000148687,0.000237899,0.000334545,0.000501818,
0.000374829,0.00071039,0.00204549,0.0274803,0.93438,0.0282264,0.00307003,0.00123872,0.000567598,0.000299863,0.000585447,0.000135652,0.000117803,9.28147e-05,6.78261e-05,8.56751e-05,7.13959e-05,0.000135652,0.000103524,0.000210618,
0.000215045,0.000404025,0.000690752,0.00201361,0.0325468,0.932577,0.0250691,0.00303344,0.00121533,0.000612553,0.000606037,0.000188979,0.00014988,0.000153138,0.000101006,8.47148e-05,8.14566e-05,6.1907e-05,8.79731e-05,0.000107523,
9.51455e-05,0.000182577,0.000277722,0.00059916,0.00162776,0.0260467,0.93507,0.0304671,0.00296237,0.00108517,0.000696877,0.000234007,0.000172291,8.7431e-05,6.94305e-05,5.40015e-05,3.85725e-05,6.94305e-05,7.97165e-05,8.48595e-05,
4.11117e-05,7.68609e-05,0.000146572,0.000250245,0.000561264,0.00151398,0.0297255,0.926871,0.0359173,0.00289748,0.00106175,0.000332468,0.000176959,0.00012691,6.61361e-05,5.89863e-05,2.3237e-05,3.39618e-05,5.71988e-05,6.07738e-05,
2.98739e-05,3.67679e-05,4.48109e-05,0.000104559,0.000205671,0.000409043,0.00135467,0.0339736,0.929715,0.030638,0.00237268,0.000581393,0.00021831,0.000106857,6.43439e-05,4.02149e-05,3.90659e-05,2.75759e-05,1.9533e-05,1.8384e-05,
3.55808e-05,3.0639e-05,4.34877e-05,6.32548e-05,9.19171e-05,0.00015616,0.000404238,0.00157247,0.0369092,0.922747,0.0352566,0.00184526,0.000397319,0.000180869,8.20336e-05,5.13945e-05,4.74411e-05,3.16274e-05,3.26158e-05,2.07555e-05,
5.83622e-05,5.25901e-05,6.79824e-05,7.18304e-05,7.76025e-05,0.000117366,0.000187914,0.000341836,0.00132053,0.0326476,0.950803,0.0125973,0.000870944,0.000275778,0.000143019,9.55601e-05,7.95265e-05,7.43958e-05,5.96449e-05,5.77209e-05,
5.26122e-05,6.43038e-05,5.45608e-05,5.8458e-05,7.59954e-05,0.00011107,0.000198757,0.000434538,0.000962608,0.00367701,0.0507961,0.92086,0.0198718,0.00162124,0.000539762,0.000224089,0.000155888,0.000109122,6.43038e-05,6.8201e-05,
7.14521e-05,6.8704e-05,6.8704e-05,8.24448e-05,7.69484e-05,0.000123667,0.000170386,0.000288557,0.000497417,0.00123392,0.00363856,0.0320161,0.931582,0.0268385,0.00188524,0.000637573,0.00031329,0.00016489,0.000123667,0.000118171,
0.000130991,7.20452e-05,0.000124442,8.18695e-05,6.22208e-05,0.000117892,0.000134266,0.000196487,0.0003766,0.000632033,0.00168979,0.00359571,0.0375978,0.92396,0.0277243,0.00206966,0.000727001,0.000360226,0.000229235,0.000117892,
0.000101148,7.17546e-05,5.44643e-05,2.85289e-05,5.87869e-05,7.34836e-05,7.52126e-05,7.26191e-05,0.000129677,0.000213535,0.00123885,0.000487585,0.00100802,0.0171156,0.96176,0.0161794,0.000638875,0.000331108,0.000224773,0.000136593,
0.000203319,0.000115735,0.000121991,7.19436e-05,8.13275e-05,8.75835e-05,0.000103223,0.000128247,0.000147015,0.000181423,0.000891475,0.000431661,0.000860195,0.00248987,0.0336133,0.938091,0.0198283,0.00165157,0.000613084,0.000287774,
0.000394758,0.000273041,0.000197379,0.000144744,0.000115138,9.21101e-05,7.89515e-05,9.21101e-05,0.000111848,0.000157903,0.00114151,0.000319096,0.000421075,0.000963867,0.0024146,0.0236789,0.947214,0.019876,0.00157903,0.000733591,
0.000890531,0.000405534,0.000309631,0.000254829,0.000194547,0.000186326,0.000246608,0.000391833,0.000419234,0.000545279,0.00177284,0.000602821,0.000495957,0.000739825,0.00110974,0.00254829,0.0234196,0.943472,0.0200657,0.00192903,
0.00228673,0.000993125,0.000575503,0.000341227,0.000218997,0.000193532,0.000193532,0.000162974,0.000101859,0.000254647,0.000977846,0.000218997,0.000315763,0.00048383,0.000728291,0.00112045,0.00279093,0.0250828,0.940632,0.0223275,
0.0272052,0.00285334,0.00137954,0.000552673,0.000471272,0.000428429,0.000428429,0.00041986,0.000582663,0.000784025,0.00179512,0.000556957,0.000458419,0.00056981,0.00050983,0.00074975,0.00120817,0.00287476,0.0282335,0.927938,


0.930954,0.025981,0.00311002,0.00143771,0.000757954,0.000451163,0.000306791,0.000264682,0.000246636,0.000234605,0.000613582,0.000246636,0.000192496,0.000180465,0.000288744,0.000342884,0.000601551,0.0012031,0.00280924,0.0297768,
0.0269241,0.940874,0.0193459,0.00214665,0.000969373,0.000704289,0.000434009,0.000361241,0.000478189,0.000602934,0.00170225,0.000483387,0.000304066,0.000298868,0.000257287,0.000265083,0.000353444,0.000545759,0.000818639,0.00213106,
0.00146637,0.0247487,0.950054,0.0165377,0.00183599,0.00092922,0.000497426,0.000298801,0.000212443,0.00017099,0.00111057,0.000131265,0.000120902,0.000124357,0.000127811,0.000157173,0.000184808,0.000288438,0.000395523,0.000607966,
0.000799567,0.00217762,0.0280327,0.935873,0.0252324,0.00279664,0.00122698,0.000670604,0.000456895,0.000294771,0.000832728,0.000114224,0.000125278,0.00010317,9.94853e-05,0.000132647,0.000125278,0.000180547,0.000320564,0.00040531,
0.000342545,0.000788568,0.00208025,0.0264973,0.935041,0.0287131,0.00283313,0.00109543,0.000692227,0.000314,0.000492409,0.000189113,8.56363e-05,6.77954e-05,7.13636e-05,0.000103477,0.000110614,8.92045e-05,0.000128454,0.000264045,
0.000187985,0.000293129,0.000736009,0.00197862,0.0316388,0.933641,0.0251103,0.00306192,0.00122987,0.000535279,0.000630865,0.000213474,0.000117889,9.87717e-05,8.6027e-05,5.0979e-05,8.28408e-05,7.96546e-05,8.6027e-05,0.000140192,
0.000106983,0.00017355,0.000306684,0.000620499,0.00172361,0.0262107,0.934752,0.0303427,0.00302404,0.00105794,0.000668047,0.000292419,0.000156908,0.000104605,7.60765e-05,8.32087e-05,4.99252e-05,7.13218e-05,7.36991e-05,0.000104605,
8.93158e-05,0.000120691,0.000182754,0.000326575,0.000791475,0.00262291,0.0701715,0.901845,0.0179467,0.00324239,0.00136562,0.000458946,0.000239778,0.00014634,8.81707e-05,7.53459e-05,6.52692e-05,6.61853e-05,7.42008e-05,8.03842e-05,
3.83469e-05,4.93031e-05,4.65641e-05,0.000100432,0.000167996,0.000413599,0.00145536,0.0349331,0.930806,0.0285839,0.00223416,0.000566986,0.000236472,0.000124171,6.48245e-05,4.1999e-05,4.56511e-05,2.92167e-05,3.01297e-05,3.19557e-05,
3.06664e-05,2.76987e-05,4.1548e-05,5.34189e-05,0.00010387,0.000166192,0.000372943,0.00152244,0.0358688,0.922513,0.0365959,0.00182712,0.000465932,0.000148386,8.21068e-05,5.04512e-05,3.46234e-05,3.36341e-05,2.37417e-05,3.75911e-05,
5.50583e-05,5.24975e-05,5.6979e-05,7.29843e-05,9.73124e-05,0.000112037,0.000163254,0.000357239,0.001315,0.0317533,0.9514,0.012956,0.000837399,0.000265688,0.000138926,0.000104355,8.25875e-05,7.17039e-05,6.018e-05,4.8016e-05,
4.87443e-05,4.67946e-05,6.82421e-05,6.23928e-05,5.26439e-05,0.000130635,0.00017353,0.00034901,0.000926143,0.00377866,0.04938,0.922027,0.0201724,0.00163976,0.000547886,0.000232023,0.000136484,9.35891e-05,6.43425e-05,7.01919e-05,
9.91719e-05,8.26433e-05,4.9586e-05,6.06051e-05,5.78503e-05,0.000104681,0.000140494,0.000278232,0.000534426,0.0012121,0.0036363,0.0314706,0.931858,0.0271538,0.00191457,0.000592277,0.000355366,0.00019008,0.000123965,8.5398e-05,
0.000118974,9.25354e-05,7.9316e-05,5.9487e-05,8.59257e-05,9.25354e-05,8.92305e-05,0.000221424,0.000340398,0.000611394,0.00154666,0.00314951,0.0365019,0.924997,0.0284976,0.00212501,0.000720454,0.000350312,0.000175156,0.000145413,
0.00011594,7.16098e-05,9.54797e-05,8.86597e-05,6.81998e-05,7.16098e-05,8.86597e-05,0.00011594,0.000231879,0.000330769,0.000777478,0.00104346,0.00270753,0.0315083,0.928953,0.0305296,0.00202212,0.000675178,0.000310309,0.000194369,
0.000219269,0.000112767,0.000119032,0.000115899,0.000106502,9.08399e-05,8.14427e-05,0.000131561,0.000166018,0.000231798,0.000826956,0.000535642,0.000902134,0.00265628,0.0344315,0.935845,0.0206864,0.00177294,0.000635879,0.000332035,
0.000467346,0.000254916,0.000147067,0.000111117,0.000137263,0.000130726,0.000120922,0.000140531,0.00012419,0.000153603,0.000967374,0.000418324,0.000529441,0.000977178,0.00231385,0.0236712,0.946968,0.0200763,0.00160793,0.000683044,
0.000990031,0.000590271,0.000374775,0.000231111,0.000165526,0.000178018,0.000246727,0.00034979,0.000387268,0.00065898,0.00176769,0.000596517,0.000596517,0.000715196,0.00102126,0.00251412,0.0244072,0.940376,0.0218182,0.00201442,
0.00219697,0.00114671,0.000648373,0.000444752,0.000267923,0.000192904,0.000257206,0.00013932,0.000176829,0.000235772,0.000975239,0.00027864,0.000417959,0.000412601,0.000610864,0.00121101,0.00279175,0.0251365,0.938769,0.0236897,
0.0273647,0.00278915,0.0011865,0.000810183,0.000402878,0.00039845,0.000451577,0.000482568,0.000610957,0.00103597,0.00207194,0.000699502,0.00057554,0.00052684,0.000571112,0.000752629,0.00125291,0.0031389,0.0281129,0.926765,


0.931872,0.025837,0.00325363,0.0011886,0.000744374,0.000444223,0.000252127,0.000228115,0.000186093,0.000240121,0.000606304,0.000174087,0.000198099,0.000222111,0.000282142,0.000384193,0.000720362,0.00114658,0.00282142,0.0291987,
0.0268515,0.935768,0.022098,0.00239446,0.00118273,0.000734775,0.000554304,0.000557527,0.000586531,0.000934582,0.00210764,0.000496296,0.000396392,0.000296488,0.000273929,0.000302934,0.000435064,0.00064454,0.000976478,0.00240736,
0.00185919,0.0249674,0.942303,0.0219346,0.00266097,0.00107678,0.000615857,0.000395078,0.000282752,0.000263385,0.00101093,0.000151059,9.68328e-05,0.000147186,0.000170426,0.000151059,0.000193666,0.000348598,0.000484164,0.000886988,
0.000842839,0.00204745,0.0253275,0.938573,0.0254199,0.00290183,0.00103527,0.000688896,0.000307887,0.000315584,0.000827445,0.000150095,0.000100063,0.000130852,0.000127003,0.000130852,0.000127003,0.000211672,0.000327129,0.00040795,
0.000367103,0.000734207,0.00179847,0.025768,0.936814,0.0281626,0.00262698,0.00110805,0.00058265,0.000333424,0.000565811,0.000158292,9.76697e-05,9.09339e-05,7.74622e-05,8.7566e-05,0.000114509,0.000111141,0.000117877,0.000282905,
0.00020404,0.000359354,0.000642574,0.00204649,0.0300243,0.935405,0.0248959,0.00298751,0.00113288,0.000575576,0.000712617,0.000264947,0.000130951,0.000115724,7.3089e-05,7.00436e-05,8.52704e-05,7.61343e-05,9.44066e-05,0.000103543,
0.00011555,0.000174609,0.000331244,0.000621404,0.00171528,0.0248202,0.935325,0.0314836,0.00280402,0.000986029,0.000649649,0.000241372,0.000195152,0.00013866,7.44657e-05,6.93301e-05,5.9059e-05,6.16268e-05,6.67624e-05,6.67624e-05,
6.87448e-05,8.28462e-05,0.000139252,0.000253827,0.00049884,0.00147184,0.0280884,0.926559,0.0380423,0.00291548,0.000921885,0.000338436,0.000199184,0.000112812,7.22701e-05,5.11179e-05,4.40672e-05,4.75925e-05,4.93552e-05,4.23045e-05,
3.76987e-05,5.27782e-05,5.0624e-05,9.90937e-05,0.000159412,0.000369447,0.0012516,0.0327192,0.931296,0.0305812,0.00227269,0.000564403,0.00020465,0.000106633,6.46263e-05,4.30842e-05,3.98529e-05,2.0465e-05,3.44674e-05,3.23132e-05,
2.07373e-05,1.6129e-05,2.56747e-05,3.21483e-05,5.93591e-05,0.000114878,0.000301294,0.00130798,0.070619,0.916178,0.0100791,0.000816763,0.000199802,8.74477e-05,4.32301e-05,2.79789e-05,2.20539e-05,1.72262e-05,1.47026e-05,1.70068e-05,
5.32377e-05,6.02933e-05,6.02933e-05,7.11974e-05,8.85157e-05,0.000120587,0.00016292,0.000373305,0.00130849,0.0308708,0.951888,0.013337,0.000816525,0.00028479,0.000153299,0.000102627,7.0556e-05,6.15761e-05,6.41418e-05,5.19548e-05,
1.28382e-05,1.34801e-05,1.25814e-05,1.52774e-05,1.8166e-05,2.86292e-05,4.62175e-05,9.39755e-05,0.000299194,0.00128273,0.0712518,0.91936,0.00653791,0.00068389,0.000177488,7.51034e-05,3.55618e-05,2.29804e-05,1.91289e-05,1.34159e-05,
7.13858e-05,7.96226e-05,6.04034e-05,6.58946e-05,9.06051e-05,0.000131789,0.000170228,0.000236122,0.000540885,0.00116414,0.00357204,0.0313109,0.931637,0.0275302,0.00194664,0.000653455,0.000299271,0.000175719,0.000161991,0.000101588,
0.000123912,0.000101087,0.000123912,9.78257e-05,0.000107608,0.000156521,0.000179347,0.000215216,0.000358694,0.000776084,0.00156195,0.0035739,0.0351129,0.925189,0.029051,0.00187173,0.000674997,0.000335868,0.000231521,0.000156521,
0.000146414,0.000112365,0.00011577,8.85296e-05,6.80997e-05,0.000105555,8.85296e-05,0.000119174,0.000211109,0.000326879,0.000864866,0.00109981,0.00270356,0.0311897,0.928563,0.0310841,0.00191701,0.000640137,0.000337094,0.000217919,
0.000136051,7.95033e-05,7.01719e-05,6.75591e-05,6.79324e-05,6.45731e-05,6.68126e-05,8.88346e-05,0.00010899,0.000171324,0.000712917,0.000343954,0.000588623,0.00169868,0.0340897,0.946728,0.0133862,0.000917087,0.000375681,0.000237203,
0.000377572,0.000195528,0.000121362,0.000124734,0.000138218,0.000144961,0.000117991,0.000111249,0.000144961,0.000239354,0.00100124,0.000391057,0.000471965,0.000866393,0.00259244,0.0235713,0.945694,0.0212452,0.00172604,0.000724804,
0.000599806,0.00035731,0.000307821,0.000210823,0.000202905,0.000193997,0.0002227,0.000329596,0.000375126,0.00048994,0.00173112,0.000601785,0.000564174,0.000678988,0.000827455,0.00197659,0.0235072,0.947037,0.0182367,0.001549,
0.00213866,0.00112643,0.000628102,0.000420465,0.000259546,0.000197255,0.000181682,0.000186873,0.000109009,0.000207637,0.000949939,0.000192064,0.000327028,0.000384128,0.000680011,0.00116277,0.00273562,0.0252123,0.939842,0.0230581,
0.0275589,0.00311594,0.00123288,0.00074525,0.000496833,0.000417095,0.000496833,0.000555104,0.000674712,0.000987533,0.00200573,0.000889393,0.000674712,0.000644043,0.000613375,0.000754451,0.00115928,0.00332756,0.0355972,0.918053,


0.931978,0.0267968,0.00323253,0.00139573,0.000700885,0.00051358,0.000320232,0.000259811,0.000205432,0.0002296,0.000688801,0.000157095,0.000265853,0.000217516,0.000326274,0.000380653,0.000616296,0.00108154,0.00278541,0.0278481,
0.0280826,0.934505,0.022925,0.00242693,0.0011763,0.000833753,0.00060431,0.00052352,0.000500898,0.00084668,0.00139928,0.000465351,0.000384561,0.000319929,0.000297307,0.000316697,0.000449193,0.000426572,0.000869301,0.00264668,
0.00194056,0.0243404,0.943834,0.0213272,0.00255836,0.00113326,0.000583685,0.000405547,0.00024636,0.00022362,0.000845206,0.000174347,0.000125075,6.44327e-05,9.4754e-05,0.000144026,0.000208459,0.000337324,0.000530623,0.000883108,
0.000877993,0.00210493,0.0251579,0.938788,0.0251841,0.00286286,0.00120443,0.000626602,0.000382715,0.000296416,0.000757925,0.000228878,0.000116315,9.00505e-05,0.000131324,0.000138828,0.000172597,0.000228878,0.000255143,0.000393971,
0.000363644,0.000730686,0.00202213,0.025088,0.937232,0.0282385,0.00262707,0.00115211,0.000519977,0.000322861,0.000557361,9.17606e-05,0.00013934,8.8362e-05,9.85577e-05,8.1565e-05,8.1565e-05,0.000132543,0.00018692,0.000244695,
0.000208034,0.000305932,0.000697525,0.00199774,0.0297274,0.935892,0.0250681,0.00279928,0.00106464,0.000581271,0.000651635,0.000186619,0.000122373,0.000113195,6.7305e-05,0.000128491,7.95423e-05,9.48389e-05,8.87203e-05,0.000125432,
0.000113139,0.000159424,0.000298276,0.000557983,0.00194908,0.0236975,0.93532,0.031985,0.00307019,0.00104911,0.000730263,0.000318847,0.000167138,0.000125996,8.74258e-05,6.42837e-05,8.22831e-05,5.1427e-05,6.42837e-05,0.000107997,
4.47722e-05,0.000103872,0.000125362,0.000204161,0.00050324,0.00152226,0.0274454,0.9264,0.0389017,0.0027705,0.00107632,0.000318778,0.000162971,0.000116408,6.62629e-05,6.26811e-05,4.11904e-05,4.47722e-05,4.65631e-05,4.29813e-05,
3.21279e-05,4.24547e-05,5.62238e-05,8.14671e-05,0.00015605,0.00037865,0.00127708,0.0308554,0.930701,0.0329322,0.00232927,0.000597808,0.000246696,9.63837e-05,5.73712e-05,3.55702e-05,3.7865e-05,2.75382e-05,2.18011e-05,3.67176e-05,
3.56393e-05,2.67294e-05,3.86092e-05,5.84088e-05,7.22685e-05,0.000158397,0.000387082,0.00156318,0.0341256,0.922728,0.0380964,0.00186611,0.000413811,0.000178196,7.12785e-05,5.74188e-05,4.25691e-05,3.66292e-05,1.68297e-05,2.67294e-05,
2.49229e-05,2.1121e-05,1.85162e-05,1.85415e-05,2.0924e-05,3.18499e-05,5.95459e-05,0.000171128,0.000960977,0.0594669,0.932086,0.00621758,0.000593033,0.000118631,4.89602e-05,2.94219e-05,2.6701e-05,2.82264e-05,2.88932e-05,2.76085e-05,
4.67342e-05,6.23122e-05,7.5943e-05,3.89451e-05,9.34683e-05,0.000109046,0.000202515,0.000366084,0.000954156,0.00373289,0.0464479,0.923599,0.0215289,0.00158312,0.000535496,0.000270669,0.000110994,9.15211e-05,7.78903e-05,7.20485e-05,
8.80934e-05,3.85408e-05,7.98346e-05,6.33171e-05,8.25875e-05,9.63521e-05,0.000165175,0.000228492,0.000520301,0.00112044,0.00355126,0.0305106,0.932019,0.0281761,0.00196558,0.000627665,0.000297315,0.000148658,0.000118375,0.000101858,
7.17083e-05,5.59914e-05,5.40268e-05,5.30445e-05,7.66198e-05,7.46552e-05,9.43013e-05,0.000155204,0.000248523,0.000389975,0.0014489,0.00129664,0.0222993,0.953731,0.0182601,0.000835941,0.000374258,0.000192532,0.000175833,0.000111983,
