0.931252,0.0237154,0.00299297,0.00135825,0.000522868,0.000420698,0.000324539,0.000324539,0.000258429,0.000168279,0.000619028,0.000174289,0.000252419,0.000258429,0.000210349,0.000450748,0.000619028,0.00124407,0.00250616,0.0323277,
0.0270118,0.949933,0.0147241,0.00153117,0.000778985,0.000438298,0.00033303,0.000237332,0.000216278,0.000206708,0.00121728,0.000164601,0.000132064,0.000105268,0.000166515,0.000181827,0.000225848,0.000401933,0.000622039,0.00137231,
0.0017574,0.0249292,0.947597,0.0180189,0.00231847,0.00088031,0.000538505,0.000409522,0.000203148,0.00015478,0.000754551,0.000180576,0.000135432,0.000135432,0.000132208,0.000206373,0.000177352,0.000248293,0.000448216,0.000773899,
0.00134983,0.00314607,0.0405039,0.927418,0.0181455,0.00267578,0.0013424,0.00086627,0.000611484,0.000391201,0.00104197,0.000224529,0.000164018,0.00016561,0.00016508,0.000186842,0.000225591,0.000306273,0.000403941,0.000666157,
0.000378022,0.000723948,0.0022717,0.029607,0.93483,0.0254737,0.00291362,0.00109127,0.000620527,0.000349492,0.000495708,0.000153349,0.000139084,0.000110554,8.20236e-05,0.000110554,0.000128385,0.000117686,0.000185445,0.000217541,
0.000305643,0.000503826,0.00103711,0.00356159,0.0854769,0.887452,0.0153612,0.00272032,0.00117202,0.000596556,0.000592874,0.000220277,0.000148972,0.000118508,0.000102774,0.000102774,9.23959e-05,0.000112482,0.000146294,0.000175418,
0.000238392,0.000307193,0.000569249,0.00145752,0.00527092,0.0764388,0.886706,0.0200911,0.00429456,0.00194482,0.00106882,0.000436029,0.000232257,0.000171344,0.000126208,0.000108679,0.000109117,0.000111746,0.000136287,0.000180547,
6.85584e-05,6.67542e-05,0.000126292,0.000239954,0.000506971,0.00143973,0.0320294,0.928398,0.0322946,0.00296966,0.000929147,0.000362638,0.000184025,9.20126e-05,7.93834e-05,5.41251e-05,3.2475e-05,2.88667e-05,5.41251e-05,4.33e-05,
4.44734e-05,4.33331e-05,6.49996e-05,8.43855e-05,0.000158508,0.000380875,0.00126578,0.0389154,0.92846,0.0271767,0.00228183,0.000537102,0.000223508,0.000124298,5.70172e-05,5.35962e-05,3.6491e-05,2.85086e-05,3.53507e-05,2.73683e-05,
8.73997e-05,0.000109694,0.000127252,0.000189004,0.000355518,0.000662502,0.0018934,0.00849375,0.0710039,0.893685,0.0195377,0.00205261,0.000766474,0.000357293,0.00021406,0.000130409,9.94344e-05,8.22701e-05,7.93108e-05,7.33921e-05,
0.000112396,0.000116683,0.000121291,0.000125553,0.000153985,0.000230509,0.000407727,0.00122003,0.00688676,0.0594339,0.923734,0.00553901,0.000811511,0.000322555,0.00018966,0.000134989,0.000120502,0.00011215,0.000108799,0.000117989,
5.56695e-05,4.60713e-05,4.2232e-05,8.25444e-05,6.52676e-05,0.000113259,0.000178526,0.000395445,0.00100205,0.00351869,0.0569671,0.916588,0.0181463,0.00175455,0.000472231,0.000224597,0.000130535,9.21425e-05,6.14284e-05,6.3348e-05,
0.00027108,0.000210423,0.000167171,0.000145858,0.000166441,0.000227672,0.000385463,0.000859097,0.00227859,0.0080771,0.0208811,0.0728951,0.873111,0.0159215,0.00200032,0.000864099,0.00048614,0.000383691,0.000347057,0.00032095,
0.000270509,0.000226763,0.000178562,0.000159254,0.000156014,0.000194359,0.000283066,0.000501525,0.00108197,0.00278387,0.00570499,0.00762157,0.0429263,0.919426,0.015096,0.00138252,0.000753402,0.000506926,0.000404177,0.000342541,
0.000290881,0.000232798,0.0001891,0.000161349,0.000156971,0.000177687,0.00022889,0.00033841,0.000612718,0.00128438,0.00295548,0.0025317,0.00341928,0.0337669,0.935791,0.0150521,0.00125123,0.000722785,0.000469115,0.000366708,
0.000385668,0.000287653,0.000224681,0.000186032,0.000179538,0.000190566,0.0002556,0.000348255,0.000536245,0.000906762,0.00229329,0.00137014,0.00176385,0.00258414,0.0340974,0.93552,0.0161321,0.00147135,0.000750516,0.000516354,
0.0006067,0.000427296,0.000327911,0.000281921,0.000259709,0.000302709,0.000387143,0.000471577,0.000697968,0.00110704,0.00265276,0.00124216,0.00126423,0.00163941,0.00292144,0.0236092,0.9386,0.020209,0.00204051,0.000951413,
0.000804692,0.000522299,0.000368637,0.000292823,0.000230494,0.000225405,0.00025568,0.000308597,0.00037398,0.000488463,0.00184878,0.000588191,0.000680032,0.000818176,0.00135396,0.00275702,0.0235584,0.945667,0.0172349,0.00162236,
0.00197698,0.00108476,0.000605773,0.000361586,0.000248884,0.000220708,0.000253579,0.000225404,0.000291147,0.000248884,0.00111763,0.000197228,0.000408545,0.000403849,0.000582294,0.0011505,0.00238553,0.0251889,0.94294,0.0201079,
0.0273688,0.00312348,0.00128206,0.000707858,0.000485105,0.000534606,0.000514806,0.000499955,0.000579156,0.00102961,0.00188597,0.000811809,0.000727658,0.000727658,0.000613807,0.000821709,0.00124246,0.00360859,0.0316061,0.921829,


0.931156,0.0240525,0.00301183,0.00133725,0.000801147,0.000385514,0.000355396,0.000289136,0.000222875,0.000222875,0.000710792,0.000228899,0.000210828,0.000240946,0.00024697,0.000518035,0.000620437,0.00119871,0.00268053,0.0315098,
0.0270464,0.946155,0.0149968,0.00153998,0.000920682,0.00062949,0.000525288,0.00041497,0.000412931,0.000502858,0.00163031,0.000281201,0.000246943,0.000212889,0.000218394,0.000254895,0.000355222,0.000529163,0.000888463,0.00223798,
0.00218348,0.0252397,0.945324,0.0185612,0.00241332,0.00111636,0.000538482,0.000439979,0.000318492,0.000216706,0.0010113,0.00012477,0.000154321,0.00011492,0.000203572,0.000180588,0.000200289,0.000285658,0.000551615,0.000820856,
0.0010435,0.00217183,0.029307,0.934697,0.0246197,0.00311776,0.00117924,0.000665971,0.000398734,0.000313897,0.000738083,0.000186642,0.000118772,0.000106046,0.000123014,0.000101804,0.000156949,0.000195125,0.000267237,0.000492055,
0.000243455,0.000365705,0.000757532,0.016881,0.963153,0.0143189,0.00116294,0.000559007,0.000320776,0.000231962,0.00122459,0.000121205,7.62757e-05,5.32885e-05,6.26923e-05,7.41859e-05,8.77693e-05,7.73205e-05,9.29936e-05,0.000135833,
0.000219293,0.000350215,0.000720067,0.00210129,0.0357219,0.930471,0.0237688,0.00309302,0.00126666,0.000625149,0.000608784,0.000202928,0.000144013,8.18258e-05,8.50989e-05,0.00010801,9.16449e-05,7.85528e-05,0.000111283,0.00015056,
0.000134293,0.000204022,0.000299576,0.000588822,0.00177938,0.0277056,0.935785,0.0276669,0.00303192,0.00109758,0.000671463,0.000309906,0.000214352,0.000103302,6.45638e-05,6.19812e-05,6.19812e-05,5.42336e-05,7.23114e-05,9.29718e-05,
5.94947e-05,6.12976e-05,0.000128004,0.000261416,0.000506607,0.00151441,0.0315466,0.928794,0.0324769,0.00284673,0.000908647,0.000347954,0.000173076,9.37493e-05,7.57206e-05,6.12976e-05,3.24517e-05,2.70431e-05,4.1466e-05,4.32689e-05,
3.10134e-05,5.05403e-05,7.35132e-05,7.35132e-05,0.000165405,0.000390539,0.00132783,0.0377042,0.928924,0.0278753,0.00226857,0.000572025,0.00020331,0.000105675,7.46618e-05,4.59457e-05,3.5608e-05,2.41215e-05,2.52702e-05,2.87161e-05,
3.66147e-05,1.38542e-05,4.25522e-05,6.82815e-05,8.80732e-05,0.000170209,0.000409689,0.00155365,0.0412559,0.921357,0.03231,0.0018149,0.000437397,0.000165261,8.80732e-05,5.54168e-05,4.84897e-05,3.06772e-05,2.96876e-05,2.47397e-05,
5.52449e-05,6.0384e-05,7.00197e-05,7.77283e-05,8.35097e-05,0.000116271,0.000173443,0.000351383,0.00132459,0.0367289,0.947662,0.0117132,0.00081711,0.000252456,0.000140682,0.000102139,8.28673e-05,7.06621e-05,5.2033e-05,6.5523e-05,
0.000206377,0.000165881,0.000133501,0.000126395,0.000149171,0.000245387,0.000533024,0.00134331,0.00502887,0.032025,0.134744,0.801562,0.0185697,0.00289722,0.000862704,0.000382843,0.000257815,0.000251869,0.000265754,0.000249193,
5.24594e-05,4.69373e-05,6.62645e-05,8.00696e-05,6.62645e-05,0.000132529,0.000168422,0.00027058,0.00056877,0.00116791,0.00355619,0.0351864,0.931408,0.0238718,0.00195204,0.000712343,0.000265058,0.000184988,0.000143573,9.93967e-05,
0.000137162,0.000100363,6.69084e-05,0.000103708,7.69447e-05,0.000100363,0.000113744,0.000230834,0.000301088,0.000495122,0.00158908,0.00330528,0.0401718,0.924069,0.0256293,0.00200056,0.000729302,0.000327851,0.000220798,0.000230834,
0.000145627,8.80535e-05,8.12802e-05,9.48269e-05,8.46668e-05,8.12802e-05,9.82135e-05,0.0001524,0.000176107,0.000331894,0.000894082,0.000971975,0.00269241,0.0347032,0.929699,0.0264939,0.00191686,0.000680721,0.000413174,0.000199814,
0.000265792,0.000192275,9.331e-05,7.63445e-05,8.19997e-05,8.19997e-05,7.91721e-05,0.000124413,0.000135724,0.000203585,0.000763445,0.000472205,0.000910479,0.00229599,0.0340525,0.940072,0.0177628,0.0015071,0.000517446,0.000311033,
0.000378781,0.000203524,0.000180911,0.000141336,7.91484e-05,0.000101762,8.19751e-05,0.000107416,0.00017243,0.00015547,0.000921513,0.000305287,0.000446623,0.000783003,0.00228117,0.0238039,0.949964,0.0177886,0.00148686,0.000616227,
0.000723125,0.000412075,0.000313709,0.000218001,0.000188757,0.000257879,0.000249904,0.000263196,0.000390807,0.00047588,0.00145157,0.000507783,0.000534368,0.000595515,0.000941126,0.00211886,0.0234404,0.946646,0.0183998,0.00187162,
0.0019209,0.000879982,0.000546608,0.000404502,0.000355041,0.000381041,0.000468905,0.000566482,0.000775531,0.00121336,0.00293223,0.00107409,0.000803176,0.000772991,0.000816475,0.00112773,0.0024043,0.0251701,0.937345,0.0200416,
0.0218821,0.00267383,0.00133809,0.000865478,0.000663181,0.000550012,0.000524212,0.000499585,0.000562912,0.000703641,0.00168698,0.000591644,0.00058109,0.000574053,0.000729441,0.00103259,0.0018623,0.00392631,0.0382229,0.92053,


0.930572,0.024513,0.00311814,0.001162,0.000729901,0.00051969,0.000309478,0.000186855,0.000251086,0.000256925,0.000624796,0.000169337,0.000175176,0.000198533,0.000268604,0.000397066,0.000636474,0.00124959,0.00287873,0.0317828,
0.0271109,0.937824,0.0213109,0.00238362,0.0010391,0.000560482,0.000456572,0.000437679,0.000491209,0.000758854,0.00171293,0.00048806,0.000355811,0.000330621,0.000327472,0.000349514,0.000377853,0.000579374,0.000919442,0.00218525,
0.00185364,0.0248918,0.947124,0.0181103,0.00233151,0.000986175,0.000587444,0.000404819,0.000249588,0.000152188,0.00119924,0.000112619,9.74e-05,9.43563e-05,0.000112619,0.000167406,0.000188713,0.000264806,0.000362206,0.000709194,
0.000886057,0.0021555,0.0300705,0.933827,0.0248479,0.00316936,0.00131205,0.000553785,0.000434508,0.000328011,0.000775299,0.000136316,0.000149096,0.000127797,7.6678e-05,0.000119277,0.000144836,0.000170395,0.000272633,0.000443028,
0.000544007,0.001009,0.00276882,0.0563863,0.915424,0.0168413,0.00237981,0.00119552,0.000649354,0.000448158,0.000737431,0.000221057,0.000170542,0.000117436,0.00012564,0.000136865,0.00013557,0.000151976,0.000241781,0.000315178,
0.000190306,0.000324832,0.00075466,0.00197196,0.0354461,0.931182,0.0237816,0.00305801,0.00112871,0.00061029,0.00055123,0.000183743,0.000150932,0.000111558,6.23415e-05,8.20283e-05,6.89037e-05,0.000101715,7.87471e-05,0.000160775,
0.00010666,0.000155142,0.000290891,0.000596326,0.00180352,0.028757,0.935582,0.0271231,0.00296224,0.00104478,0.000644808,0.000237561,0.000155142,0.000116356,6.06022e-05,7.02986e-05,5.81781e-05,7.75709e-05,7.75709e-05,7.9995e-05,
6.13563e-05,7.18745e-05,0.000150761,0.000215623,0.000518899,0.0015602,0.03102,0.927924,0.033767,0.00277681,0.000988712,0.000343595,0.000175304,0.000110441,6.31093e-05,6.48623e-05,5.78502e-05,3.68138e-05,3.85668e-05,5.43441e-05,
3.67801e-05,3.44814e-05,6.20665e-05,8.62034e-05,0.000165511,0.000398835,0.00130455,0.0367882,0.929171,0.0285115,0.00236312,0.000551702,0.000190797,0.000125282,4.94233e-05,4.2527e-05,3.79295e-05,2.29876e-05,1.95394e-05,3.79295e-05,
3.16875e-05,2.87168e-05,4.05996e-05,6.63457e-05,8.81309e-05,0.000155467,0.00038124,0.00156061,0.0401362,0.921951,0.032958,0.00174281,0.000440654,0.000148535,7.92187e-05,6.04043e-05,3.66387e-05,3.26777e-05,2.27754e-05,3.86191e-05,
4.37713e-05,5.7289e-05,5.7289e-05,7.08066e-05,8.81864e-05,0.000117796,0.000180235,0.000387505,0.00133438,0.0360245,0.948163,0.0119103,0.00079754,0.000287732,0.000142257,9.65544e-05,6.75881e-05,6.88755e-05,5.66453e-05,4.76335e-05,
5.32583e-05,4.56499e-05,3.61395e-05,6.08666e-05,8.74957e-05,0.000125537,0.000155971,0.000336668,0.000956747,0.00372618,0.0542588,0.918338,0.0189828,0.00172138,0.000505954,0.000226348,0.00014646,9.70061e-05,8.17895e-05,5.70624e-05,
6.8862e-05,5.78441e-05,6.61075e-05,8.26344e-05,7.16165e-05,0.000145987,0.000134969,0.000272693,0.000520597,0.00117341,0.00372406,0.0343346,0.931031,0.0250217,0.00195017,0.000639039,0.000316765,0.000176287,0.000121197,9.08978e-05,
0.000122886,0.000116243,0.000112922,8.63521e-05,9.63158e-05,9.29945e-05,0.000139492,0.000255735,0.000388584,0.00078049,0.00166726,0.00335445,0.0387422,0.925013,0.0254639,0.00205916,0.000704101,0.000368657,0.000272341,0.00016274,
0.000111079,0.000100981,9.42488e-05,7.74187e-05,8.41507e-05,9.42488e-05,0.000114445,0.000144739,0.000255818,0.000336603,0.000868435,0.00109396,0.00277361,0.0367469,0.927061,0.027073,0.001784,0.000615983,0.000353433,0.000215426,
0.000177302,0.000149159,0.000115387,8.44295e-05,0.000121016,8.72438e-05,7.59866e-05,9.56868e-05,0.000168859,0.000233588,0.00106663,0.00053472,0.000838666,0.00235558,0.0340898,0.93909,0.018279,0.00151973,0.000621964,0.000295503,
0.000363012,0.000299122,0.000165534,0.000104548,0.000101643,0.00012778,0.000101643,9.58352e-05,0.000124876,0.000159725,0.00116164,0.000348492,0.000438519,0.000833476,0.00210257,0.023346,0.95036,0.0176046,0.0015624,0.000598244,
0.000781575,0.000491751,0.000306453,0.000171044,0.00015679,0.000147288,0.000235185,0.000235185,0.0002922,0.000413356,0.00153939,0.000491751,0.000444239,0.000636663,0.00085997,0.00222594,0.0234805,0.946231,0.0189407,0.00191949,
0.00219294,0.00103403,0.000519512,0.000364657,0.000239775,0.000214798,0.000194817,0.00016984,0.00016984,0.000139869,0.00112394,0.000274742,0.000364657,0.000369653,0.000634404,0.00114892,0.0027624,0.0282584,0.937654,0.0221692,
0.0275129,0.00342172,0.00116617,0.000676665,0.000475105,0.000412717,0.000494301,0.000465507,0.00084943,0.00107019,0.00208278,0.000796641,0.00074865,0.000695861,0.000580684,0.000835033,0.00147331,0.00357528,0.031141,0.921526,


0.93143,0.0242351,0.00347249,0.00134439,0.000554634,0.000470234,0.000289375,0.000229088,0.000211002,0.000217031,0.000693293,0.000156745,0.000156745,0.000138659,0.000229088,0.000289375,0.000633007,0.00133233,0.00276112,0.031156,
0.0270046,0.952552,0.0133509,0.00111317,0.000645438,0.000480525,0.000318454,0.00018766,0.00013648,0.000160649,0.00126813,9.80952e-05,9.80952e-05,0.000125107,0.000137902,0.000147854,0.000217516,0.000373899,0.000481946,0.00110179,
0.00181944,0.0246637,0.95184,0.0140627,0.00146807,0.000840186,0.000554407,0.000399117,0.000273959,0.000248463,0.00138996,0.000167342,0.000125622,0.000130721,0.000152045,0.000153899,0.00021022,0.000292501,0.000451267,0.000756515,
0.00104075,0.00217294,0.028897,0.934812,0.0248386,0.00313095,0.00126283,0.000635769,0.000396267,0.000330948,0.000753343,0.000156765,0.000126283,0.000100155,0.000113219,0.000174183,0.00016112,0.000169829,0.000283048,0.000444168,
0.000360944,0.000682577,0.00199055,0.0280071,0.934684,0.027371,0.00307338,0.00115788,0.000671856,0.000332354,0.00055035,0.000153669,0.000117932,0.000121506,6.79003e-05,7.1474e-05,8.57688e-05,0.000107211,0.000200127,0.00019298,
0.000150569,0.000330597,0.000746298,0.00200649,0.034189,0.931727,0.0244151,0.00290009,0.00131257,0.000579363,0.000549904,0.00022258,0.000140749,0.00011129,0.000114563,9.81971e-05,9.49239e-05,9.49239e-05,0.000117837,9.81971e-05,
0.0001446,0.000142018,0.000296947,0.000611968,0.00184882,0.026782,0.935544,0.02892,0.00303144,0.00108192,0.000624879,0.000258214,0.000131689,0.000134272,5.68072e-05,8.26286e-05,6.71358e-05,4.90607e-05,8.52108e-05,0.000105868,
6.3155e-05,6.82757e-05,0.000136551,0.000271396,0.000503533,0.00156693,0.0308401,0.92794,0.0338665,0.00278394,0.00105145,0.000312361,0.000155327,0.000117776,8.19308e-05,5.12068e-05,3.41378e-05,4.60861e-05,5.12068e-05,5.80343e-05,
4.24434e-05,4.01491e-05,4.47376e-05,8.83281e-05,0.000160597,0.000396903,0.00126412,0.0357281,0.929845,0.0289865,0.00228162,0.000567823,0.000221394,9.40637e-05,5.8503e-05,4.24434e-05,2.75308e-05,4.01491e-05,2.86779e-05,4.12962e-05,
3.86098e-05,4.65297e-05,2.96998e-05,6.43496e-05,8.90995e-05,0.000181169,0.000361348,0.00162458,0.0390513,0.922438,0.0335103,0.00174536,0.000365308,0.000169289,8.41495e-05,5.64297e-05,3.76198e-05,3.76198e-05,3.46498e-05,3.46498e-05,
7.5142e-05,5.78016e-05,6.93619e-05,7.5142e-05,7.96377e-05,0.000128448,0.000181112,0.000382775,0.00133136,0.0348466,0.948866,0.0123085,0.000809222,0.000268456,0.000133586,8.92713e-05,8.41334e-05,8.54179e-05,6.22973e-05,6.55085e-05,
5.22188e-05,4.06146e-05,5.80209e-05,5.02848e-05,6.96251e-05,0.000112174,0.000185667,0.000381004,0.00099796,0.0036882,0.0528996,0.919504,0.0190831,0.00171162,0.000504782,0.000235952,0.000185667,0.000104438,8.31633e-05,5.22188e-05,
7.16401e-05,8.54171e-05,6.06186e-05,7.43955e-05,8.81725e-05,0.000101949,0.000162568,0.000289316,0.0005621,0.00118482,0.0034525,0.0335,0.931509,0.0254929,0.00208032,0.000625474,0.000289316,0.0001791,9.09279e-05,9.9194e-05,
0.000110379,7.69308e-05,0.000117069,0.000117069,6.02067e-05,0.000120413,0.00018062,0.000204034,0.00027762,0.000481654,0.00140817,0.00328127,0.0389169,0.924718,0.0264876,0.00202027,0.00072917,0.000311068,0.000247516,0.000133793,
0.000171265,6.50807e-05,8.22073e-05,5.48048e-05,6.85061e-05,6.50807e-05,8.22073e-05,0.00017469,0.000222645,0.000294576,0.000698762,0.00096251,0.00257583,0.033109,0.930011,0.0283444,0.00177088,0.000650808,0.000417887,0.000178116,
0.000138973,0.000163142,8.76136e-05,7.85501e-05,7.25078e-05,0.000120846,7.25078e-05,0.000117825,0.000181269,0.000265862,0.000743205,0.000413899,0.000921453,0.00244109,0.0337191,0.938809,0.0190846,0.00164653,0.000577041,0.000344412,
0.000377031,0.000285719,0.000194406,9.72032e-05,9.72032e-05,8.5421e-05,7.36388e-05,0.00010604,0.000126659,0.000194406,0.00117233,0.000365248,0.000515472,0.000824754,0.00199119,0.0254348,0.947499,0.0185157,0.00136379,0.000680422,
0.000935,0.000496006,0.000342073,0.00028221,0.000208095,0.000248003,0.000245153,0.000299314,0.000364878,0.00065564,0.00173887,0.000641387,0.000598628,0.00065564,0.00114595,0.00238881,0.0234719,0.944436,0.0189936,0.0018529,
0.00216452,0.00100157,0.00048417,0.000275312,0.000185124,0.000256325,0.000142403,0.000137656,0.00018987,0.00017563,0.00107751,0.000204111,0.000303793,0.000446195,0.00067404,0.00106327,0.00284806,0.0248825,0.942635,0.0208525,
0.0137993,0.000895645,0.000463265,0.000297691,0.000257369,0.00018359,0.000142411,0.000169006,0.000164716,0.000239353,0.00164116,0.000203322,0.00020418,0.000196459,0.000320854,0.000326859,0.000467554,0.000948835,0.0144401,0.964638,


0.91548,0.01943,0.00254811,0.00127169,0.00083953,0.000648638,0.000508126,0.000489234,0.00052387,0.000623842,0.00129059,0.000401069,0.000360923,0.00035069,0.000422323,0.000567165,0.000833232,0.00135671,0.00363285,0.0484215,
0.0270558,0.941918,0.0187676,0.00199771,0.000944327,0.00049571,0.000463489,0.000416396,0.000431267,0.00057998,0.00172755,0.00034204,0.000280076,0.000317254,0.000218112,0.000270162,0.000381696,0.000510581,0.000857578,0.00202497,
0.00134803,0.0247432,0.951387,0.0160525,0.00169626,0.00069004,0.000437951,0.000264907,0.000243543,0.000132453,0.0011109,0.000102545,6.62267e-05,7.04994e-05,0.000106817,0.000117499,0.000181589,0.000279861,0.000331134,0.000636631,
0.000820401,0.00216733,0.0273018,0.936413,0.0248039,0.00307753,0.00140815,0.000632648,0.000412242,0.000244896,0.000844891,0.000167346,0.000167346,0.000171427,0.000138774,0.00010204,0.000187754,0.000195917,0.000261222,0.000481629,
0.000379213,0.000858596,0.00194973,0.0275073,0.935197,0.02745,0.00295142,0.0011126,0.000608172,0.000357748,0.00052589,0.000175297,0.000121634,0.000110902,7.87047e-05,0.000110902,6.79722e-05,0.00010017,0.000146677,0.000189607,
0.000206743,0.000357698,0.000633356,0.00208712,0.0332299,0.93252,0.0242907,0.00318647,0.0012339,0.000531625,0.000649764,0.000206743,0.000167363,9.84491e-05,0.000111576,9.18858e-05,5.90695e-05,0.000108294,0.000121421,0.000108294,
9.82458e-05,0.000170637,0.000338689,0.000607573,0.0018615,0.0259602,0.935502,0.0297685,0.00300167,0.00104709,0.000659281,0.000255956,0.00015254,0.0001241,5.42937e-05,7.75625e-05,5.17083e-05,8.01479e-05,0.000106002,8.27333e-05,
7.97973e-05,8.68904e-05,0.000113489,0.000267764,0.00049829,0.00147182,0.0298424,0.927744,0.0351959,0.00281773,0.000959341,0.000345788,0.00020038,9.57567e-05,5.8518e-05,3.01456e-05,4.43318e-05,5.67447e-05,4.25585e-05,4.78784e-05,
3.67737e-05,3.44753e-05,5.40113e-05,9.768e-05,0.000170078,0.000366587,0.00130317,0.034704,0.929929,0.0298165,0.00234777,0.000561948,0.00019536,0.000120664,6.09064e-05,5.05638e-05,5.1713e-05,2.29835e-05,3.9072e-05,3.67737e-05,
2.17831e-05,3.5645e-05,4.65365e-05,6.93097e-05,8.41618e-05,0.000182186,0.000398036,0.00155155,0.0380372,0.922401,0.0344766,0.00185057,0.000374273,0.000190107,8.21816e-05,5.74281e-05,3.96056e-05,3.5645e-05,2.57436e-05,4.05957e-05,
5.40312e-05,5.46744e-05,5.78906e-05,7.01119e-05,8.55494e-05,0.000128646,0.000180104,0.00035056,0.00134499,0.0338641,0.949879,0.0123757,0.000766085,0.000293956,0.000126073,0.000107419,7.78307e-05,7.5901e-05,5.27448e-05,5.46744e-05,
3.50479e-05,3.6995e-05,6.42545e-05,7.78842e-05,6.23074e-05,0.000110985,0.000175239,0.000387474,0.000971605,0.00360214,0.0525679,0.919711,0.0193951,0.00171735,0.0005043,0.00019471,0.000149927,9.73552e-05,8.17784e-05,5.6466e-05,
7.97293e-05,7.42307e-05,8.24785e-05,6.04843e-05,7.97293e-05,0.000104473,0.000167706,0.000261182,0.000489373,0.00124268,0.00368404,0.0332306,0.931394,0.0257745,0.00184752,0.000695569,0.000360156,0.000170456,0.000112721,8.79771e-05,
0.000126996,9.35757e-05,9.69177e-05,7.68657e-05,8.35497e-05,0.000126996,0.000137022,0.000187151,0.000324173,0.000578164,0.00146379,0.00314481,0.037213,0.925317,0.0275313,0.00209543,0.000685108,0.000377645,0.000200519,0.000140364,
0.000150677,6.50649e-05,6.50649e-05,6.50649e-05,7.53383e-05,8.21873e-05,0.000109583,0.000178072,0.000236288,0.000263684,0.000838995,0.00104104,0.00264369,0.0333235,0.928771,0.0288238,0.00196565,0.000702016,0.000335598,0.000263684,
0.000225209,0.000126487,7.71262e-05,8.32963e-05,0.000101807,8.94664e-05,9.25515e-05,0.000104892,0.000163508,0.000259144,0.000620095,0.000505948,0.000984131,0.00246187,0.0340312,0.937883,0.0194574,0.00169369,0.00063552,0.000404141,
0.000342374,0.000264117,0.000179339,9.45605e-05,0.000127168,0.000130428,9.78212e-05,9.78212e-05,0.000146732,0.00013695,0.00102712,0.000388024,0.000479324,0.00101408,0.00227597,0.023539,0.94748,0.0197175,0.00171513,0.000746702,
0.000909435,0.000488287,0.000280765,0.000292972,0.00020447,0.000219729,0.000207522,0.000247195,0.000433355,0.000674447,0.00173647,0.00054322,0.000564582,0.000698861,0.000949108,0.00247806,0.0235721,0.941113,0.0222781,0.00210879,
0.00235058,0.00106384,0.000547118,0.000415404,0.000227966,0.000192504,0.000146911,0.00011145,0.000182373,0.000162109,0.00102331,0.000293823,0.000374877,0.000466063,0.00064337,0.00116516,0.00270519,0.0252637,0.941241,0.0214237,
0.0265875,0.00324136,0.00132582,0.000740285,0.000501888,0.000472612,0.00055626,0.000560442,0.000572989,0.000895034,0.00203265,0.00086994,0.000656637,0.00055626,0.000652455,0.000777927,0.00133,0.00341284,0.0373781,0.916879,


0.931875,0.0252919,0.0029074,0.00139338,0.000747961,0.000476524,0.000265406,0.000211118,0.000211118,0.000193022,0.000723833,0.000180958,0.000193022,0.00018699,0.000271438,0.00040414,0.000573035,0.00120036,0.00267215,0.030021,
0.0270551,0.943401,0.0181549,0.00179313,0.000887534,0.000573622,0.000413279,0.000413279,0.000429088,0.000596206,0.00168925,0.000368112,0.000237127,0.000239386,0.000259711,0.000207769,0.000300361,0.000485547,0.000666215,0.00182927,
0.0021488,0.0248938,0.942693,0.0214605,0.00265948,0.00121778,0.00063639,0.000365335,0.000302482,0.0002357,0.00089566,0.000192488,0.000137492,0.000129635,0.000125707,0.000200345,0.000208202,0.000255342,0.00040069,0.000840663,
0.00105772,0.00253628,0.0376048,0.925636,0.0252288,0.00291244,0.00112848,0.000715076,0.000443198,0.000260705,0.000558653,0.000152698,0.000130352,0.000137801,0.000126628,0.000152698,0.000148974,0.000238359,0.000331467,0.000499063,
0.000375209,0.000707537,0.00204757,0.0272759,0.934571,0.0282479,0.00306957,0.00123998,0.0005646,0.000300167,0.000578894,0.00013579,0.000117923,9.29089e-05,6.7895e-05,8.57621e-05,7.14684e-05,0.00013579,0.000103629,0.000210832,
0.000215221,0.000401093,0.000691315,0.00201525,0.0324918,0.93262,0.0250895,0.00302613,0.00121632,0.000613053,0.00060327,0.000189133,0.000150002,0.000153263,0.000101088,8.47839e-05,8.1523e-05,6.19575e-05,8.80448e-05,0.00010761,
9.57166e-05,0.000183672,0.000279389,0.000602756,0.00163753,0.0261332,0.934952,0.0304534,0.00298015,0.0010891,0.000698472,0.000235411,0.000173325,8.79558e-05,6.98472e-05,5.43256e-05,3.8804e-05,6.98472e-05,8.01949e-05,8.53688e-05,
3.96108e-05,7.74211e-05,0.00014584,0.000252069,0.000565354,0.00152502,0.0285306,0.927795,0.0361575,0.0029186,0.00106049,0.00033129,0.000178249,0.000124234,6.48177e-05,5.94162e-05,2.34064e-05,3.24088e-05,5.76157e-05,6.12167e-05,
2.99053e-05,3.68065e-05,4.4858e-05,0.000104669,0.000205887,0.000408322,0.00135379,0.0338954,0.929774,0.0306598,0.00237287,0.000580853,0.000218539,0.000106969,6.44114e-05,4.02571e-05,3.91069e-05,2.76049e-05,1.84033e-05,1.72531e-05,
3.56023e-05,3.06576e-05,4.35139e-05,6.3293e-05,9.19727e-05,0.000156255,0.000403493,0.00157342,0.0368781,0.922769,0.0352671,0.00184638,0.00039657,0.000179001,8.20831e-05,5.14256e-05,4.74698e-05,3.16465e-05,3.26355e-05,2.0768e-05,
5.85381e-05,5.1462e-05,6.69006e-05,7.14036e-05,7.65498e-05,0.000116433,0.000187836,0.000340293,0.00132193,0.0327215,0.950702,0.0126301,0.000870995,0.000275322,0.00014345,9.39182e-05,7.97662e-05,7.462e-05,5.91813e-05,5.78948e-05,
5.26338e-05,6.43302e-05,5.45832e-05,5.8482e-05,7.60267e-05,0.000111116,0.00019689,0.000432767,0.000963004,0.00367852,0.050778,0.92088,0.0198741,0.001618,0.000539984,0.000224181,0.000155952,0.000109166,6.43302e-05,6.8229e-05,
7.16421e-05,6.88867e-05,6.88867e-05,8.2664e-05,7.71531e-05,0.000123996,0.000170839,0.000289324,0.000498739,0.0012372,0.00364273,0.0320654,0.931609,0.0267418,0.00189025,0.000639268,0.000314123,0.000165328,0.000123996,0.000118485,
0.000129693,7.31599e-05,0.000126367,8.31363e-05,5.98581e-05,0.000119716,0.000133018,0.000189551,0.000382427,0.000638487,0.00167603,0.00364802,0.0369657,0.924293,0.0279271,0.00210169,0.000734925,0.0003658,0.000232782,0.000119716,
0.00010123,7.18128e-05,5.45085e-05,2.85521e-05,5.88346e-05,7.35432e-05,7.52736e-05,7.18128e-05,0.000129782,0.000213708,0.00123985,0.000487981,0.00100797,0.0170222,0.961842,0.0161882,0.000639393,0.000331377,0.000224956,0.000136704,
0.000203484,0.000115829,0.00012209,7.20019e-05,8.13935e-05,8.76545e-05,0.000103307,0.000128351,0.000147134,0.00018157,0.000885936,0.000432011,0.000860892,0.00248876,0.033603,0.938119,0.019813,0.00165291,0.000613581,0.000288008,
0.000391808,0.000273278,0.00019755,0.00014487,0.000115238,9.21902e-05,7.90202e-05,9.21902e-05,0.000111945,0.00015804,0.0011425,0.000319373,0.000414856,0.000958119,0.0024167,0.0236698,0.947247,0.0198604,0.0015804,0.000734229,
0.000891197,0.000403095,0.000309862,0.000255019,0.000194692,0.000186466,0.000244051,0.000392127,0.000419548,0.000545687,0.00176868,0.000603272,0.000496328,0.000734895,0.00111057,0.00255019,0.0233768,0.943525,0.0200643,0.00192773,
0.00229023,0.000994644,0.000576384,0.00034175,0.000219332,0.000193828,0.000193828,0.000163224,0.000102015,0.000255037,0.000974241,0.000219332,0.000316246,0.00048457,0.000729406,0.00112216,0.00279521,0.0250446,0.940643,0.0223412,
0.0272258,0.00285594,0.0013808,0.000553178,0.000467414,0.00042882,0.00042882,0.000420244,0.000583195,0.000784741,0.00179247,0.000557466,0.000458838,0.000570331,0.000510296,0.000750435,0.00120927,0.00287309,0.0281177,0.928031,


0.930934,0.0259811,0.00311363,0.00143336,0.000758835,0.000451687,0.000307148,0.00026499,0.000246923,0.000234878,0.000614295,0.000246923,0.00019272,0.000180675,0.00028908,0.000343283,0.00060225,0.0012045,0.00281251,0.0297873,
0.0268564,0.940932,0.0193405,0.00215039,0.000971058,0.000705514,0.000434763,0.000361869,0.000479021,0.000603983,0.0017,0.000484227,0.000304595,0.000299388,0.000255131,0.000265544,0.000354059,0.000546708,0.000820063,0.00213477,
0.00146748,0.0246274,0.95017,0.016545,0.00183737,0.000928194,0.000497802,0.000297299,0.000212603,0.00017112,0.00110968,0.000129636,0.000120994,0.000124451,0.000127908,0.000157292,0.000184947,0.000288656,0.000394093,0.000608425,
0.000801045,0.00217796,0.0280329,0.935883,0.0252163,0.00280181,0.00122556,0.000671845,0.000454049,0.000295316,0.000830577,0.000114435,0.000125509,0.000103361,9.96692e-05,0.000132892,0.000125509,0.000180881,0.000321156,0.00040606,
0.000342869,0.000789314,0.00208222,0.0263152,0.935216,0.0287225,0.00283582,0.00109647,0.000692882,0.000314297,0.00048216,0.000189292,8.57173e-05,6.78596e-05,7.14311e-05,0.000103575,0.000110718,8.92889e-05,0.000128576,0.000264295,
0.000188133,0.00029336,0.000736588,0.00198018,0.0316318,0.933631,0.0251269,0.00306115,0.00123084,0.000535701,0.000628173,0.000213643,0.000117982,9.88495e-05,8.60947e-05,5.10191e-05,8.29061e-05,7.97174e-05,8.60947e-05,0.000140303,
0.00010757,0.000174503,0.000305977,0.000623906,0.00173068,0.0262901,0.934719,0.0302654,0.00303826,0.00106136,0.000666934,0.000294025,0.000157769,0.000102789,7.64943e-05,8.36656e-05,5.01994e-05,7.17134e-05,7.41038e-05,0.00010518,
8.94044e-05,0.000120811,0.000182935,0.00032667,0.000792261,0.00262528,0.0700681,0.901929,0.0179607,0.00324515,0.00136491,0.000459401,0.000239558,0.000146486,8.8029e-05,7.54207e-05,6.5334e-05,6.6251e-05,7.40452e-05,8.0464e-05,
3.8378e-05,4.84294e-05,4.66019e-05,0.000100514,0.000168132,0.00041302,0.00145562,0.0348957,0.930835,0.0285934,0.00223323,0.000567446,0.000236664,0.000124272,6.48771e-05,4.2033e-05,4.56881e-05,2.92404e-05,3.01541e-05,3.19817e-05,
3.0686e-05,2.77164e-05,4.15746e-05,5.3453e-05,0.000103936,0.000166298,0.000373181,0.00152341,0.0358294,0.922534,0.0366114,0.00182829,0.000466229,0.000148481,8.21593e-05,5.04834e-05,3.46455e-05,3.36556e-05,2.37569e-05,3.76151e-05,
5.52259e-05,5.26573e-05,5.58681e-05,7.32064e-05,9.63243e-05,0.000111736,0.000162467,0.000355758,0.00131772,0.03183,0.95129,0.0129909,0.000838021,0.000263928,0.000139349,0.00010403,8.28389e-05,7.19221e-05,5.9721e-05,4.81621e-05,
4.87659e-05,4.68153e-05,6.82723e-05,6.24204e-05,5.26672e-05,0.000130693,0.000169705,0.000349164,0.000926553,0.00378033,0.0493687,0.922043,0.0201676,0.00164049,0.000548129,0.000232126,0.000136545,9.36306e-05,6.4371e-05,7.02229e-05,
9.94439e-05,8.287e-05,4.9722e-05,6.07713e-05,5.8009e-05,0.000104969,0.000140879,0.000278996,0.000530368,0.00121543,0.00364628,0.0315099,0.93192,0.0270377,0.00191706,0.000591139,0.000356341,0.000190601,0.000124305,8.56323e-05,
0.000120826,9.39755e-05,8.05504e-05,6.04128e-05,8.39067e-05,9.06192e-05,9.06192e-05,0.000221514,0.000345696,0.000617553,0.00153046,0.00319517,0.0358919,0.925347,0.0286625,0.00215808,0.00072831,0.000355764,0.000177882,0.000147676,
0.000116322,7.18457e-05,9.57943e-05,8.89518e-05,6.84245e-05,7.18457e-05,8.55306e-05,0.000109479,0.000232643,0.000331859,0.000773197,0.00104689,0.00271645,0.0311468,0.929239,0.030596,0.00202879,0.000677402,0.000311331,0.000191589,
0.00021942,0.0001113,0.00012084,0.0001113,9.54001e-05,8.90401e-05,7.95001e-05,0.00013356,0.00016854,0.00023214,0.000795001,0.000537421,0.000903121,0.0026712,0.0343409,0.935942,0.0207018,0.00178716,0.000626461,0.0003339,
0.000467771,0.000255148,0.000147201,0.000111218,0.000137387,0.000130845,0.000121032,0.000140658,0.000124303,0.000153743,0.000964983,0.000418704,0.000529923,0.000974796,0.00231596,0.0236731,0.946959,0.0200815,0.00160939,0.000683666,
0.00100419,0.000592376,0.000380134,0.000234416,0.000167893,0.000174228,0.000243919,0.000351624,0.000392805,0.000668403,0.00175495,0.000601879,0.000601879,0.000719087,0.00102636,0.00254056,0.0239073,0.940705,0.0218926,0.00204005,
0.00220049,0.00114855,0.000649413,0.000440098,0.000268353,0.000193214,0.000257619,0.000134176,0.000177113,0.00023615,0.00096607,0.000279087,0.00041863,0.000413263,0.00060111,0.00121295,0.00279623,0.0251285,0.938832,0.0236472,
0.027379,0.00279151,0.0011875,0.000810868,0.000403219,0.000398788,0.000451959,0.000482976,0.000611474,0.00103685,0.0020737,0.000700094,0.000576027,0.000527286,0.000571596,0.000753266,0.00125397,0.0031327,0.0279905,0.926867,


0.931871,0.0258007,0.00325739,0.00118997,0.000745233,0.000444736,0.000252417,0.000228378,0.000186308,0.000240398,0.000607004,0.000174288,0.000198328,0.000222368,0.000282467,0.000384636,0.000721193,0.0011479,0.00282467,0.0292203,
0.026772,0.935844,0.0220969,0.00239889,0.00118491,0.000732903,0.000555328,0.000558556,0.000584386,0.000936308,0.00209862,0.000497212,0.000397124,0.000297036,0.000274435,0.000303493,0.000435868,0.00064573,0.000975052,0.0024118,
0.00186231,0.0247804,0.942482,0.0219481,0.00266156,0.00107859,0.000616891,0.000395742,0.000279347,0.000263828,0.00100099,0.000151313,9.69955e-05,0.000147433,0.000170712,0.000151313,0.000193991,0.000349184,0.000481098,0.000888478,
0.00084451,0.00204765,0.0253083,0.938644,0.0253777,0.00290373,0.00103732,0.000690262,0.000304641,0.000316209,0.000817516,0.000150392,0.000100261,0.000131111,0.000127255,0.000127255,0.000123399,0.000212092,0.000327778,0.000408758,
0.000367464,0.000731556,0.00180023,0.0255741,0.936999,0.0281801,0.00262619,0.00110913,0.000583222,0.000333751,0.000559624,0.000158448,9.43943e-05,9.10231e-05,7.75382e-05,8.76519e-05,0.000114622,0.00011125,0.000117993,0.000283183,
0.0002042,0.000359635,0.000643077,0.00204809,0.0299899,0.93543,0.0249063,0.0029868,0.00113377,0.000569931,0.000713175,0.000265155,0.000131054,0.000115815,7.31462e-05,7.00984e-05,8.53372e-05,7.6194e-05,9.44805e-05,0.000103624,
0.000116247,0.000173079,0.000330659,0.000622568,0.00172563,0.0249337,0.935263,0.0313945,0.00282093,0.000991976,0.000653568,0.000242828,0.000193745,0.000136913,7.49149e-05,6.97483e-05,5.94153e-05,6.19985e-05,6.71651e-05,6.71651e-05,
6.92443e-05,8.16728e-05,0.000140264,0.000255671,0.000502465,0.00148254,0.0272095,0.927166,0.0382886,0.00293312,0.000916156,0.00033912,0.00019708,0.000110081,7.27953e-05,5.14894e-05,4.43874e-05,4.79384e-05,4.97139e-05,4.26119e-05,
3.77363e-05,5.28308e-05,5.06744e-05,9.91924e-05,0.00015957,0.000369815,0.00125177,0.0326893,0.931317,0.0305933,0.00226849,0.000564966,0.000204854,0.000105662,6.46907e-05,4.31272e-05,3.98926e-05,2.04854e-05,3.45017e-05,3.23454e-05,
2.07387e-05,1.61301e-05,2.56764e-05,3.21504e-05,5.93631e-05,0.000114776,0.000301314,0.00130785,0.0706202,0.916177,0.0100787,0.000816708,0.000199815,8.73438e-05,4.3233e-05,2.79807e-05,2.20554e-05,1.72274e-05,1.47036e-05,1.70079e-05,
5.14676e-05,5.91878e-05,5.98311e-05,7.14113e-05,8.7495e-05,0.000119662,0.000160836,0.00037121,0.00131178,0.0309501,0.951787,0.0133687,0.000818979,0.000281785,0.000152473,0.000101005,7.0768e-05,6.11178e-05,6.36912e-05,5.14676e-05,
1.28384e-05,1.34803e-05,1.25816e-05,1.52777e-05,1.81663e-05,2.86296e-05,4.62182e-05,9.39771e-05,0.000299199,0.00128275,0.0712519,0.91936,0.00653776,0.000683837,0.000177491,7.51046e-05,3.55624e-05,2.29807e-05,1.91292e-05,1.34161e-05,
7.15666e-05,7.98243e-05,6.05563e-05,6.60615e-05,9.08345e-05,0.000132123,0.000170659,0.00023672,0.000539502,0.00116709,0.00357833,0.0313654,0.931687,0.02741,0.00194881,0.00065511,0.000300029,0.000176164,0.000162401,0.000101845,
0.000125877,0.000102689,0.000125877,9.93769e-05,0.000102689,0.000159003,0.000178878,0.000205379,0.000354444,0.000785078,0.00155359,0.00362063,0.0346759,0.925398,0.0291969,0.0018981,0.000682388,0.000341194,0.000235192,0.000159003,
0.000146883,0.000112724,0.00011614,8.88127e-05,6.83174e-05,0.000105892,8.88127e-05,0.000119556,0.000211784,0.000327924,0.0008608,0.00110333,0.0027122,0.0309376,0.928731,0.0311528,0.00191972,0.000642184,0.000338171,0.0002152,
0.000136058,7.95073e-05,7.01755e-05,6.75626e-05,6.79358e-05,6.45764e-05,6.6816e-05,8.88392e-05,0.000108996,0.000171333,0.000712953,0.000343972,0.000588653,0.00169821,0.0340904,0.946728,0.0133856,0.000917134,0.0003757,0.000237216,
0.000377919,0.000195708,0.000121474,0.000124848,0.000138345,0.000145094,0.0001181,0.000107977,0.000145094,0.000239573,0.00100216,0.000391416,0.000472398,0.000867189,0.00259482,0.0235626,0.945701,0.0212478,0.00172088,0.000725469,
0.000599981,0.000357414,0.000307911,0.000210884,0.000202964,0.000194053,0.000222765,0.000329693,0.000375236,0.000490083,0.00172965,0.000601961,0.000564339,0.000678196,0.000827697,0.00197618,0.0235002,0.947046,0.0182351,0.00154946,
0.00214156,0.00112796,0.000628954,0.000421035,0.000259898,0.000197523,0.000181929,0.000187127,0.000109157,0.000207919,0.000940832,0.000192325,0.000322274,0.000384649,0.000680933,0.00115915,0.00273413,0.0251737,0.939922,0.023027,
0.027573,0.00311788,0.00123058,0.000745714,0.000497143,0.000417355,0.000494074,0.00055545,0.000675132,0.000988148,0.00200698,0.000889947,0.000675132,0.000644445,0.000613757,0.000754921,0.00116,0.00332963,0.0355089,0.918122,


0.932032,0.0267349,0.00323601,0.00139723,0.000695591,0.000514133,0.000320577,0.000254042,0.000205653,0.000229848,0.000683494,0.000157264,0.000266139,0.000211702,0.000326625,0.000381063,0.000616959,0.0010827,0.00278841,0.027866,
0.0272239,0.93517,0.0230853,0.00244464,0.00117826,0.00083555,0.000600552,0.000522219,0.000502636,0.000855133,0.00139367,0.000466733,0.000385136,0.000313331,0.000300276,0.000316595,0.000440622,0.000424303,0.000874716,0.00266658,
0.00194364,0.0241854,0.943976,0.0213497,0.00256242,0.00113506,0.000580815,0.000406191,0.000242955,0.000223974,0.000831363,0.000174624,0.000125274,6.4535e-05,9.49044e-05,0.000144255,0.00020879,0.00033786,0.000527668,0.000884509,
0.000879789,0.00210924,0.0251492,0.938847,0.0251229,0.00286495,0.00120689,0.000624123,0.000383498,0.000297023,0.000755716,0.000229347,0.000116553,9.02347e-05,0.000131592,0.000139112,0.00017295,0.000229347,0.000255665,0.000394777,
0.000364047,0.000731497,0.00202437,0.0248879,0.937397,0.0282698,0.00262318,0.00115338,0.000520553,0.000323219,0.000557979,9.18624e-05,0.000139495,8.846e-05,9.8667e-05,8.16554e-05,8.16554e-05,0.00013269,0.000187127,0.000244966,
0.000208189,0.000303098,0.000698044,0.00199922,0.0297067,0.935909,0.0250806,0.00279524,0.00106544,0.000578642,0.00065212,0.000186757,0.000122464,0.000113279,6.73551e-05,0.000128587,7.65399e-05,9.49095e-05,8.87863e-05,0.000125525,
0.000113808,0.000160366,0.000300039,0.00056128,0.00195802,0.0237833,0.935388,0.031799,0.00308575,0.00104755,0.000734579,0.000320732,0.000165539,0.000121568,8.79426e-05,6.46636e-05,8.27695e-05,5.17309e-05,6.46636e-05,0.000108635,
4.51069e-05,0.000102844,0.000126299,0.000205687,0.000505197,0.00153183,0.0266672,0.926902,0.039151,0.00278761,0.00106994,0.000321161,0.000164189,0.000113669,6.67582e-05,6.31497e-05,4.14983e-05,4.51069e-05,4.69112e-05,4.33026e-05,
3.21622e-05,4.25e-05,5.62838e-05,8.15541e-05,0.000156216,0.000379054,0.00127845,0.0308274,0.930724,0.0329364,0.00232831,0.000597297,0.00024696,9.64865e-05,5.74324e-05,3.56081e-05,3.79054e-05,2.75676e-05,2.18243e-05,3.67568e-05,
3.56616e-05,2.67462e-05,3.86334e-05,5.84455e-05,7.23139e-05,0.000158496,0.000386334,0.00156317,0.0341213,0.922717,0.0381124,0.00186728,0.000413081,0.000177318,7.13233e-05,5.74549e-05,4.25958e-05,3.66522e-05,1.68402e-05,2.67462e-05,
2.49244e-05,2.11037e-05,1.85005e-05,1.85341e-05,2.09151e-05,3.18382e-05,5.9482e-05,0.000171093,0.000961007,0.0594697,0.932084,0.00621769,0.000593045,0.000118604,4.89529e-05,2.94152e-05,2.66991e-05,2.82264e-05,2.88949e-05,2.76084e-05,
4.67571e-05,6.23428e-05,7.59803e-05,3.89643e-05,9.35142e-05,0.0001091,0.000202614,0.000364316,0.000954624,0.00373278,0.0464454,0.923603,0.0215316,0.00158,0.000535758,0.000270802,0.000111048,9.1566e-05,7.79285e-05,7.20839e-05,
8.83212e-05,3.86405e-05,8.00411e-05,6.34808e-05,8.28011e-05,9.66013e-05,0.000165602,0.000229083,0.000521647,0.00112333,0.00355769,0.0305619,0.932161,0.0279675,0.00197067,0.000629288,0.000295324,0.000149042,0.000115922,0.000102121,
7.13916e-05,5.9493e-05,5.30028e-05,5.51662e-05,7.35549e-05,7.78817e-05,8.00451e-05,0.000150355,0.000241217,0.00039049,0.00142026,0.00138997,0.0189491,0.957467,0.0177246,0.00089564,0.000393735,0.000201194,0.000186051,0.000120068,
0.000122848,0.000112611,7.16614e-05,7.84862e-05,0.000105786,7.16614e-05,0.000122848,0.000136498,0.000191097,0.000286645,0.00075415,0.000975959,0.00281868,0.0299681,0.929513,0.0314764,0.00195533,0.000651777,0.000324182,0.000262758,
