0.93131,0.0237605,0.00300094,0.0013679,0.000524261,0.000415793,0.000325403,0.000325403,0.000259117,0.000162702,0.000608624,0.000174754,0.000259117,0.000259117,0.000204883,0.000451949,0.000620676,0.00124135,0.00251284,0.0322149,
0.0269267,0.950009,0.0147314,0.00153352,0.000780179,0.000437054,0.000333541,0.000237696,0.00021661,0.000207025,0.00121532,0.000164854,0.000132266,0.00010543,0.000164854,0.000182106,0.000222361,0.000402549,0.000622993,0.00137442,
0.00176452,0.02459,0.94787,0.0180856,0.0023214,0.000877406,0.000540689,0.000407945,0.000203973,0.000158645,0.0007479,0.000184547,0.000135982,0.000135982,0.000132744,0.000203973,0.000171596,0.0002493,0.000443559,0.000773801,
0.00135057,0.00314743,0.0404214,0.927482,0.0181572,0.00267829,0.00134419,0.000866021,0.000612059,0.000391569,0.00103976,0.00022474,0.000163641,0.000165766,0.000165235,0.000185955,0.000225803,0.00030603,0.00040432,0.000667846,
0.000375586,0.000722556,0.00227498,0.0291383,0.93521,0.0255542,0.00291526,0.00109099,0.000618823,0.00034697,0.000500782,0.000157388,0.000139503,0.000110887,8.22713e-05,0.000110887,0.000128772,0.000118041,0.000186005,0.000218198,
0.000305809,0.000504098,0.00103767,0.00356386,0.085467,0.887457,0.0153678,0.00272113,0.00117165,0.000596544,0.000588841,0.000220062,0.000148717,0.000118572,0.000102494,0.000102829,9.2446e-05,0.000112208,0.000146038,0.000174843,
0.000238519,0.000306918,0.000569114,0.00145786,0.00527373,0.0764279,0.8867,0.0201014,0.00429642,0.00194542,0.00107071,0.000436262,0.000232381,0.000170997,0.000126275,0.000108737,0.000109175,0.000111367,0.000136359,0.000180643,
6.90885e-05,6.72704e-05,0.000127268,0.000238174,0.000507255,0.00144904,0.0319189,0.928284,0.0324971,0.00298353,0.000927241,0.000365442,0.00018363,8.72697e-05,7.81791e-05,5.45436e-05,3.27261e-05,2.90899e-05,5.63617e-05,4.36349e-05,
4.47507e-05,4.36032e-05,6.54048e-05,8.6059e-05,0.000160643,0.000382102,0.00126794,0.0378074,0.92939,0.0273404,0.00228802,0.000539303,0.000222606,0.000123925,5.62252e-05,5.39303e-05,3.67185e-05,2.86863e-05,3.55711e-05,2.63914e-05,
8.73468e-05,0.000109875,0.000127463,0.000188922,0.000355711,0.000663599,0.00189574,0.00850426,0.0707642,0.893883,0.0195609,0.00205581,0.000767348,0.000357687,0.000213624,0.000130625,9.94015e-05,8.24064e-05,7.90469e-05,7.3316e-05,
0.000112398,0.000116661,0.000121392,0.000125409,0.000153922,0.000230439,0.000407771,0.00122018,0.0068883,0.059442,0.923724,0.00553979,0.000811747,0.000322333,0.000189556,0.000134922,0.000120505,0.000112201,0.00010875,0.000118041,
5.77514e-05,4.62011e-05,4.2351e-05,8.2777e-05,6.54516e-05,0.000113578,0.000179029,0.000394635,0.0010068,0.00352669,0.0568274,0.91668,0.0181686,0.00176142,0.000475486,0.00022523,0.000130903,9.24022e-05,6.16015e-05,6.16015e-05,
0.000271141,0.000210471,0.000167209,0.000145891,0.000166479,0.000227671,0.000385498,0.000859083,0.00227874,0.00807883,0.0208856,0.0728765,0.873119,0.0159247,0.00200051,0.000864244,0.000486095,0.00038383,0.000347032,0.000321023,
0.000270648,0.000226823,0.000178541,0.000159431,0.000156055,0.000194275,0.000283006,0.000501726,0.00108246,0.00278495,0.00570563,0.00762367,0.0429061,0.919437,0.0150986,0.00138282,0.000753737,0.000507061,0.000404284,0.000342767,
0.000291002,0.000232989,0.000189128,0.000161372,0.000156994,0.000177713,0.00022908,0.000338382,0.000612731,0.00128449,0.00295537,0.00253169,0.00341955,0.033747,0.935809,0.0150533,0.0012515,0.00072297,0.000469184,0.000366763,
0.000385703,0.000287371,0.000224598,0.000185946,0.000179658,0.000190378,0.000255727,0.000348287,0.000536501,0.000906846,0.00229299,0.00137037,0.00176411,0.00258448,0.0340899,0.935526,0.0161328,0.00147159,0.000750585,0.000516401,
0.00060679,0.000427359,0.00032796,0.000281963,0.000259748,0.000302754,0.0003872,0.000471647,0.000698214,0.00110763,0.0026523,0.0012422,0.00126399,0.00163966,0.00292202,0.0235959,0.93861,0.0202106,0.00204067,0.000951553,
0.000804862,0.00052241,0.000368461,0.000293394,0.000230542,0.000225708,0.000255734,0.000308917,0.000373804,0.000488821,0.00184892,0.000588316,0.000679922,0.000818094,0.0013545,0.0027576,0.0235461,0.945675,0.0172365,0.0016227,
0.00198535,0.00108935,0.000603623,0.000363117,0.000249938,0.000216927,0.000240506,0.000226359,0.000297096,0.000245222,0.0011035,0.000202779,0.000405559,0.000396127,0.000580044,0.0011648,0.00239563,0.0247863,0.943283,0.0201648,
0.0274097,0.00312545,0.00128491,0.000704466,0.00048122,0.000540752,0.000515947,0.000501064,0.000580441,0.00103189,0.00190007,0.00081857,0.000729272,0.000729272,0.000615168,0.00081857,0.00124026,0.00361163,0.0311156,0.922246,


0.931141,0.0240775,0.00300592,0.00132188,0.000802786,0.000386303,0.000356123,0.000283691,0.000223332,0.000223332,0.000730354,0.000229367,0.00021126,0.000241439,0.000241439,0.000519095,0.000621707,0.0012072,0.00267998,0.0314958,
0.0270411,0.946159,0.0149981,0.00154023,0.000921039,0.00062939,0.000525172,0.000414631,0.000412999,0.000502941,0.00162895,0.000281451,0.000246984,0.000212924,0.000218431,0.000255142,0.000355077,0.000528843,0.000888611,0.00223856,
0.00218948,0.0249481,0.945553,0.0186303,0.002417,0.00111122,0.000534179,0.000441852,0.000316551,0.000217629,0.000995816,0.000122004,0.000154978,0.000118706,0.000204439,0.000174762,0.000201142,0.000286874,0.000553964,0.000827648,
0.00105213,0.0021898,0.0286428,0.93514,0.024785,0.00315212,0.00119327,0.000667206,0.000389203,0.000320772,0.000727083,0.000183909,0.000115478,0.000106924,0.000119755,0.000102647,0.000158247,0.00019674,0.000265171,0.00049185,
0.000245407,0.000367588,0.000757106,0.0169059,0.963127,0.0143161,0.00116229,0.000559736,0.000320595,0.000231831,0.00122912,0.000121137,7.62327e-05,5.32585e-05,6.16128e-05,7.41442e-05,8.66756e-05,7.7277e-05,9.29413e-05,0.000133668,
0.000216515,0.000347736,0.000721716,0.00210282,0.0356068,0.930564,0.0238101,0.0031001,0.00126628,0.0006233,0.000597056,0.000200112,0.000144343,8.20132e-05,8.52937e-05,0.000108257,8.52937e-05,7.87327e-05,0.000111538,0.000147624,
0.000134711,0.000199476,0.00030051,0.000593247,0.00178492,0.027564,0.935862,0.027722,0.00304136,0.0011036,0.000665784,0.000305691,0.00021502,0.000103624,6.4765e-05,6.21744e-05,6.21744e-05,5.44026e-05,6.99462e-05,9.0671e-05,
5.99368e-05,6.17531e-05,0.000128955,0.000263359,0.000506738,0.00152203,0.0314668,0.92867,0.032651,0.00287152,0.000908133,0.000341458,0.000172545,9.08133e-05,7.62832e-05,6.35693e-05,3.26928e-05,2.7244e-05,4.17741e-05,4.35904e-05,
3.12136e-05,5.31788e-05,7.51439e-05,7.39878e-05,0.000166473,0.000389592,0.00133641,0.0366066,0.929839,0.0280368,0.00227513,0.000574562,0.000203467,0.000104045,7.39878e-05,4.62424e-05,3.58379e-05,2.42773e-05,2.54333e-05,2.89015e-05,
3.668e-05,1.38789e-05,4.26282e-05,6.84033e-05,8.7239e-05,0.000171504,0.000411411,0.00155543,0.0410113,0.921552,0.0323538,0.00181715,0.000436195,0.000165556,8.82304e-05,5.65071e-05,4.75849e-05,2.97406e-05,2.97406e-05,2.47838e-05,
5.36291e-05,5.75059e-05,6.84902e-05,7.88283e-05,8.27051e-05,0.000115012,0.000166703,0.000348912,0.00133491,0.0368199,0.94752,0.0117745,0.000821236,0.000252638,0.000138273,0.000100797,7.94745e-05,6.91363e-05,5.03984e-05,6.71979e-05,
0.000206371,0.0001659,0.000133428,0.00012641,0.000149248,0.000245416,0.000533116,0.00134338,0.00502946,0.032029,0.134735,0.801564,0.0185714,0.00289744,0.000862657,0.000382828,0.000257875,0.000251839,0.000265785,0.000249222,
5.27082e-05,4.716e-05,6.65788e-05,8.04494e-05,6.65788e-05,0.000133158,0.000169221,0.000274638,0.000563146,0.00116513,0.00355642,0.0348679,0.931626,0.0239601,0.00195853,0.000718496,0.000260767,0.00018864,0.000144254,9.98682e-05,
0.000138594,0.000104791,6.76069e-05,0.000104791,7.77479e-05,0.00010141,0.000118312,0.000229863,0.000304231,0.00049015,0.00156848,0.00333302,0.0396142,0.924368,0.0258224,0.00202144,0.000740295,0.000334654,0.000219722,0.000240004,
0.000150042,8.86612e-05,8.18411e-05,9.54813e-05,8.52512e-05,8.18411e-05,9.88914e-05,0.000153452,0.000177322,0.000327365,0.000893433,0.000982094,0.00269394,0.0336947,0.930537,0.0266359,0.00192327,0.00068542,0.000412616,0.000201193,
0.000267121,0.000193237,9.37766e-05,7.67263e-05,8.24098e-05,8.24098e-05,7.95681e-05,0.000122194,0.000136402,0.000204604,0.000747371,0.000471725,0.000912191,0.00230179,0.0337511,0.940318,0.017809,0.00151463,0.000520034,0.000315431,
0.000379981,0.000204169,0.000181484,0.000141784,7.93991e-05,0.000102085,8.22347e-05,0.000107756,0.000172977,0.000155962,0.000915925,0.000303418,0.000445202,0.000788319,0.00228556,0.0235106,0.950211,0.0178223,0.00149157,0.000618178,
0.000722066,0.000415654,0.000309076,0.00021582,0.000189176,0.000258452,0.000250458,0.000258452,0.000383681,0.000471608,0.0014468,0.00050891,0.000535554,0.000596837,0.000940551,0.00212357,0.0232633,0.946828,0.018406,0.00187577,
0.0019211,0.000879775,0.000546665,0.000404544,0.000355078,0.000381081,0.000468954,0.000566541,0.000775314,0.00121333,0.00293074,0.0010742,0.00080326,0.000772922,0.000816709,0.00112785,0.0024047,0.0251633,0.937351,0.0200425,
0.0219221,0.00267883,0.00134088,0.000866489,0.000663094,0.000552578,0.000526125,0.000500847,0.000562572,0.000704831,0.0016789,0.000592552,0.000580207,0.000574916,0.000730696,0.00103344,0.00186466,0.00393447,0.0376388,0.921053,


0.930648,0.0245539,0.00312707,0.00115947,0.000726136,0.000515322,0.000310364,0.000175678,0.000251805,0.000257661,0.000644153,0.000169822,0.000169822,0.000199102,0.000269373,0.000392347,0.000638297,0.00125317,0.00288112,0.0316572,
0.0269156,0.938003,0.021338,0.00238633,0.00103534,0.00056186,0.000457695,0.000435599,0.000492416,0.000763877,0.00169189,0.00048926,0.000356686,0.000331434,0.000325121,0.00034406,0.000381938,0.000580799,0.000921703,0.00218747,
0.00185842,0.0246761,0.947255,0.0181624,0.00234443,0.000987287,0.000589927,0.000403474,0.000253699,0.000152831,0.00120431,0.000113095,9.78118e-05,9.47552e-05,0.000113095,0.000165057,0.00018951,0.000259813,0.000366794,0.000712192,
0.000893651,0.00217398,0.0294389,0.934299,0.0250093,0.00319223,0.00131899,0.000545643,0.00042964,0.00032223,0.000738981,0.000137485,0.000150374,0.000128892,7.73352e-05,0.000120299,0.000137485,0.00016756,0.000270673,0.000446826,
0.000544266,0.00101103,0.00277589,0.0559789,0.915783,0.0168809,0.00238403,0.00119591,0.000649482,0.000448576,0.000732183,0.000220391,0.00017103,0.000117773,0.000125134,0.000136391,0.000135525,0.000152412,0.000241607,0.000315215,
0.000190702,0.000328797,0.000756233,0.00197607,0.0353391,0.931226,0.0238312,0.0030611,0.0011212,0.000608274,0.000555667,0.000187414,0.000151247,0.000111791,6.24714e-05,8.21993e-05,6.90474e-05,0.000101927,7.89113e-05,0.000161111,
0.000106998,0.000153201,0.00028938,0.000598214,0.00180923,0.028583,0.935677,0.0271896,0.00296675,0.00105052,0.000639554,0.000240745,0.000155633,0.000119156,5.83624e-05,7.05212e-05,5.83624e-05,7.53847e-05,7.78165e-05,8.02482e-05,
6.18073e-05,7.06369e-05,0.000151869,0.000218974,0.000520947,0.00157167,0.0309672,0.927795,0.0339357,0.00279192,0.00097479,0.000344355,0.00017306,0.000107721,6.18073e-05,6.53392e-05,5.82755e-05,3.70844e-05,3.70844e-05,5.47436e-05,
3.70134e-05,3.47001e-05,6.13035e-05,8.67502e-05,0.00016656,0.000397894,0.00131051,0.0358452,0.929937,0.0286715,0.00237811,0.000550575,0.000190851,0.000123764,5.08935e-05,4.27968e-05,3.81701e-05,2.08201e-05,1.85067e-05,3.70134e-05,
3.17404e-05,2.87647e-05,4.06674e-05,6.64565e-05,8.72861e-05,0.000154734,0.000382869,0.00155925,0.0400574,0.921995,0.0329931,0.00174572,0.000439406,0.000147791,7.83591e-05,6.05051e-05,3.66998e-05,3.27323e-05,2.28134e-05,3.86836e-05,
4.46726e-05,5.56789e-05,5.63264e-05,6.99224e-05,8.86978e-05,0.000115242,0.000179985,0.000386515,0.00133565,0.0361227,0.948022,0.0119736,0.000791806,0.000281632,0.000139197,9.71144e-05,6.79801e-05,6.79801e-05,5.50315e-05,4.79098e-05,
5.34007e-05,4.5772e-05,3.62362e-05,6.10293e-05,8.77297e-05,0.000125873,0.000156388,0.000339476,0.000953583,0.00373423,0.0541616,0.918375,0.019024,0.00172599,0.000507306,0.00022886,0.000146852,9.72655e-05,8.20082e-05,5.7215e-05,
6.91842e-05,5.81148e-05,6.64169e-05,8.30211e-05,7.19516e-05,0.000143903,0.000135601,0.000271202,0.000523033,0.00116506,0.00372765,0.0341189,0.931173,0.0250862,0.00195376,0.00064203,0.000318247,0.000179879,0.000121764,9.13232e-05,
0.000124286,0.000117568,0.000114209,8.7336e-05,9.74132e-05,9.0695e-05,0.000141081,0.000258649,0.000379575,0.000792742,0.00167618,0.00339938,0.0379273,0.925529,0.02566,0.00207591,0.000708765,0.000376216,0.000275444,0.000167954,
0.000109992,9.96807e-05,9.62434e-05,7.90571e-05,8.24944e-05,9.62434e-05,0.000116867,0.000134053,0.000247483,0.000329977,0.000818069,0.0011068,0.00280825,0.0337677,0.929567,0.0275428,0.00181144,0.000622145,0.000347164,0.000216548,
0.000178177,0.000147067,0.000115956,8.48462e-05,0.000121613,8.76744e-05,7.63616e-05,9.6159e-05,0.000169692,0.000234741,0.00104644,0.000537359,0.000842805,0.00236438,0.0338225,0.939326,0.0182985,0.00152723,0.000625034,0.000296962,
0.000364114,0.00030003,0.000166036,0.000104865,0.000101952,0.000128168,0.000101952,9.32132e-05,0.000125255,0.000154384,0.00117099,0.000352462,0.00043985,0.000836006,0.00210895,0.0231285,0.950515,0.0176435,0.00156423,0.00060006,
0.000780586,0.000490246,0.000311759,0.000171348,0.000157069,0.00014755,0.000237984,0.000235604,0.00029034,0.000414091,0.00154689,0.000492626,0.000447409,0.000640176,0.000861501,0.00222515,0.0234057,0.946278,0.0189506,0.00191577,
0.00223548,0.00105891,0.000537128,0.000358086,0.000230198,0.000219967,0.00020462,0.000179043,0.000163696,0.000143234,0.00109472,0.000281353,0.000368317,0.000373432,0.000639439,0.00115099,0.00280841,0.0251581,0.940241,0.0225543,
0.0275484,0.00342912,0.0011735,0.000678129,0.000476133,0.000403992,0.00050499,0.000466514,0.000846459,0.0010725,0.00209691,0.000798365,0.000745461,0.000697367,0.000581941,0.000832031,0.00147649,0.00357821,0.0306793,0.921914,


0.931424,0.0242811,0.0034696,0.00134795,0.000556103,0.000459389,0.000284096,0.000235739,0.000205516,0.000217605,0.000689084,0.00015716,0.00015716,0.000139026,0.000217605,0.000284096,0.000646772,0.00133586,0.00276843,0.0311236,
0.0269692,0.95259,0.0133558,0.00111441,0.000644732,0.000479635,0.000317385,0.000187869,0.000138055,0.000160827,0.00126242,9.6781e-05,9.82043e-05,0.000126669,0.000136632,0.000148018,0.000214911,0.000374315,0.000481059,0.00110302,
0.00181973,0.0246502,0.951844,0.014068,0.00146872,0.000840893,0.000554336,0.000399233,0.000274965,0.000248767,0.00138943,0.000167622,0.000125659,0.000130759,0.000151857,0.000154175,0.000210281,0.000292585,0.00045163,0.000757198,
0.00104952,0.00218687,0.0284424,0.935031,0.0250172,0.00315734,0.0012603,0.00064113,0.000395217,0.000329348,0.000755304,0.000153695,0.000131739,0.000101,0.000114174,0.000171261,0.000166869,0.000171261,0.000276652,0.000447913,
0.00036199,0.000684556,0.00198915,0.0276475,0.934992,0.0274288,0.00307154,0.00115407,0.000673804,0.000329734,0.00055553,0.000150531,0.00011469,0.000118274,6.80972e-05,7.16813e-05,8.60175e-05,0.000107522,0.000200707,0.000193539,
0.000150903,0.00032477,0.000747955,0.00201423,0.0340418,0.931828,0.0244595,0.00290325,0.0013122,0.00058065,0.000538003,0.000226355,0.000141062,0.000108257,0.000114818,9.84152e-05,9.51347e-05,9.51347e-05,0.000114818,0.000104976,
0.000145053,0.000145053,0.000300468,0.000616477,0.0018572,0.0266302,0.935607,0.0289873,0.00303576,0.00108272,0.000624247,0.000256434,0.000132102,0.000134692,5.69852e-05,8.28876e-05,6.47559e-05,4.92145e-05,8.54778e-05,0.0001062,
6.36131e-05,6.70517e-05,0.000139261,0.000273365,0.000503747,0.00157314,0.0307853,0.927833,0.0340038,0.00279898,0.00105048,0.000314627,0.000153015,0.00011863,8.08059e-05,5.15782e-05,3.43855e-05,4.64204e-05,5.15782e-05,5.6736e-05,
4.27103e-05,4.04017e-05,4.38647e-05,8.88837e-05,0.000161607,0.000397091,0.00127092,0.0348736,0.930528,0.0291469,0.0022902,0.000567932,0.000219323,9.11923e-05,5.77167e-05,4.1556e-05,2.7704e-05,4.04017e-05,2.88583e-05,4.1556e-05,
3.76873e-05,4.66132e-05,2.97531e-05,6.44651e-05,8.92593e-05,0.000181494,0.000360013,0.0016265,0.0388576,0.922582,0.0335595,0.00174552,0.00036398,0.000169593,8.43005e-05,5.65309e-05,3.76873e-05,3.76873e-05,3.4712e-05,3.4712e-05,
7.36446e-05,5.81405e-05,7.04146e-05,7.17066e-05,7.94586e-05,0.000124033,0.000178943,0.000381789,0.00133335,0.0349418,0.948736,0.012362,0.000813321,0.000264216,0.000128555,8.91487e-05,8.26887e-05,8.59187e-05,6.20165e-05,6.33085e-05,
5.2376e-05,4.07369e-05,5.81956e-05,5.04362e-05,6.98347e-05,0.000110572,0.000182346,0.000386031,0.000995145,0.0036993,0.0528377,0.919529,0.0191095,0.00171483,0.000506302,0.000234722,0.000182346,0.000104752,8.34137e-05,5.2376e-05,
7.19877e-05,8.58314e-05,6.09126e-05,7.47564e-05,8.86002e-05,0.000102444,0.000160588,0.000285182,0.000562058,0.0011878,0.00346095,0.0332915,0.9317,0.0255002,0.00208487,0.000625739,0.000290719,0.000179969,9.1369e-05,9.41377e-05,
0.000111558,7.77529e-05,0.00011832,0.00011832,6.08501e-05,0.0001217,0.00018255,0.000206214,0.000287348,0.000490181,0.00138603,0.00331633,0.0384437,0.924918,0.0266963,0.00204186,0.000733581,0.000311012,0.0002434,0.000135222,
0.000172509,6.55534e-05,8.62545e-05,5.17527e-05,6.90036e-05,6.55534e-05,8.28043e-05,0.000175959,0.000231162,0.000293265,0.000696936,0.0009695,0.00258763,0.0324558,0.930472,0.0284812,0.00178374,0.000658984,0.000420922,0.000179409,
0.000139692,0.000160949,8.19929e-05,7.89561e-05,7.28825e-05,0.000121471,7.28825e-05,0.000118434,0.000182206,0.000258126,0.000716678,0.000413001,0.000923179,0.00244156,0.0334592,0.939052,0.0191408,0.00164289,0.000576987,0.000346192,
0.000384502,0.000285373,0.000198259,9.31216e-05,9.91295e-05,8.41098e-05,7.50981e-05,0.000102133,0.000126165,0.000195255,0.00114449,0.000369483,0.000510667,0.000814063,0.00201563,0.0235508,0.94918,0.0186964,0.00138481,0.000690902,
0.000937325,0.000497239,0.000342924,0.000282912,0.000205754,0.000245762,0.000245762,0.000300058,0.000362928,0.000657271,0.0017632,0.000640124,0.000600117,0.000654413,0.00114594,0.00239475,0.0233302,0.944526,0.0190123,0.00185465,
0.0021685,0.00100085,0.000495658,0.000271659,0.000181106,0.000257361,0.000142978,0.000133446,0.000190638,0.00017634,0.00111047,0.000204936,0.000300254,0.000443233,0.00068153,0.00106757,0.0028548,0.0246113,0.942866,0.0208415,
0.0138073,0.000895309,0.000464393,0.000297006,0.000259236,0.000183697,0.000142494,0.000169963,0.000164812,0.000239493,0.00164212,0.00020344,0.000202582,0.000196573,0.000321041,0.000324474,0.00046611,0.000949388,0.0142717,0.964799,


0.91549,0.0194282,0.00254729,0.00127187,0.000840302,0.000648143,0.000507962,0.000489061,0.000523712,0.000624911,0.00129156,0.00040125,0.000360692,0.000350454,0.000420939,0.000567027,0.000833215,0.00135693,0.00363252,0.0484139,
0.027,0.941955,0.018783,0.0019965,0.000941138,0.000494159,0.000464361,0.00041718,0.000429596,0.000581072,0.00172335,0.000345167,0.000280603,0.000315368,0.00021604,0.000273153,0.000382415,0.000511542,0.000861675,0.00202879,
0.00134703,0.0246642,0.951453,0.0160702,0.00170039,0.000689578,0.000434734,0.000267693,0.000239853,0.000132776,0.00110718,0.000102794,6.6388e-05,7.06711e-05,0.000109219,0.000119927,0.000182032,0.000280543,0.000327657,0.000633898,
0.000826711,0.00217989,0.0269812,0.936574,0.0249247,0.00308886,0.0014231,0.000629288,0.000415412,0.000242667,0.000834937,0.000160407,0.000168633,0.000172746,0.000143955,0.000102825,0.000189198,0.000197424,0.000263231,0.00048122,
0.000376661,0.00086094,0.00195146,0.0272093,0.93544,0.0275214,0.00295231,0.00111205,0.00061342,0.000358725,0.000512977,0.000175775,0.000125554,0.000114792,7.89195e-05,0.000111205,6.09833e-05,0.000100443,0.00014349,0.000179363,
0.000210505,0.000351938,0.000634804,0.00208531,0.0331479,0.932569,0.0243429,0.0031806,0.00123014,0.00053284,0.000641382,0.000210505,0.000167746,9.86742e-05,0.000111831,8.55176e-05,5.92045e-05,0.000108542,0.000121698,0.000108542,
9.85482e-05,0.000171163,0.000342325,0.00060685,0.00186204,0.0257807,0.935627,0.0298238,0.00300313,0.00105032,0.000661311,0.000251557,0.000153009,0.000119295,5.44609e-05,7.78012e-05,5.18675e-05,8.03946e-05,0.000101142,8.2988e-05,
8.03794e-05,8.75242e-05,0.000114317,0.000269718,0.000501925,0.00148255,0.02981,0.927603,0.0353437,0.00283293,0.000950263,0.000346524,0.000201842,9.46691e-05,5.89449e-05,3.03655e-05,4.46552e-05,5.71587e-05,4.10828e-05,4.82276e-05,
3.70005e-05,3.46879e-05,5.43444e-05,9.71262e-05,0.000169971,0.000366536,0.00130774,0.034015,0.930437,0.0299831,0.00235762,0.00056657,0.000194252,0.000117939,6.1282e-05,5.08756e-05,5.20319e-05,2.1969e-05,3.81567e-05,3.70005e-05,
2.18233e-05,3.57109e-05,4.56306e-05,7.04298e-05,8.33254e-05,0.000180538,0.000398772,0.00155541,0.0379002,0.92248,0.0345275,0.00185399,0.000373972,0.000189466,8.23334e-05,5.75342e-05,3.96788e-05,3.76948e-05,2.57912e-05,4.06707e-05,
5.36967e-05,5.62845e-05,5.69314e-05,6.85765e-05,8.41033e-05,0.000128096,0.000178558,0.00035194,0.00134371,0.0339596,0.949737,0.0124376,0.000767927,0.000287245,0.000121626,0.000106746,7.63399e-05,7.69868e-05,5.30497e-05,5.43436e-05,
3.51481e-05,3.71008e-05,6.44382e-05,7.61542e-05,6.05328e-05,0.000111302,0.000171835,0.000384676,0.00097243,0.00360854,0.052519,0.919735,0.0194232,0.0017164,0.000505742,0.000195267,0.000148403,9.56809e-05,8.20122e-05,5.66275e-05,
7.73592e-05,7.45963e-05,8.28848e-05,5.80194e-05,8.0122e-05,0.000104987,0.00016577,0.000256943,0.000489021,0.00125156,0.00370219,0.0330572,0.93149,0.0258269,0.00185109,0.000698995,0.00036193,0.00016577,0.000116039,8.84105e-05,
0.00012842,9.46253e-05,0.000101384,7.77279e-05,8.44869e-05,0.00012842,0.000135179,0.000185871,0.000331188,0.000584649,0.0014329,0.00318009,0.0367754,0.925533,0.0277184,0.00210541,0.000689413,0.000375122,0.000199389,0.000138558,
0.000151801,6.55505e-05,6.21004e-05,6.21004e-05,7.24505e-05,8.28006e-05,0.000110401,0.000175951,0.000231152,0.000262202,0.000817656,0.00104536,0.00266342,0.0327028,0.929257,0.0289492,0.00198031,0.000707255,0.000334652,0.000265652,
0.000226446,0.00012408,7.75502e-05,8.37542e-05,9.92642e-05,8.68562e-05,9.30602e-05,0.000105468,0.000164406,0.000254365,0.000611095,0.000505627,0.000983336,0.0024723,0.0338863,0.93796,0.0195209,0.0016999,0.000639013,0.000406363,
0.00034036,0.000265088,0.000176725,9.4908e-05,0.00012109,0.000127635,9.81807e-05,9.81807e-05,0.000147271,0.000137453,0.00102762,0.000386177,0.000477813,0.00101781,0.00228434,0.0233212,0.94765,0.0197605,0.00171816,0.000749446,
0.000908763,0.000486509,0.000281502,0.000293741,0.000205007,0.000220306,0.000208067,0.000247844,0.000431433,0.000676217,0.00172573,0.000547705,0.000572184,0.000694576,0.0009516,0.00247538,0.0234565,0.941212,0.0222907,0.00211433,
0.00236136,0.00106872,0.000554716,0.000417309,0.000229011,0.000188298,0.000137407,0.000111961,0.000183209,0.000162852,0.00100256,0.000284992,0.000376596,0.000463111,0.000636142,0.00117559,0.00272269,0.0250436,0.941419,0.0214609,
0.0266176,0.0032486,0.00133298,0.000741939,0.00050301,0.000469476,0.000553311,0.000561694,0.000574269,0.000897034,0.00203719,0.000871883,0.000662296,0.000557502,0.000645529,0.000779665,0.00132878,0.00342047,0.0370047,0.917192,


0.93193,0.0252852,0.00290357,0.00139734,0.000750088,0.000477878,0.00026616,0.000217767,0.000211718,0.000193571,0.000725891,0.000181473,0.000193571,0.000187522,0.000272209,0.000405289,0.000574664,0.00119772,0.00267975,0.0299491,
0.0269974,0.943458,0.0181543,0.00179621,0.000893578,0.000572342,0.000413987,0.000413987,0.00042756,0.000597227,0.00168309,0.000368742,0.000237533,0.000239796,0.000257893,0.000210387,0.000300876,0.000484116,0.000665094,0.00182788,
0.00215921,0.0247185,0.94283,0.0215171,0.00267237,0.00121184,0.000639475,0.000367106,0.000307895,0.000236842,0.00085658,0.000193421,0.000138158,0.000126316,0.000126316,0.000197369,0.000201316,0.000256579,0.000402632,0.000840791,
0.00105397,0.00255428,0.0373991,0.925667,0.0253365,0.00293311,0.00113649,0.00072015,0.000450094,0.000266306,0.000555116,0.000153782,0.000135028,0.000135028,0.000127527,0.000153782,0.000150031,0.00024005,0.00033382,0.000498854,
0.000379772,0.000705802,0.00205292,0.0269387,0.934848,0.0283002,0.00307758,0.00124322,0.000566075,0.000293786,0.000569658,0.000136145,0.000114648,9.31516e-05,6.80723e-05,8.59861e-05,7.1655e-05,0.000136145,0.000107483,0.000211382,
0.000212511,0.000402137,0.000689845,0.00202049,0.0324489,0.932634,0.0251319,0.00303401,0.00121295,0.000614648,0.000588493,0.000189626,0.000147123,0.000153662,9.48128e-05,8.50045e-05,7.84657e-05,6.21187e-05,8.82739e-05,0.00011116,
9.60233e-05,0.000181666,0.000280284,0.000602092,0.00164018,0.0260301,0.934984,0.0305121,0.00298451,0.00109519,0.000692925,0.000236166,0.00017388,9.34281e-05,7.00711e-05,5.44997e-05,3.89284e-05,7.00711e-05,7.78568e-05,8.56424e-05,
3.99132e-05,7.80122e-05,0.000146953,0.000252179,0.000567856,0.00153666,0.0285125,0.927668,0.0362738,0.00294088,0.00104863,0.000326563,0.000179609,0.000125182,6.53125e-05,5.98698e-05,2.35851e-05,3.44705e-05,5.80556e-05,6.1684e-05,
3.00886e-05,3.70322e-05,4.51329e-05,0.00010531,0.000205991,0.000409668,0.00136093,0.0332595,0.930234,0.03082,0.00237584,0.000580942,0.000221036,0.000107625,6.48063e-05,3.93467e-05,3.93467e-05,2.77741e-05,1.85161e-05,1.73588e-05,
3.56657e-05,3.07121e-05,4.35914e-05,6.34056e-05,9.21363e-05,0.000155542,0.000404211,0.00157325,0.0367832,0.922836,0.0352971,0.0018457,0.000396285,0.000178328,8.12385e-05,5.15171e-05,4.75542e-05,3.17028e-05,3.17028e-05,2.0805e-05,
5.95297e-05,5.2412e-05,6.53532e-05,6.92356e-05,8.08827e-05,0.000115177,0.00018506,0.000335825,0.00132712,0.0328351,0.950554,0.0126824,0.000869004,0.000270472,0.000138471,8.80004e-05,7.95886e-05,7.3118e-05,5.88826e-05,6.01767e-05,
5.28017e-05,6.45354e-05,5.47573e-05,5.6713e-05,7.82248e-05,0.00011147,0.000197518,0.000430236,0.000958253,0.00368634,0.0507777,0.920823,0.0199199,0.00162121,0.000543662,0.000226852,0.00015645,0.000107559,6.45354e-05,6.84467e-05,
7.47672e-05,7.1998e-05,6.92289e-05,8.03055e-05,7.75363e-05,0.000124612,0.000171688,0.000287992,0.000501217,0.00123781,0.00366636,0.0319865,0.931602,0.0267833,0.00189687,0.000642444,0.000312915,0.000168918,0.000124612,0.000119074,
0.000134475,7.3961e-05,0.000127751,8.40466e-05,6.05136e-05,0.000121027,0.000134475,0.000188264,0.000373167,0.00064884,0.00167421,0.0036846,0.0366241,0.924503,0.0279741,0.0021247,0.000746334,0.000369805,0.000231969,0.000121027,
0.00010286,7.2969e-05,5.45069e-05,2.98909e-05,5.80235e-05,7.20898e-05,7.64855e-05,7.12107e-05,0.000127476,0.000211874,0.00121937,0.000491442,0.00101365,0.0155793,0.963178,0.0162976,0.000641775,0.000334954,0.000227698,0.000138905,
0.000198287,0.000116454,0.000119601,7.23903e-05,8.18325e-05,8.81274e-05,0.000103864,0.000125896,0.000147928,0.00018255,0.000868684,0.000428047,0.000865537,0.00249275,0.0334821,0.938182,0.0198822,0.00165868,0.000613744,0.000289561,
0.000396401,0.000274177,0.0001982,0.000145347,0.000115617,9.24935e-05,7.92801e-05,8.91902e-05,0.000112314,0.000161864,0.00113965,0.000320424,0.000422827,0.000948058,0.00242135,0.0234768,0.947411,0.0198762,0.0015823,0.000736645,
0.000895983,0.000404017,0.000310571,0.000252854,0.000192389,0.000186892,0.000244609,0.000390275,0.000420508,0.000546935,0.0017425,0.000604651,0.000494715,0.000742072,0.00111586,0.00255328,0.0233588,0.94355,0.0200552,0.00193763,
0.00230473,0.000998714,0.000578742,0.00034827,0.000220229,0.0001895,0.000194621,0.000163892,0.000102432,0.000256081,0.000942377,0.000215108,0.00031754,0.000486553,0.000732391,0.00112675,0.00280664,0.0249576,0.940717,0.0223405,
0.02726,0.00286562,0.00137911,0.000558518,0.000459703,0.000421036,0.000429629,0.000421036,0.000584295,0.000786221,0.00177866,0.000554221,0.000459703,0.00056711,0.000506962,0.000751851,0.00121155,0.00287422,0.0279645,0.928166,


0.931007,0.0259674,0.00311681,0.0014376,0.000755041,0.000446984,0.000308057,0.000265774,0.000241613,0.000229532,0.000604033,0.000241613,0.00019329,0.00018121,0.000283895,0.000344299,0.000604033,0.00120807,0.00280875,0.0297546,
0.0268305,0.940981,0.0193391,0.00214937,0.000975561,0.000701674,0.000435612,0.000357358,0.000479955,0.000605161,0.00168245,0.000485172,0.000305189,0.000299972,0.000255628,0.000263454,0.00035475,0.000547775,0.000816446,0.00213371,
0.00146743,0.0245807,0.950198,0.0165506,0.00183818,0.000926888,0.00049896,0.000296258,0.00021483,0.000171518,0.00111573,0.00013167,0.000121275,0.00012474,0.000126473,0.000155925,0.00018711,0.000289328,0.000393278,0.000611573,
0.000802899,0.00218939,0.0278078,0.935973,0.0253174,0.00281758,0.00123409,0.0006728,0.000457207,0.00029737,0.000817768,0.000115231,0.000126382,0.00010408,0.000100362,0.000130099,0.000126382,0.000178422,0.000319673,0.000412601,
0.00034389,0.000788081,0.00208483,0.0259637,0.935488,0.0288008,0.00284426,0.00109973,0.000694944,0.000315233,0.000469267,0.000189856,8.59725e-05,6.80616e-05,7.16438e-05,0.000103883,0.000111048,8.95547e-05,0.000125377,0.0002615,
0.000182151,0.000293997,0.000741385,0.00198129,0.0316335,0.933595,0.0251559,0.0030678,0.00122712,0.000530473,0.000632733,0.000214107,0.000118238,0.00010226,8.62818e-05,5.113e-05,7.98906e-05,7.98906e-05,8.62818e-05,0.000140607,
0.000107874,0.000174995,0.000306841,0.000625668,0.00173317,0.0261534,0.934815,0.0303149,0.00304444,0.00106436,0.000654435,0.000290061,0.000153421,0.000100682,7.67103e-05,8.15047e-05,5.03411e-05,7.19159e-05,7.43131e-05,0.000105477,
8.9286e-05,0.000120502,0.000182474,0.000326388,0.000793016,0.00262854,0.0701063,0.901883,0.0179605,0.00324919,0.00136592,0.000459513,0.000238938,0.000146668,8.81384e-05,7.55144e-05,6.54152e-05,6.63333e-05,7.41373e-05,8.0564e-05,
3.85694e-05,4.8671e-05,4.68343e-05,0.000100097,0.000169889,0.000415081,0.00146105,0.03446,0.931159,0.0286966,0.00223427,0.000566603,0.00023509,0.000124892,6.52007e-05,4.04061e-05,4.77526e-05,2.93862e-05,2.84679e-05,3.21412e-05,
3.07363e-05,2.77618e-05,4.06512e-05,5.35406e-05,0.000104107,0.000167562,0.000372801,0.00152392,0.0357433,0.922584,0.0366426,0.00183029,0.000466993,0.000148724,8.22938e-05,5.05661e-05,3.47022e-05,3.37107e-05,2.37958e-05,3.76767e-05,
5.36201e-05,5.1682e-05,5.49122e-05,7.30009e-05,9.49657e-05,0.000112408,0.000162152,0.000356606,0.00131918,0.0319511,0.951126,0.0130445,0.000841125,0.000259056,0.000136957,0.000103364,7.81691e-05,7.23548e-05,6.07264e-05,4.78059e-05,
4.89186e-05,4.69619e-05,6.8486e-05,6.26158e-05,5.08754e-05,0.000131102,0.00016828,0.000350257,0.000923583,0.00379021,0.0493432,0.922059,0.0201682,0.00164367,0.000551802,0.000228939,0.000136972,9.39237e-05,6.26158e-05,7.04428e-05,
9.99289e-05,8.32741e-05,4.99645e-05,6.10677e-05,5.82919e-05,0.000105481,0.00013879,0.000269253,0.000527403,0.00121858,0.00366129,0.0314554,0.931929,0.0270641,0.00192641,0.000591246,0.000358079,0.00019153,0.000124911,8.60499e-05,
0.000122159,9.16195e-05,8.48329e-05,6.10797e-05,8.14396e-05,9.16195e-05,9.50128e-05,0.000223959,0.000342725,0.00062437,0.00154735,0.00322704,0.0357418,0.925374,0.0287007,0.00217851,0.000732956,0.000359691,0.000173059,0.000145913,
0.000110311,7.23918e-05,9.65224e-05,8.9628e-05,6.89446e-05,7.23918e-05,8.61807e-05,0.000110311,0.000230964,0.000330934,0.000775627,0.00104796,0.00273021,0.0306941,0.929514,0.0307321,0.00204076,0.000682552,0.000317145,0.000196492,
0.000224161,0.000112081,0.00012197,0.000105488,9.88947e-05,8.90052e-05,8.24122e-05,0.00013186,0.000158232,0.000237347,0.000708745,0.000537328,0.000919721,0.00273938,0.0340659,0.936114,0.020725,0.00183614,0.000646112,0.000346131,
0.000469504,0.00025281,0.000144463,0.000114913,0.000128046,0.00013133,0.00012148,0.000141179,0.000124763,0.000154312,0.000925874,0.000413688,0.000528602,0.000968556,0.00232125,0.0235014,0.94716,0.0201,0.00161207,0.000686198,
0.00100386,0.000597841,0.000383642,0.000230185,0.000169442,0.000172639,0.00024617,0.000354868,0.00039643,0.000668176,0.00174237,0.000597841,0.000607432,0.000722525,0.00103583,0.002564,0.0235588,0.940951,0.0219379,0.00205888,
0.0022048,0.00115361,0.000652277,0.00044743,0.000269536,0.000188675,0.000253364,0.000140159,0.000177894,0.000221019,0.000943376,0.000280317,0.000420476,0.000415085,0.000603761,0.00121291,0.00279778,0.0249375,0.939096,0.0235844,
0.0274263,0.00278972,0.00118608,0.000817371,0.000404243,0.000399801,0.000453108,0.000484203,0.000608586,0.00103948,0.00207452,0.000697431,0.000573048,0.000528626,0.000573048,0.000759622,0.00126159,0.00314066,0.0277506,0.927032,


0.931953,0.0257902,0.00326671,0.00119337,0.000741339,0.000439982,0.00025314,0.000223004,0.000180814,0.000241086,0.000608742,0.00016876,0.000192869,0.000223004,0.000283276,0.000373683,0.000723258,0.00113913,0.00283276,0.0291714,
0.0267156,0.935931,0.0220877,0.00240133,0.00118125,0.00073464,0.000556643,0.000556643,0.00058577,0.00093529,0.00208094,0.00049839,0.000398065,0.000297739,0.000275085,0.000297739,0.000430428,0.000644023,0.000977362,0.00241428,
0.00186759,0.0247193,0.942491,0.0219978,0.00267467,0.00107611,0.000612133,0.000397692,0.000284623,0.000261229,0.000990331,0.000152059,9.74735e-05,0.00014816,0.000163755,0.00014816,0.00018325,0.000354803,0.000483468,0.000896756,
0.000854817,0.00206322,0.0251122,0.938698,0.0254891,0.00291415,0.00104521,0.000691625,0.000303072,0.000318614,0.000804305,0.000151536,9.71383e-05,0.000132108,0.000124337,0.000128223,0.000124337,0.000213704,0.00033027,0.000404095,
0.000365118,0.000733616,0.00180869,0.0253013,0.937203,0.0282358,0.00263358,0.00111226,0.000588245,0.000334691,0.0005612,0.000152132,9.46602e-05,9.12794e-05,7.43758e-05,8.78987e-05,0.000114944,0.000111564,0.000118325,0.000277219,
0.000201574,0.00036039,0.000650535,0.00205239,0.0299582,0.935389,0.0249616,0.00298696,0.00113309,0.000571127,0.000717726,0.000265711,0.000128274,0.000116058,7.32997e-05,7.02455e-05,8.85704e-05,7.63538e-05,9.46787e-05,0.000103841,
0.000116586,0.000173584,0.000331623,0.000621794,0.00173066,0.024908,0.935251,0.0314317,0.00282139,0.000989689,0.000650293,0.000238354,0.000194311,0.000137313,7.51334e-05,6.99518e-05,5.69978e-05,6.47702e-05,6.99518e-05,6.7361e-05,
6.97634e-05,8.22851e-05,0.000139527,0.000252222,0.000506232,0.00148829,0.0272417,0.927058,0.0383359,0.00295153,0.000917658,0.000341662,0.00019498,0.000109117,7.33411e-05,5.18754e-05,4.47202e-05,4.82978e-05,5.00866e-05,4.29314e-05,
3.79591e-05,5.31427e-05,4.98891e-05,9.97782e-05,0.000159428,0.000370915,0.00125373,0.0322891,0.931573,0.0307263,0.00227321,0.000567217,0.000207148,0.000104116,6.50727e-05,4.33818e-05,4.01282e-05,1.95218e-05,3.47055e-05,3.25364e-05,
2.07426e-05,1.61332e-05,2.56814e-05,3.21566e-05,5.93744e-05,0.000114908,0.000301372,0.00130777,0.0706186,0.91618,0.010078,0.000816755,0.000199744,8.73605e-05,4.30218e-05,2.79861e-05,2.20596e-05,1.72307e-05,1.45967e-05,1.70112e-05,
5.11265e-05,5.82454e-05,6.01869e-05,6.7953e-05,8.54266e-05,0.000120374,0.000161146,0.000371476,0.00131764,0.0310888,0.951595,0.0134307,0.000821908,0.000280225,0.000145614,9.57813e-05,7.1836e-05,6.21284e-05,6.27756e-05,5.17737e-05,
1.28397e-05,1.34817e-05,1.25187e-05,1.52793e-05,1.81682e-05,2.86326e-05,4.61588e-05,9.373e-05,0.000299101,0.00128275,0.0712548,0.919359,0.00653613,0.00068378,0.000177445,7.51124e-05,3.5566e-05,2.29189e-05,1.91312e-05,1.34175e-05,
7.19528e-05,8.0255e-05,6.08831e-05,6.6418e-05,9.13247e-05,0.000132836,0.000168812,0.00023523,0.000539646,0.00116785,0.00358657,0.0313299,0.931739,0.0273753,0.00195656,0.000658645,0.000298881,0.000174347,0.00016051,0.000105162,
0.000127275,0.000103829,0.000127275,9.71306e-05,0.000103829,0.000157419,0.000177515,0.000204309,0.000358379,0.000790442,0.00154739,0.00366417,0.0344445,0.925605,0.0291459,0.00191917,0.000689962,0.000344981,0.000234453,0.000157419,
0.000144523,0.000113554,0.000116995,9.63487e-05,6.88205e-05,0.000106672,9.29077e-05,0.000116995,0.000213344,0.000330338,0.000846492,0.00111145,0.00272529,0.0306114,0.928946,0.031217,0.0019373,0.000650354,0.000340662,0.000213344,
0.000136031,7.94137e-05,7.00709e-05,6.76418e-05,6.80155e-05,6.44652e-05,6.68944e-05,8.87565e-05,0.000109124,0.000171347,0.00070781,0.000343441,0.000588969,0.00169964,0.0340659,0.946763,0.0133781,0.000918022,0.000375954,0.000237307,
0.000375972,0.000193067,0.00011855,0.000125324,0.000138872,0.000145647,0.00011855,0.000108388,0.000152421,0.000240486,0.000982268,0.000386133,0.000474199,0.000870493,0.00260132,0.0234694,0.945775,0.0212678,0.00172744,0.000728233,
0.000600442,0.000355708,0.000309139,0.000211047,0.000202129,0.000195193,0.000222937,0.000330937,0.000375524,0.000489469,0.00172404,0.000603415,0.000566754,0.000677727,0.000828333,0.00197769,0.0234787,0.947073,0.0182263,0.00155164,
0.00215123,0.00113827,0.000626573,0.000417715,0.000266294,0.000198415,0.000177529,0.00018275,0.00010965,0.000208858,0.000945081,0.000187972,0.000318508,0.000391608,0.000673566,0.00116438,0.00274648,0.0250734,0.940027,0.0229952,
0.0276091,0.00311924,0.00123233,0.000746773,0.000488629,0.000417947,0.000491703,0.000553165,0.000676091,0.000989551,0.00201291,0.000888138,0.000682237,0.00064536,0.000611555,0.000755993,0.0011555,0.00333436,0.0353903,0.918199,


0.932105,0.0267007,0.00324435,0.0014069,0.000697384,0.000509393,0.000327467,0.000254697,0.000200119,0.00023044,0.000667063,0.000163734,0.000260761,0.000212247,0.000327467,0.000375981,0.000624613,0.00108549,0.00278347,0.0278226,
0.0270374,0.935266,0.0231416,0.0024472,0.00118254,0.000837631,0.000607693,0.000528857,0.000505863,0.00085734,0.00139277,0.000466445,0.00038761,0.000315343,0.000302204,0.000312059,0.000436882,0.000423743,0.000880334,0.00267056,
0.00194966,0.0239987,0.944108,0.021389,0.00256775,0.00113698,0.000579938,0.00040443,0.000244184,0.000225107,0.000808861,0.000175508,0.000129723,6.48615e-05,9.91999e-05,0.000144984,0.000206031,0.000343384,0.000526523,0.000896615,
0.000870895,0.00212044,0.0250288,0.938912,0.0251575,0.00288153,0.00120789,0.000624773,0.000386223,0.000291561,0.000745941,0.000234763,0.000117382,9.0876e-05,0.000132528,0.000143887,0.000174179,0.00022719,0.000257482,0.000393796,
0.000368353,0.000736706,0.00202935,0.0247581,0.937493,0.0283086,0.00262622,0.0011494,0.000518423,0.000313782,0.00055594,9.20883e-05,0.000139838,8.18562e-05,9.89096e-05,8.18562e-05,8.18562e-05,0.000133016,0.000187587,0.000245569,
0.000208634,0.000300679,0.000693403,0.00200964,0.0296967,0.935931,0.0250822,0.00279816,0.00106772,0.000576813,0.000638176,0.000184089,0.000119658,0.000113522,6.74994e-05,0.000128862,7.67038e-05,9.20446e-05,8.89764e-05,0.000125794,
0.000114179,0.000160889,0.000301017,0.00056311,0.0019644,0.0237077,0.935414,0.0318326,0.00308802,0.00105097,0.000729188,0.000321777,0.000166078,0.000124559,8.82292e-05,6.48744e-05,8.30392e-05,5.18995e-05,6.48744e-05,0.000108989,
4.5448e-05,0.000103621,0.000127254,0.000210879,0.0005072,0.0015416,0.0267143,0.926843,0.039138,0.0027996,0.0010653,0.000316318,0.000165431,0.000114529,6.72631e-05,6.18093e-05,4.18122e-05,4.36301e-05,4.90839e-05,4.36301e-05,
3.23646e-05,4.27674e-05,5.6638e-05,7.85996e-05,0.000156043,0.000379128,0.00128649,0.0304574,0.930941,0.0330754,0.00233487,0.000597588,0.000246202,9.70937e-05,5.6638e-05,3.69881e-05,3.81439e-05,2.7741e-05,2.19617e-05,3.69881e-05,
3.57219e-05,2.67914e-05,3.86987e-05,5.85442e-05,7.2436e-05,0.000157772,0.000387979,0.0015668,0.0340588,0.922718,0.0381658,0.00187044,0.000412786,0.000177617,7.14437e-05,5.75519e-05,4.26678e-05,3.67141e-05,1.68687e-05,2.67914e-05,
2.49193e-05,2.11119e-05,1.8495e-05,1.8527e-05,2.09182e-05,3.1832e-05,5.94743e-05,0.000171052,0.000961319,0.0594742,0.932079,0.00621796,0.000593049,0.000118545,4.88957e-05,2.93785e-05,2.66926e-05,2.82182e-05,2.888e-05,2.76036e-05,
4.69035e-05,6.2538e-05,7.62182e-05,3.90862e-05,9.18527e-05,0.000109441,0.000197386,0.000359593,0.000963476,0.00374251,0.0464677,0.923588,0.0215052,0.00158495,0.000535481,0.000271649,0.00011335,9.18527e-05,8.01268e-05,7.23096e-05,
8.59898e-05,4.1608e-05,8.0442e-05,6.37989e-05,8.0442e-05,9.43114e-05,0.000163658,0.000224683,0.000518713,0.00112064,0.00356441,0.030518,0.932287,0.0278912,0.00197776,0.000632441,0.000288482,0.000149789,0.000116502,9.98591e-05,
7.20997e-05,5.98982e-05,5.43521e-05,5.76798e-05,7.43182e-05,7.76459e-05,7.98643e-05,0.000148636,0.00022961,0.000390448,0.00140539,0.00141205,0.0179428,0.958508,0.0176611,0.000914003,0.000400431,0.000205207,0.000187459,0.000118687,
