0.931333,0.0237711,0.00300152,0.00136214,0.000524362,0.000409846,0.000331493,0.000325466,0.000259167,0.000162733,0.000596687,0.000174787,0.00025314,0.000259167,0.000204923,0.000452036,0.000620796,0.00124159,0.00251332,0.032203,
0.0269253,0.950005,0.0147346,0.00153749,0.000780248,0.000437092,0.000331653,0.000237717,0.000216629,0.000207044,0.00121351,0.000164868,0.000134195,0.000105439,0.000164868,0.000182122,0.00022238,0.000402585,0.000623048,0.00137454,
0.00176692,0.0245395,0.947921,0.018077,0.0023203,0.000880225,0.000543668,0.000410987,0.000203876,0.000155334,0.000757252,0.000181223,0.000135917,0.000132681,0.000132681,0.000203876,0.000171514,0.000249181,0.000440112,0.000776669,
0.00135053,0.00314946,0.0404234,0.927479,0.0181577,0.00267768,0.00134468,0.000866527,0.000612572,0.000391026,0.00104185,0.000224734,0.000163636,0.00016523,0.00016523,0.00018595,0.000225796,0.000305489,0.000403246,0.000666232,
0.000375005,0.000721439,0.00227503,0.0292254,0.935174,0.0255075,0.00291433,0.00109644,0.000617866,0.000350005,0.000496436,0.000153574,0.000139288,0.000110716,8.2144e-05,0.000110716,0.000128573,0.000117859,0.000185717,0.00021786,
0.00030583,0.000504134,0.00103775,0.00356377,0.0854576,0.887465,0.0153689,0.00272165,0.00117207,0.000596251,0.000589217,0.000220077,0.000148393,0.00011858,0.000102502,0.000102837,9.24525e-05,0.000112216,0.000146048,0.000174856,
0.000238485,0.000306874,0.000569909,0.00145765,0.00527298,0.0764196,0.886713,0.0200976,0.00429536,0.00194558,0.00107055,0.000436638,0.000232348,0.000170973,0.000126257,0.000108721,0.00010916,0.000111352,0.000135901,0.000180617,
6.90043e-05,6.71884e-05,0.000127113,0.000239699,0.000508453,0.00144728,0.0319254,0.928337,0.0324538,0.00297627,0.000922479,0.000364997,0.000183406,8.71634e-05,7.80839e-05,5.44771e-05,3.26863e-05,2.90545e-05,5.26612e-05,4.35817e-05,
4.47231e-05,4.35763e-05,6.53645e-05,8.48592e-05,0.000159398,0.000383013,0.0012683,0.0379401,0.929281,0.0273247,0.00228432,0.00053897,0.000222469,0.000122702,5.50438e-05,5.3897e-05,3.66959e-05,2.86686e-05,3.55491e-05,2.63751e-05,
8.7312e-05,0.000109831,0.000127412,0.000188649,0.000355569,0.000663531,0.00189499,0.00850087,0.0708084,0.893849,0.0195547,0.00205558,0.000767042,0.000357544,0.000213934,0.00013077,9.93618e-05,8.27686e-05,7.90154e-05,7.32867e-05,
0.000112376,0.000116713,0.000121371,0.000125461,0.000153974,0.000230518,0.000407879,0.00122021,0.0068884,0.0594421,0.923723,0.00553992,0.000811692,0.00032234,0.000189609,0.000134851,0.000120533,0.000112178,0.000108704,0.000118068,
5.58731e-05,4.62398e-05,4.23865e-05,8.28464e-05,6.74331e-05,0.000113673,0.000179179,0.000394965,0.00100572,0.00352964,0.0567459,0.916737,0.0181857,0.00176289,0.000473958,0.000225419,0.000131013,9.44063e-05,6.35798e-05,6.16531e-05,
0.000271152,0.000210479,0.000167216,0.000145949,0.000166486,0.00022768,0.000385461,0.000859065,0.00227889,0.00807899,0.0208863,0.0728779,0.873117,0.0159248,0.00200059,0.000864277,0.000486114,0.000383793,0.000347045,0.000321035,
0.000270653,0.000226884,0.000178589,0.000159339,0.000156096,0.000194327,0.000283148,0.000501656,0.00108241,0.00278535,0.00570667,0.00762549,0.042877,0.91946,0.015101,0.00138319,0.000753802,0.000507128,0.000404392,0.000342723,
0.000290937,0.000232766,0.000189058,0.00016138,0.000157001,0.000177643,0.000228934,0.000338398,0.000612759,0.00128463,0.00295511,0.0025318,0.00341971,0.0337419,0.935814,0.0150534,0.00125148,0.000723082,0.000469206,0.00036678,
0.000385782,0.000287352,0.000224584,0.000185934,0.000179544,0.000190366,0.000255504,0.000348162,0.000535951,0.000906891,0.00229315,0.00137018,0.001764,0.00258462,0.0340978,0.93552,0.0161319,0.0014716,0.000750641,0.000516368,
0.00060674,0.000427466,0.000327933,0.00028194,0.000259584,0.000302729,0.000387169,0.000471608,0.000697872,0.00110697,0.00265237,0.0012421,0.00126417,0.00163952,0.00292178,0.0236022,0.938607,0.0202092,0.00204065,0.000951475,
0.000804855,0.000522405,0.000368457,0.000292883,0.00023054,0.000225451,0.000255732,0.000308659,0.000373801,0.000488562,0.00184865,0.00058831,0.000679915,0.000817578,0.00135423,0.00275758,0.023541,0.945682,0.0172368,0.00162294,
0.00198873,0.0010912,0.000599925,0.000363734,0.000255086,0.000217296,0.000240915,0.000226743,0.000292877,0.000245639,0.00107231,0.000198401,0.000415696,0.000396801,0.00058103,0.00115734,0.00240443,0.0248001,0.943262,0.0201896,
0.0274702,0.00312952,0.00128658,0.000705383,0.000476879,0.000536489,0.000516619,0.000506684,0.000581196,0.00103324,0.00188765,0.000814668,0.000730221,0.000735188,0.000611001,0.000814668,0.00124187,0.00361136,0.0308531,0.922458,


0.931074,0.0240862,0.00300625,0.00132202,0.00080891,0.000386345,0.000356162,0.000283722,0.000217319,0.000223356,0.00071836,0.000229392,0.000211282,0.000241466,0.000241466,0.000519151,0.000621774,0.00120129,0.00268027,0.0315716,
0.0270389,0.946163,0.0149982,0.00154024,0.000920841,0.000629394,0.000525175,0.000414633,0.000413002,0.000502944,0.00162876,0.000281249,0.000246985,0.000212925,0.000218432,0.000254939,0.000355079,0.000528642,0.000888412,0.00223837,
0.00218861,0.0249284,0.945601,0.0186131,0.00242263,0.00111408,0.000537264,0.000441677,0.000316425,0.00021095,0.00098883,0.000121956,0.000154917,0.000115363,0.000204358,0.000171397,0.000201062,0.000286761,0.000553745,0.000827321,
0.00105112,0.00218769,0.0287433,0.935036,0.0247824,0.0031448,0.00118357,0.000670834,0.0003931,0.000320462,0.000739199,0.000183732,0.000119639,0.000106821,0.000119639,0.000102548,0.000158095,0.00019655,0.000269188,0.000491375,
0.000243401,0.000367712,0.000757362,0.0168197,0.96321,0.0143209,0.00116477,0.000562015,0.000321748,0.000231909,0.00122327,0.000121178,7.62585e-05,5.32765e-05,6.16336e-05,7.41692e-05,8.67049e-05,7.73032e-05,9.29727e-05,0.000133714,
0.000219529,0.000347314,0.000720841,0.00210355,0.0356751,0.930514,0.023791,0.00309634,0.0012713,0.000622545,0.000596332,0.00019987,0.000144168,8.19138e-05,8.51903e-05,0.000108126,8.51903e-05,7.86372e-05,0.000111403,0.000147445,
0.000134583,0.000199286,0.000302812,0.000592682,0.00178064,0.0276749,0.935778,0.0277034,0.00303847,0.00109996,0.000667738,0.0003054,0.000214815,0.000103525,6.47033e-05,6.21152e-05,6.21152e-05,5.43508e-05,6.98796e-05,9.05846e-05,
5.98654e-05,6.16795e-05,0.000128801,0.000263045,0.000509763,0.00152022,0.0314801,0.928695,0.0326194,0.00286628,0.000907051,0.000341051,0.000174154,9.07051e-05,7.61923e-05,6.16795e-05,3.26538e-05,2.72115e-05,4.17243e-05,4.35384e-05,
3.11957e-05,5.08375e-05,7.39454e-05,7.51008e-05,0.000166377,0.000390524,0.00133679,0.0367428,0.929715,0.0280242,0.00227613,0.000573077,0.000204505,0.000103986,7.39454e-05,4.62159e-05,3.58173e-05,2.42633e-05,2.54187e-05,3.00403e-05,
3.6687e-05,1.38816e-05,4.26362e-05,6.84163e-05,8.82471e-05,0.000170545,0.000410498,0.00155275,0.0410597,0.921503,0.0323619,0.0018165,0.000436278,0.000164596,8.6264e-05,5.55262e-05,4.85855e-05,2.97462e-05,2.97462e-05,2.47885e-05,
5.36618e-05,5.68944e-05,6.65923e-05,7.69368e-05,8.3402e-05,0.000114435,0.00016939,0.000352357,0.00133379,0.0368165,0.947517,0.011781,0.000819797,0.000253439,0.00013771,0.000103444,7.88763e-05,6.78854e-05,4.97826e-05,6.72388e-05,
0.000206377,0.000165904,0.000133431,0.000126413,0.000149192,0.000245422,0.0005331,0.00134335,0.00502946,0.0320294,0.134735,0.801564,0.0185715,0.00289757,0.000862708,0.000382838,0.000257792,0.000251845,0.000265792,0.000249228,
5.27954e-05,4.7238e-05,6.66889e-05,8.05824e-05,6.66889e-05,0.000133378,0.000169501,0.000272313,0.000564077,0.00116428,0.00355674,0.0348755,0.931611,0.0239663,0.00196454,0.000716906,0.000261198,0.000186173,0.000144493,0.000100033,
0.000138734,0.000101513,6.7675e-05,0.000104896,8.121e-05,0.000101513,0.000115048,0.000230095,0.000301154,0.000490644,0.00157344,0.00333638,0.0394038,0.924553,0.0258552,0.0020201,0.000737658,0.000331608,0.000219944,0.000236863,
0.000146544,8.86078e-05,8.17918e-05,9.54237e-05,8.51998e-05,8.51998e-05,9.88317e-05,0.00015336,0.000173808,0.000330575,0.000875854,0.000978093,0.00269913,0.033763,0.930501,0.0266198,0.00192211,0.000685006,0.000415775,0.000201071,
0.000266987,0.00019314,9.37295e-05,7.66878e-05,8.23683e-05,8.23683e-05,7.95281e-05,0.000122132,0.000136334,0.000204501,0.000746996,0.000471488,0.000908892,0.00230631,0.0337937,0.940277,0.0178086,0.00151387,0.000519773,0.000315272,
0.000379881,0.000204115,0.000181436,0.000141747,7.93781e-05,0.000102058,8.22131e-05,0.000110562,0.000172931,0.000153086,0.000924188,0.000303338,0.000445085,0.000788111,0.00228212,0.0235696,0.950159,0.0178062,0.00149684,0.000618015,
0.000722151,0.000413038,0.000311777,0.000215846,0.000186533,0.000258482,0.000250488,0.000258482,0.000383726,0.000471663,0.00144697,0.00050897,0.000538282,0.000594242,0.000945991,0.00212648,0.0232127,0.946867,0.0184108,0.00187599,
0.00192115,0.00087965,0.000546531,0.000404555,0.000354939,0.000380943,0.000468968,0.000566557,0.000775336,0.00121322,0.00293037,0.00107423,0.000803432,0.000773542,0.000816583,0.00112758,0.00240477,0.0251639,0.937351,0.0200431,
0.0219305,0.00268014,0.00134095,0.00086515,0.000663419,0.000551673,0.000525795,0.000500505,0.000563435,0.000705176,0.00167854,0.000592842,0.000579903,0.00057461,0.000730466,0.00103394,0.00186557,0.00393581,0.0375873,0.921094,


0.930498,0.0245706,0.00313281,0.00115943,0.00072611,0.000515304,0.000310353,0.000175672,0.000251796,0.000257652,0.000649986,0.000169816,0.000169816,0.000199095,0.000269363,0.000392334,0.000638274,0.00125898,0.00288102,0.0317732,
0.0269696,0.937934,0.0213338,0.00238691,0.00103875,0.000561998,0.000460965,0.000435706,0.000492538,0.000760908,0.00169862,0.00048938,0.000356774,0.000331516,0.000328358,0.000347302,0.000382032,0.000580942,0.00092193,0.002188,
0.00185727,0.024624,0.94734,0.0181603,0.00233991,0.000986672,0.000586505,0.000400167,0.000250486,0.000152736,0.00119134,0.000116079,9.77508e-05,9.46961e-05,0.000113024,0.000164955,0.000189392,0.000259651,0.000363511,0.000711748,
0.00089262,0.00217147,0.0295423,0.934204,0.0249848,0.00318854,0.00131747,0.000549304,0.000433435,0.000321858,0.000751002,0.000137326,0.0001502,0.000128743,7.72459e-05,0.00012016,0.000141618,0.000167366,0.000274652,0.00044631,
0.000544155,0.00101082,0.00277445,0.0559783,0.915788,0.0168779,0.00238398,0.0011961,0.00064935,0.000448484,0.000732466,0.000220346,0.000170995,0.000118182,0.000125108,0.000136363,0.000135498,0.000152381,0.000241558,0.000315151,
0.000193706,0.000325032,0.000751843,0.00196989,0.0354614,0.931159,0.0238029,0.0030599,0.00111956,0.000610667,0.000548287,0.000183857,0.000151025,0.000111627,6.238e-05,8.20789e-05,6.56631e-05,0.000101778,7.87957e-05,0.000160875,
0.000106916,0.000153084,0.000289158,0.000597756,0.00181028,0.0286413,0.935649,0.0271712,0.00296448,0.00104486,0.000641494,0.000238131,0.000155514,0.000116635,5.83177e-05,7.04672e-05,5.83177e-05,7.5327e-05,7.77569e-05,8.01868e-05,
6.17287e-05,7.05471e-05,0.000151676,0.000218696,0.000522049,0.00156791,0.0309561,0.927843,0.0339014,0.0027919,0.000977078,0.000343917,0.00017284,0.000107584,6.17287e-05,6.52561e-05,5.82014e-05,3.70372e-05,3.70372e-05,5.4674e-05,
3.69896e-05,3.46777e-05,6.1264e-05,8.66943e-05,0.000167609,0.00039995,0.00131197,0.0359423,0.929864,0.0286484,0.0023708,0.000551376,0.000193039,0.000123684,4.97047e-05,4.27692e-05,3.81455e-05,2.08066e-05,1.84948e-05,3.69896e-05,
3.17534e-05,2.87765e-05,4.0684e-05,6.64837e-05,8.73219e-05,0.00015579,0.000382033,0.00155989,0.0399706,0.922073,0.0329997,0.00174644,0.000439586,0.000147852,7.83912e-05,6.05299e-05,3.67149e-05,3.27457e-05,2.28228e-05,3.86995e-05,
4.66492e-05,5.63678e-05,5.37762e-05,7.06217e-05,8.68194e-05,0.000117919,0.00017947,0.000388096,0.00133533,0.0361188,0.948026,0.011972,0.000794333,0.000283135,0.000138004,9.52422e-05,6.60864e-05,6.80301e-05,5.5072e-05,4.7945e-05,
5.34433e-05,4.77172e-05,3.62651e-05,6.1078e-05,8.77997e-05,0.000125973,0.000156512,0.000335929,0.000954344,0.00373721,0.0541094,0.918413,0.0190334,0.00172545,0.000511528,0.000227134,0.000146969,9.73431e-05,8.20736e-05,5.72607e-05,
6.92795e-05,5.81948e-05,6.65083e-05,8.31354e-05,7.48219e-05,0.000144101,0.000135788,0.000271576,0.000520982,0.00116667,0.00373001,0.034116,0.931147,0.0250986,0.00195922,0.000642914,0.000324228,0.000177356,0.000121932,9.1449e-05,
0.000124412,0.000117687,0.000114325,8.74246e-05,9.75121e-05,9.07871e-05,0.000137862,0.000255549,0.000379961,0.000790184,0.00167452,0.00339275,0.0378212,0.925618,0.025686,0.00207802,0.000712847,0.000379961,0.000275724,0.000164762,
0.000109915,9.96105e-05,9.61756e-05,7.90014e-05,8.58711e-05,9.61756e-05,0.000116785,0.000133959,0.000247309,0.00033318,0.000827798,0.00110945,0.00281314,0.0339328,0.929404,0.0275234,0.00180673,0.000621707,0.000346919,0.000216395,
0.000178076,0.00014981,0.000115891,8.47982e-05,0.000121544,8.76248e-05,7.63184e-05,9.61047e-05,0.000169596,0.000234608,0.00103454,0.000539882,0.000842329,0.0023687,0.0339278,0.939231,0.0182938,0.00152637,0.00062468,0.000296794,
0.000366954,0.000299971,0.000166003,0.000107756,0.000101932,0.000128143,0.000101932,9.31947e-05,0.00012523,0.000154354,0.00116202,0.00034948,0.000439763,0.000832928,0.00210853,0.0231851,0.950473,0.0176371,0.00156684,0.000599941,
0.000780675,0.000487922,0.000309414,0.000171368,0.000157087,0.000147567,0.000235631,0.000235631,0.000290373,0.000414139,0.00154707,0.000495062,0.0004427,0.000637869,0.000861599,0.0022254,0.0233727,0.946317,0.0189552,0.00191599,
0.00223981,0.00105071,0.000527918,0.000358779,0.000230644,0.000220393,0.000199891,0.000174264,0.000164013,0.000143512,0.00105584,0.000281898,0.00036903,0.000374156,0.000640677,0.00115322,0.00281385,0.0252632,0.940156,0.0225826,
0.0276064,0.00343394,0.00117515,0.000679083,0.000481619,0.00040456,0.000496068,0.00046717,0.000847649,0.00107401,0.00209023,0.000804304,0.000746509,0.000698348,0.000587575,0.000833201,0.00147857,0.00358806,0.0304431,0.922064,


0.931402,0.0243171,0.00347042,0.00134222,0.00056228,0.000459498,0.000284163,0.000229749,0.000205565,0.000217657,0.000701339,0.000157197,0.000157197,0.000139059,0.000217657,0.000284163,0.000628786,0.00133617,0.00276908,0.0311189,
0.0269823,0.95257,0.0133588,0.00111596,0.000644809,0.000479692,0.000318846,0.000186468,0.000136648,0.000160846,0.001264,9.67925e-05,9.82159e-05,0.000125261,0.000136648,0.000149459,0.000214936,0.000374359,0.000482539,0.00110315,
0.00182003,0.0246029,0.951893,0.0140673,0.00146855,0.000840461,0.000554588,0.000399248,0.000274048,0.000248545,0.00138995,0.000167397,0.000126127,0.000130764,0.000152094,0.000153949,0.000210289,0.000292596,0.000450951,0.000757226,
0.00104817,0.0021972,0.0284321,0.935075,0.0249894,0.00315766,0.00126745,0.000640303,0.000399093,0.000328923,0.000736787,0.000153497,0.000127184,0.00010087,0.000118412,0.00017104,0.000162269,0.00017104,0.000280681,0.000442949,
0.000361423,0.000683483,0.00198962,0.0276506,0.935048,0.0273823,0.00307031,0.00115584,0.000672748,0.000329217,0.000540345,0.000150295,0.00011451,0.000118089,7.15689e-05,7.15689e-05,8.58827e-05,0.000107353,0.000200393,0.000196814,
0.000150708,0.00032435,0.000750264,0.00200835,0.0341616,0.931719,0.024454,0.00289949,0.00131706,0.000579898,0.000547136,0.000222786,0.000140879,0.000108117,0.000114669,9.82878e-05,9.50116e-05,9.50116e-05,0.000114669,9.82878e-05,
0.000147522,0.000142346,0.000297632,0.000613381,0.00185308,0.0267222,0.935541,0.0289713,0.00303326,0.00108183,0.000623733,0.000256222,0.000131993,0.000134581,5.69383e-05,8.28194e-05,6.47026e-05,4.9174e-05,8.79956e-05,0.0001087,
6.35469e-05,6.69819e-05,0.000137399,0.00027308,0.000503223,0.0015715,0.0307911,0.927857,0.0339821,0.00279606,0.00105282,0.000312582,0.000152856,0.000118506,8.07218e-05,5.15245e-05,3.43497e-05,4.63721e-05,5.15245e-05,5.6677e-05,
4.26863e-05,4.0379e-05,4.49937e-05,8.99874e-05,0.000161516,0.000398021,0.00126905,0.034982,0.930435,0.029134,0.0022866,0.000567613,0.0002192,9.11411e-05,5.76842e-05,4.15326e-05,2.76884e-05,4.0379e-05,2.88421e-05,4.15326e-05,
3.76934e-05,4.66208e-05,2.97579e-05,6.44756e-05,9.02658e-05,0.000180532,0.000360071,0.00162677,0.0389036,0.922534,0.033562,0.0017458,0.000364039,0.000168628,8.43142e-05,5.65401e-05,3.76934e-05,3.76934e-05,3.47176e-05,3.47176e-05,
7.43418e-05,5.75341e-05,7.04631e-05,7.30489e-05,8.01599e-05,0.000122179,0.00018036,0.000380113,0.00133039,0.0349484,0.948721,0.0123724,0.000812588,0.000265691,0.000129937,8.85637e-05,8.27457e-05,8.66244e-05,6.01199e-05,6.33521e-05,
5.24128e-05,4.07655e-05,5.82365e-05,5.04716e-05,6.98838e-05,0.000110649,0.000182474,0.000380478,0.000995844,0.0037019,0.0528205,0.919546,0.0191074,0.00171798,0.000506657,0.000234887,0.000182474,0.000104826,8.34723e-05,5.24128e-05,
7.20957e-05,8.59602e-05,6.1004e-05,7.20957e-05,8.87331e-05,0.000105371,0.000163602,0.000282837,0.000562901,0.00118958,0.00346336,0.0332611,0.931689,0.0255302,0.002088,0.000626678,0.000291156,0.000180239,9.1506e-05,9.42789e-05,
0.000111677,7.78358e-05,0.000118446,0.000118446,6.09149e-05,0.00012183,0.000182745,0.000206434,0.000280886,0.00048732,0.00138751,0.00331648,0.0382512,0.925078,0.0267281,0.00204403,0.000734363,0.000314727,0.00024366,0.000135367,
0.000172419,6.55193e-05,8.27612e-05,5.51741e-05,6.89677e-05,6.55193e-05,8.27612e-05,0.000175868,0.000220697,0.000293113,0.000700022,0.000965547,0.00258284,0.0325114,0.930446,0.0284733,0.00178281,0.000655193,0.000420703,0.000179316,
0.000139609,0.000160854,8.19443e-05,7.89094e-05,7.28394e-05,0.000124434,7.28394e-05,0.000115329,0.000179064,0.000261008,0.000734464,0.000409722,0.000922632,0.00244315,0.0335274,0.938961,0.0191507,0.00164192,0.000576645,0.000345987,
0.000384485,0.00028536,0.00019825,9.31174e-05,9.9125e-05,8.41061e-05,7.20909e-05,0.000102129,0.000126159,0.000195246,0.00115646,0.000366462,0.000513648,0.000814027,0.00201554,0.0236218,0.949095,0.0187046,0.00138174,0.000690871,
0.000937464,0.000500172,0.000342975,0.000282954,0.000205785,0.000245799,0.000245799,0.000300103,0.000362982,0.000657368,0.00174631,0.000640219,0.000600206,0.000651652,0.00114897,0.00239225,0.0233337,0.944512,0.019038,0.00185492,
0.00217225,0.00100735,0.000486966,0.000272128,0.000181419,0.000257806,0.000148,0.000138451,0.000190967,0.000176645,0.00108374,0.00020529,0.000300773,0.000439225,0.000677934,0.00107419,0.00285973,0.0245632,0.942901,0.0208632,
0.0138224,0.000896619,0.000463353,0.00029744,0.000257896,0.000183106,0.000141843,0.000169352,0.000165054,0.000239843,0.00163506,0.000202878,0.000202019,0.000196861,0.000320651,0.000324949,0.000468511,0.000951637,0.0140665,0.964994,


0.915497,0.0194286,0.00254716,0.001272,0.000839207,0.000648604,0.000508014,0.000488717,0.000523766,0.000624188,0.00129012,0.000401685,0.000360729,0.000350096,0.000420588,0.000567085,0.0008333,0.00135707,0.00363328,0.048409,
0.0269888,0.941962,0.0187864,0.00199908,0.000941182,0.000494183,0.000464383,0.0004172,0.000429616,0.000583583,0.00172095,0.0003427,0.000280616,0.000315383,0.00021605,0.000270683,0.000382433,0.000516533,0.000859232,0.00202888,
0.0013468,0.0246214,0.9515,0.0160717,0.00170009,0.000685176,0.0004368,0.000267647,0.000239812,0.000132753,0.00111127,0.000102776,6.85176e-05,7.06588e-05,0.000107059,0.000115624,0.000182,0.000278353,0.0003276,0.000633788,
0.000830026,0.0021819,0.0271525,0.936474,0.0248967,0.00308589,0.0014094,0.000628683,0.000415013,0.000238324,0.00080948,0.000160252,0.000168471,0.00017258,0.000143816,0.000102726,0.000189016,0.000197234,0.000262978,0.000480757,
0.00037601,0.000859451,0.00194809,0.0272697,0.935416,0.0274881,0.0029472,0.00111371,0.000608778,0.000361686,0.000529995,0.000175471,0.000121756,0.000111012,7.8783e-05,0.000111012,6.08778e-05,0.000100269,0.000143242,0.000179052,
0.000206899,0.0003514,0.000633834,0.00208541,0.0332287,0.932492,0.0243222,0.00317902,0.00124468,0.000532027,0.000653539,0.000206899,0.00016749,9.85235e-05,0.00011166,8.86711e-05,5.91141e-05,0.000108376,0.000121512,0.000108376,
9.84806e-05,0.000171045,0.00034209,0.000606433,0.00186076,0.0258304,0.935604,0.0298033,0.00300107,0.001047,0.000660856,0.000251385,0.000155496,0.000119213,5.44235e-05,7.77478e-05,5.18319e-05,8.03394e-05,0.000101072,8.2931e-05,
8.02855e-05,8.74219e-05,0.000114184,0.000271186,0.000501338,0.0014826,0.0298269,0.927616,0.0353238,0.00282962,0.000945584,0.000344335,0.000201606,9.45584e-05,5.8876e-05,3.03301e-05,4.4603e-05,5.70919e-05,4.10348e-05,4.81713e-05,
3.6981e-05,3.46697e-05,5.43159e-05,9.70751e-05,0.000171037,0.000366343,0.0013082,0.0340872,0.930389,0.0299558,0.00235754,0.000566272,0.000196462,0.000116721,6.24055e-05,5.08489e-05,5.20045e-05,2.19575e-05,3.81367e-05,3.6981e-05,
2.28213e-05,3.57203e-05,4.56426e-05,6.94562e-05,8.33474e-05,0.000180586,0.000398877,0.00155383,0.037928,0.922447,0.0345366,0.00185349,0.000374071,0.000189516,8.23552e-05,5.75494e-05,3.96892e-05,3.57203e-05,2.48058e-05,4.06815e-05,
5.24286e-05,5.37232e-05,5.5665e-05,6.92576e-05,8.41447e-05,0.000127512,0.000181882,0.000347582,0.00134437,0.0339628,0.949743,0.0124366,0.000765717,0.000285445,0.000121686,0.000106799,7.70248e-05,7.76721e-05,5.17814e-05,5.50177e-05,
3.51767e-05,3.71309e-05,6.44905e-05,7.62161e-05,6.0582e-05,0.000111393,0.000173929,0.000386943,0.000973221,0.00361147,0.0524992,0.919739,0.0194253,0.00171975,0.000508107,0.000195426,0.000148524,9.57587e-05,8.20789e-05,5.66735e-05,
7.74853e-05,7.47179e-05,8.57873e-05,5.8114e-05,8.02526e-05,0.000105159,0.00016604,0.000260129,0.000489818,0.0012536,0.00369992,0.0330862,0.93145,0.0258275,0.00185411,0.000700135,0.00036252,0.00016604,0.000113461,8.85546e-05,
0.000128536,9.47111e-05,9.80936e-05,7.44158e-05,8.45634e-05,0.000128536,0.000135302,0.000189422,0.000331489,0.000581797,0.00143758,0.00318973,0.0365957,0.925676,0.0277402,0.00210732,0.000690038,0.000375462,0.00019957,0.000142067,
0.00015169,6.55026e-05,6.20551e-05,6.20551e-05,7.23976e-05,8.27401e-05,0.00011032,0.000175823,0.000230983,0.000268905,0.000817058,0.00104459,0.00266837,0.0327444,0.929212,0.0289418,0.00197887,0.000706738,0.000337855,0.000265458,
0.000229373,0.000123986,7.7491e-05,8.36903e-05,9.91885e-05,8.679e-05,9.29892e-05,0.000105388,0.000164281,0.000254171,0.000613729,0.000505242,0.000982586,0.00247041,0.0339008,0.937961,0.019506,0.0016986,0.000638526,0.000406053,
0.000340255,0.000265006,0.000176671,9.48788e-05,0.000121052,0.000127596,9.81505e-05,9.81505e-05,0.000147226,0.000137411,0.00102077,0.000392602,0.000477666,0.00101749,0.00228036,0.0233958,0.947604,0.0197381,0.00171763,0.000749216,
0.000908843,0.000486552,0.000281527,0.000293768,0.000205025,0.000217266,0.000211145,0.000247866,0.000431471,0.000679337,0.00172894,0.000544694,0.000566115,0.000694638,0.000951684,0.0024756,0.0234433,0.941228,0.0222896,0.00211451,
0.00236639,0.001071,0.000550798,0.000418199,0.000229499,0.000188699,0.0001377,0.0001122,0.000183599,0.0001632,0.00102,0.000285599,0.000372299,0.000464099,0.000637498,0.001173,0.00272339,0.025046,0.941376,0.0214811,
0.026636,0.00325607,0.00133012,0.000742686,0.000503516,0.000469948,0.000553868,0.00056226,0.000574848,0.000902133,0.00203504,0.000872761,0.000662963,0.000558064,0.000650375,0.000776254,0.00133012,0.00342811,0.0369539,0.917201,


0.931858,0.0253022,0.00290274,0.00139694,0.000743827,0.000477743,0.000266085,0.000211658,0.000211658,0.000193516,0.00071359,0.000181421,0.000193516,0.000193516,0.000272132,0.000411221,0.000574501,0.00119738,0.00267899,0.0300192,
0.0269978,0.943461,0.0181509,0.00180106,0.000893742,0.000572447,0.0004118,0.000414063,0.000427639,0.000597336,0.00168114,0.00036881,0.000237577,0.000242102,0.000255678,0.000208163,0.000300931,0.000484205,0.000665216,0.00182821,
0.00215806,0.0246816,0.94288,0.0215017,0.00267489,0.0012112,0.000631243,0.00036691,0.000303786,0.000236716,0.00086796,0.000193318,0.000138084,0.000126249,0.000122303,0.000197264,0.000201209,0.000264333,0.000402418,0.000840343,
0.0010532,0.00255616,0.0374092,0.925688,0.0253105,0.00293472,0.00113566,0.000738364,0.000446017,0.000266111,0.000539718,0.00015367,0.000131181,0.00013493,0.000127433,0.00015367,0.000149922,0.000239875,0.000333576,0.00049849,
0.000375574,0.000704649,0.00204956,0.027002,0.9348,0.0282861,0.00307613,0.00124476,0.000568727,0.000293305,0.000572303,0.000135922,0.000118038,9.29993e-05,6.7961e-05,8.94224e-05,7.15379e-05,0.000135922,0.00010373,0.000211037,
0.000212178,0.000401507,0.000688764,0.00202059,0.0324927,0.932619,0.0251121,0.00302925,0.00121431,0.000616949,0.000590835,0.000189328,0.000143628,0.000153421,9.46642e-05,8.48714e-05,7.83428e-05,6.20214e-05,8.81356e-05,0.000107721,
9.5921e-05,0.000181472,0.000282578,0.000601451,0.00163843,0.0260879,0.934934,0.0305003,0.00298651,0.00108883,0.000705149,0.000233321,0.000176287,8.81436e-05,7.25889e-05,5.44417e-05,3.88869e-05,6.99964e-05,7.77738e-05,8.55512e-05,
3.98632e-05,7.79144e-05,0.000146769,0.000251863,0.000568956,0.00153836,0.028513,0.927697,0.0362483,0.00293357,0.00105094,0.000326153,0.000179384,0.000125025,6.52306e-05,6.16067e-05,2.35555e-05,3.26153e-05,5.79828e-05,6.16067e-05,
3.00726e-05,3.70124e-05,4.62656e-05,0.000105254,0.000205882,0.00040945,0.00135789,0.0333286,0.930197,0.030792,0.00237458,0.000580633,0.000220918,0.000106411,6.59284e-05,3.93257e-05,3.93257e-05,2.77593e-05,1.85062e-05,1.73496e-05,
3.56759e-05,3.17119e-05,4.36038e-05,6.44147e-05,9.31536e-05,0.000156577,0.000403335,0.00157271,0.03676,0.922854,0.0352983,0.00184623,0.000397389,0.000177388,8.12617e-05,5.15318e-05,4.85588e-05,3.17119e-05,3.17119e-05,2.08109e-05,
5.89223e-05,5.17999e-05,6.79873e-05,7.12248e-05,7.64048e-05,0.000115902,0.000183889,0.000337994,0.00132737,0.0328392,0.950538,0.0126897,0.000870237,0.000273892,0.000139212,8.87072e-05,7.96423e-05,7.38148e-05,5.82748e-05,5.82748e-05,
5.28448e-05,6.45881e-05,5.4802e-05,5.67592e-05,7.63314e-05,0.000111561,0.000197679,0.000430587,0.000959035,0.00369131,0.0507271,0.920883,0.0199049,0.00162253,0.000542149,0.00022508,0.000156577,0.000107647,6.45881e-05,7.04597e-05,
7.21013e-05,6.93281e-05,6.93281e-05,8.04206e-05,7.76475e-05,0.000124791,0.000171934,0.000288405,0.000501936,0.00124513,0.00365221,0.0320185,0.93157,0.0267912,0.00189682,0.000643365,0.000313363,0.000166388,0.000127564,0.000119244,
0.000131252,7.74051e-05,0.000127887,8.4136e-05,6.05779e-05,0.000121156,0.000131252,0.000188465,0.000373564,0.000646164,0.00168945,0.00368852,0.0365251,0.924517,0.0280442,0.00212696,0.000743762,0.000370198,0.000232215,0.000121156,
0.00010355,7.2836e-05,5.44076e-05,2.89589e-05,5.87953e-05,7.2836e-05,7.63461e-05,7.10809e-05,0.000128121,0.000211488,0.00122242,0.000491423,0.00101268,0.0156817,0.963081,0.0162881,0.000640605,0.000336976,0.000228161,0.000138652,
0.000198189,0.000116397,0.000119543,7.55007e-05,8.17924e-05,8.80841e-05,0.000103813,0.000125834,0.000147855,0.000185606,0.000871403,0.000427837,0.000865112,0.00249152,0.0334971,0.938187,0.0198567,0.00165787,0.000613443,0.000289419,
0.000396444,0.000274207,0.000198222,0.000145363,0.000122237,9.25036e-05,7.92888e-05,9.25036e-05,0.000112326,0.000158578,0.00112987,0.000320459,0.000416266,0.000951465,0.00242161,0.0235289,0.947346,0.0198916,0.00158578,0.000736725,
0.000893321,0.000406805,0.000310601,0.000252879,0.000192408,0.00018691,0.000244633,0.000390313,0.000420548,0.000546987,0.00175091,0.00060471,0.000494762,0.000736646,0.00111871,0.00255077,0.0233473,0.943567,0.0200516,0.00193232,
0.00230395,0.00100573,0.000574704,0.000343796,0.000220645,0.000194989,0.000194989,0.000164201,0.000102626,0.000261695,0.000939025,0.000220645,0.00031814,0.000487472,0.000733774,0.00112888,0.00281194,0.0249329,0.940687,0.0223724,
0.0272962,0.00286603,0.00138138,0.000559436,0.000460459,0.000421728,0.000430335,0.000421728,0.000585256,0.000787513,0.00177298,0.000555132,0.000460459,0.000563739,0.000507796,0.000753087,0.00121355,0.00287894,0.0278083,0.928276,


0.930967,0.0259857,0.00311756,0.0014319,0.000755223,0.000447092,0.000308131,0.000265839,0.000241671,0.000229588,0.000592095,0.000241671,0.000193337,0.000181254,0.000283964,0.000344382,0.000604179,0.00120836,0.00280943,0.029792,
0.0267926,0.941006,0.0193384,0.00215509,0.000973184,0.00070184,0.000435715,0.000357443,0.000482678,0.000605305,0.00168546,0.000485287,0.000305261,0.000300043,0.000255689,0.000263516,0.000354834,0.000550514,0.00081664,0.00213422,
0.00146716,0.0245416,0.950229,0.0165562,0.00183785,0.000928452,0.00049887,0.000296204,0.000213059,0.000169754,0.00112072,0.000129914,0.000122985,0.000124717,0.00012645,0.000155897,0.000185344,0.000291007,0.000393206,0.000611462,
0.000802309,0.00219149,0.0278765,0.935938,0.0252913,0.00281922,0.00123318,0.000668591,0.00045687,0.000300866,0.000817166,0.000115146,0.000126289,0.000100289,0.000100289,0.000130004,0.000126289,0.000178291,0.000319438,0.000408583,
0.000343247,0.000786608,0.00208451,0.0260331,0.935459,0.0287505,0.00284609,0.00110483,0.000693645,0.000314643,0.000471965,0.000189501,8.93872e-05,6.79343e-05,7.15098e-05,0.000107265,0.00011084,8.93872e-05,0.000125142,0.000261011,
0.00018189,0.000293577,0.000733943,0.00197845,0.0316936,0.933553,0.0251359,0.00306341,0.00122856,0.000536097,0.000644593,0.000213801,0.000118069,9.89227e-05,8.93495e-05,5.10569e-05,7.97764e-05,7.97764e-05,8.61585e-05,0.000140406,
0.000107786,0.000174853,0.000306592,0.00062516,0.00173177,0.0262136,0.93478,0.0302951,0.00304197,0.0010611,0.000656298,0.000289825,0.000153296,0.000102996,7.6648e-05,8.14385e-05,5.03002e-05,7.18575e-05,7.42527e-05,0.000105391,
8.92728e-05,0.000120484,0.000182447,0.000326569,0.000793587,0.00262838,0.0701001,0.901891,0.0179606,0.00324779,0.00136503,0.000459904,0.000238902,0.000146646,8.81254e-05,7.52737e-05,6.54055e-05,6.63235e-05,7.41263e-05,8.05521e-05,
3.85538e-05,4.86513e-05,4.77333e-05,0.000100056,0.000168902,0.000415831,0.00146046,0.034502,0.931137,0.0286813,0.00222878,0.00056821,0.000235913,0.000124841,6.51743e-05,4.03897e-05,4.58974e-05,2.93743e-05,2.84564e-05,3.21282e-05,
3.07434e-05,2.77682e-05,4.06606e-05,5.3553e-05,0.000104131,0.000166609,0.000371896,0.00152329,0.0357764,0.922558,0.0366362,0.00183072,0.00046611,0.000148758,8.33047e-05,5.15696e-05,3.47103e-05,3.37186e-05,2.38014e-05,3.76855e-05,
5.30097e-05,5.04239e-05,5.68885e-05,7.17571e-05,9.37367e-05,0.000114423,0.000162908,0.000357492,0.00131813,0.0319674,0.951104,0.0130507,0.000842337,0.000259877,0.00013511,0.000103434,7.88681e-05,7.11106e-05,6.07672e-05,4.7838e-05,
4.89579e-05,4.69996e-05,6.8541e-05,6.26661e-05,5.09162e-05,0.000131207,0.000166457,0.000346622,0.000924325,0.00379326,0.0493084,0.922096,0.0201667,0.00164498,0.000550287,0.000229123,0.000137082,9.39991e-05,6.26661e-05,7.04994e-05,
0.000100083,8.34026e-05,5.00416e-05,6.11619e-05,5.83818e-05,0.000105643,0.000141784,0.000269668,0.000530997,0.00122046,0.00365859,0.0314539,0.931907,0.0270725,0.00192938,0.000592158,0.000358631,0.000191826,0.000127884,8.61827e-05,
0.000122262,9.16967e-05,8.15082e-05,6.11311e-05,8.15082e-05,9.16967e-05,9.16967e-05,0.000224147,0.000343014,0.000618104,0.00154186,0.00322637,0.0356157,0.925464,0.0287554,0.00217695,0.000733574,0.000359994,0.000173205,0.000146035,
0.000110219,7.23315e-05,9.6442e-05,8.95533e-05,6.88871e-05,7.23315e-05,8.61089e-05,0.000110219,0.000234216,0.000330658,0.000764647,0.00105053,0.00272793,0.0308132,0.929432,0.0307168,0.00203561,0.000678538,0.000316881,0.000192884,
0.000224028,0.000112014,0.000121897,0.000105425,0.00010213,8.89521e-05,8.56576e-05,0.000131781,0.000158137,0.000237206,0.000705028,0.000537007,0.000919172,0.00273445,0.0341214,0.936073,0.0207193,0.00183176,0.000645727,0.000345925,
0.000469337,0.000256002,0.000144411,0.000114873,0.000128001,0.000131283,0.000121437,0.000141129,0.000124719,0.000154258,0.000941956,0.000413542,0.000528415,0.000968213,0.00232043,0.023562,0.947106,0.0200732,0.0016115,0.000689236,
0.00100405,0.000597952,0.000383713,0.000230228,0.000169473,0.000172671,0.000246216,0.000358132,0.000396503,0.000671497,0.00175549,0.00060115,0.000604347,0.000722659,0.00102963,0.00256448,0.0235632,0.940943,0.021926,0.00205926,
0.00220984,0.00115625,0.000648365,0.000437646,0.000275555,0.000189106,0.000253943,0.000135076,0.0001783,0.000221525,0.000940129,0.000280958,0.00042684,0.000416034,0.000610543,0.00121568,0.00280958,0.0249891,0.939032,0.0235735,
0.0274546,0.0027926,0.0011873,0.000822661,0.000400213,0.000400213,0.000453575,0.000484703,0.000609214,0.001045,0.00206777,0.000707044,0.000573639,0.000524724,0.000573639,0.000755959,0.00125845,0.00315724,0.027588,0.927143,


0.931833,0.025796,0.00326669,0.00120542,0.000741335,0.000446006,0.000253139,0.000223003,0.000180813,0.000241084,0.000632847,0.000168759,0.000192868,0.000223003,0.000283274,0.000373681,0.00072928,0.00113912,0.00282671,0.0292435,
0.0267332,0.935941,0.0220716,0.0023988,0.00117836,0.000731619,0.000556807,0.000560045,0.000582705,0.000935566,0.00207508,0.000498537,0.000398182,0.000297827,0.000275166,0.000297827,0.000430554,0.000644213,0.00097765,0.00241499,
0.00187015,0.0246587,0.942563,0.0220015,0.00267275,0.00107144,0.000611695,0.000397407,0.000280522,0.000261042,0.000997413,0.00015195,9.74036e-05,0.000148053,0.000163638,0.000148053,0.000183119,0.000350653,0.000479226,0.000892217,
0.000857723,0.00206086,0.0251185,0.938764,0.0254561,0.00291082,0.00104013,0.000690836,0.000302726,0.000314369,0.000783982,0.000151363,9.70275e-05,0.000131957,0.000124195,0.000128076,0.000124195,0.00021346,0.000326012,0.000403634,
0.000364562,0.000739251,0.00180593,0.0253742,0.937181,0.0281894,0.00262957,0.00111731,0.000583974,0.000334182,0.000560345,0.000151901,9.4516e-05,9.11405e-05,7.42626e-05,8.77649e-05,0.000114769,0.000111394,0.000118145,0.000276797,
0.000201264,0.000359836,0.000643436,0.00205229,0.0300036,0.935385,0.0249324,0.00298847,0.00113745,0.000570249,0.000716623,0.000265303,0.000128077,0.000115879,7.3187e-05,7.01376e-05,8.53849e-05,7.62365e-05,9.14838e-05,0.000103682,
0.000116489,0.000173439,0.000331346,0.000621274,0.00172921,0.024939,0.935255,0.0314183,0.00281644,0.000988861,0.000641983,0.000238155,0.000194148,0.000137198,7.50706e-05,6.98933e-05,5.69501e-05,6.21274e-05,6.73047e-05,6.73047e-05,
6.96832e-05,8.21904e-05,0.000139366,0.000253718,0.00050565,0.00148657,0.0272479,0.927086,0.0383132,0.00294813,0.000913028,0.000339482,0.000194756,0.000108992,7.32567e-05,5.18157e-05,4.46687e-05,4.82422e-05,5.00289e-05,4.2882e-05,
3.79395e-05,5.31153e-05,4.98634e-05,9.97267e-05,0.000162598,0.000371807,0.00125526,0.0323288,0.931554,0.0307061,0.00226878,0.000566925,0.000205957,0.000104063,6.50392e-05,4.22755e-05,4.01075e-05,2.05957e-05,3.46876e-05,3.25196e-05,
2.07433e-05,1.61337e-05,2.56822e-05,3.22674e-05,5.93763e-05,0.000114802,0.000301162,0.00130793,0.0706185,0.916181,0.0100763,0.000816891,0.00019975,8.73633e-05,4.32426e-05,2.7987e-05,2.20603e-05,1.72312e-05,1.45971e-05,1.70117e-05,
5.24492e-05,5.76294e-05,6.15146e-05,6.99323e-05,8.67679e-05,0.000119791,0.000161233,0.000369735,0.00131317,0.0310882,0.951591,0.0134354,0.000822352,0.000281672,0.000147635,9.58332e-05,7.05799e-05,6.15146e-05,6.28096e-05,5.11542e-05,
1.28401e-05,1.34821e-05,1.25833e-05,1.52797e-05,1.81687e-05,2.86334e-05,4.61601e-05,9.37327e-05,0.000299174,0.00128285,0.0712551,0.919358,0.00653606,0.000683863,0.00017745,7.51145e-05,3.55671e-05,2.29196e-05,1.91317e-05,1.34179e-05,
7.20505e-05,8.0364e-05,6.3737e-05,6.65082e-05,8.86775e-05,0.000133016,0.000171813,0.00023555,0.000540379,0.00116944,0.00359421,0.0313725,0.931699,0.0273542,0.00195922,0.00066231,0.000296516,0.000174584,0.000163499,0.000102533,
0.000127393,0.000103926,0.000127393,9.72211e-05,0.000100574,0.000157565,0.00017768,0.0002045,0.000358713,0.000797884,0.00154213,0.00366758,0.0343459,0.92569,0.0291529,0.0019176,0.00069731,0.00034195,0.000234672,0.000157565,
0.000144387,0.000113447,0.000116885,8.93827e-05,6.87559e-05,0.000106572,8.93827e-05,0.000116885,0.000213143,0.000330028,0.000849136,0.00111728,0.00273305,0.0306445,0.928937,0.0311946,0.00193204,0.000649744,0.000340342,0.000213143,
0.00013601,7.94012e-05,7.00599e-05,6.76312e-05,6.80048e-05,6.44551e-05,6.70707e-05,8.87425e-05,0.000109107,0.000171507,0.000708632,0.000343387,0.00058869,0.00169956,0.0340657,0.946763,0.0133788,0.000917504,0.000375895,0.00023727,
0.00037579,0.000192973,0.000121878,0.000125263,0.000138805,0.000145576,0.000118492,0.000108336,0.000145576,0.00024037,0.000978407,0.000385946,0.000477354,0.000873457,0.00259667,0.0234581,0.945795,0.0212677,0.0017266,0.000727881,
0.000601465,0.000355727,0.000308164,0.000211058,0.00020214,0.000194213,0.000222948,0.000329964,0.000375544,0.000489496,0.00172017,0.000603447,0.000564803,0.000677763,0.000830359,0.00197879,0.0234859,0.94708,0.0182174,0.00155073,
0.00215152,0.00113596,0.00061771,0.000413552,0.000261742,0.000204159,0.000177984,0.000183219,0.000104697,0.000209393,0.000905626,0.000188454,0.000319325,0.000387378,0.000675294,0.00116737,0.00274829,0.0250801,0.940051,0.0230176,
0.0276224,0.00312214,0.00123347,0.000747467,0.000489083,0.000418335,0.000492159,0.000553679,0.000676719,0.000990471,0.00201478,0.000888963,0.000676719,0.000642883,0.000609047,0.000759771,0.00115657,0.00333746,0.0353124,0.918255,


0.932099,0.026725,0.00325042,0.00140083,0.000697384,0.000509393,0.000321403,0.000254697,0.000200119,0.00023044,0.000685256,0.000157669,0.000260761,0.000212247,0.000327467,0.000375981,0.000612485,0.00107943,0.00278954,0.0278105,
0.0270409,0.935302,0.0231145,0.00244781,0.00117955,0.00083784,0.000604559,0.000525704,0.00050599,0.000857554,0.00138654,0.000466562,0.000387706,0.000315422,0.00030228,0.000312137,0.000436991,0.000423849,0.000880554,0.00267123,
0.00194792,0.0240803,0.944052,0.0213776,0.00256546,0.00113216,0.000587045,0.00040407,0.000243967,0.000228719,0.000815763,0.000175351,0.000125795,6.48036e-05,9.52995e-05,0.000144855,0.000205847,0.000339266,0.000526053,0.000888191,
0.000870118,0.00211855,0.0250783,0.938861,0.0251464,0.00288652,0.00120682,0.000624215,0.000385878,0.0002913,0.000760407,0.00023077,0.000117277,9.07949e-05,0.000132409,0.000139975,0.000177807,0.000226987,0.000257252,0.000397228,
0.000364387,0.000728774,0.00202967,0.0247477,0.93755,0.0282689,0.00262222,0.00115446,0.000517634,0.000313305,0.000551688,9.53536e-05,0.000139625,8.17316e-05,9.8759e-05,8.17316e-05,8.85426e-05,0.000132814,0.000187302,0.000245195,
0.00020834,0.000303318,0.000692423,0.00200067,0.0297099,0.93592,0.0250866,0.00279727,0.00107234,0.000575998,0.000637274,0.000183829,0.000119489,0.000113361,6.7404e-05,0.00012868,7.65955e-05,9.19146e-05,8.88508e-05,0.000125617,
0.000114096,0.000160772,0.000300799,0.000562701,0.00196038,0.0237475,0.935398,0.0318328,0.00308578,0.0010502,0.000718286,0.000321543,0.000165958,0.000121875,8.81651e-05,6.48273e-05,8.29789e-05,5.18618e-05,6.48273e-05,0.000106317,
4.53948e-05,0.0001035,0.000127105,0.000208816,0.00050479,0.00153979,0.0267012,0.926867,0.0391358,0.00279813,0.00106405,0.000314132,0.000167053,0.000116211,6.71843e-05,6.35527e-05,4.17632e-05,4.3579e-05,4.72106e-05,4.3579e-05,
3.23441e-05,4.27404e-05,5.66022e-05,7.855e-05,0.000155945,0.000378888,0.00128568,0.0304809,0.930958,0.0330407,0.00233109,0.000598366,0.000246046,9.70323e-05,5.5447e-05,3.58095e-05,3.81198e-05,2.88787e-05,2.19478e-05,3.69647e-05,
3.57341e-05,2.68005e-05,3.87119e-05,5.85642e-05,7.24607e-05,0.000157825,0.000387119,0.00156634,0.0340407,0.922753,0.0381481,0.00187008,0.000412927,0.000177678,7.24607e-05,5.85642e-05,4.26824e-05,3.67267e-05,1.68744e-05,2.68005e-05,
2.49263e-05,2.10952e-05,1.84901e-05,1.85339e-05,2.09117e-05,3.18458e-05,5.94698e-05,0.00017105,0.000960967,0.0594734,0.93208,0.0062179,0.000593047,0.000118542,4.89011e-05,2.93754e-05,2.66827e-05,2.82185e-05,2.88769e-05,2.76072e-05,
4.69395e-05,6.25859e-05,7.62766e-05,3.91162e-05,9.19231e-05,0.000109525,0.000197537,0.000357913,0.000958347,0.00374538,0.0464661,0.923581,0.0215198,0.00158421,0.000535892,0.000273813,0.000111481,9.19231e-05,7.82324e-05,7.2365e-05,
8.61166e-05,3.88914e-05,8.33387e-05,6.3893e-05,8.05607e-05,9.44505e-05,0.000163899,0.000227792,0.000519478,0.00111674,0.00355856,0.0304992,0.932348,0.0278462,0.00198346,0.000633374,0.000288907,0.00015001,0.000116674,0.000100006,
7.20729e-05,6.09847e-05,5.43319e-05,5.65495e-05,7.42905e-05,7.87258e-05,7.98346e-05,0.000147472,0.000228416,0.00039252,0.00140376,0.00141263,0.0179428,0.958502,0.0176689,0.000912553,0.000400282,0.00020513,0.000188498,0.000118643,
