0.931041,0.0236448,0.00298702,0.00136481,0.000550714,0.000413035,0.000323245,0.000323245,0.000263385,0.000167608,0.000658462,0.000179581,0.000257399,0.000263385,0.000203525,0.000460923,0.000628532,0.00123911,0.00250216,0.032528,
0.0272254,0.949713,0.0147097,0.00153078,0.000777815,0.000439551,0.000336352,0.000236975,0.000215953,0.000206398,0.0012403,0.000164354,0.000131865,0.00010511,0.000164354,0.000181554,0.000223598,0.000401329,0.000621105,0.00137408,
0.00175812,0.0252265,0.947295,0.0180296,0.00230974,0.000880671,0.000548403,0.000406463,0.000203232,0.000154843,0.000764538,0.000183876,0.000135488,0.000132262,0.000132262,0.000203232,0.000174199,0.00025162,0.000438722,0.00077099,
0.00135084,0.00314561,0.0406325,0.927303,0.0181306,0.00267358,0.0013413,0.000865559,0.000612043,0.00039088,0.00104747,0.000224876,0.000164414,0.000164944,0.000164944,0.000185628,0.000225406,0.000305491,0.00040414,0.000667202,
0.000374137,0.000723331,0.0022662,0.0294392,0.934996,0.0254698,0.00290401,0.00109034,0.000616435,0.000345631,0.000509539,0.000156781,0.000138965,0.000114023,8.19538e-05,0.000117586,0.000128275,0.000121149,0.000185287,0.000220919,
0.00030593,0.000505086,0.00103728,0.00356137,0.0854719,0.887459,0.0153601,0.00272023,0.00117251,0.000596798,0.000591108,0.000220912,0.000148279,0.000118489,0.000102423,0.000102758,9.23815e-05,0.00011213,0.000146271,0.000174721,
0.000238584,0.000306876,0.000568224,0.00145558,0.00526636,0.0766813,0.886485,0.0200713,0.0042932,0.00194326,0.00107647,0.000437331,0.000232893,0.00017073,0.000126515,0.000108567,0.000109004,0.000111193,0.000135708,0.000181674,
6.89882e-05,6.89882e-05,0.000127083,0.000237828,0.000506518,0.00145057,0.0320014,0.928243,0.0324535,0.0029792,0.000929525,0.000368542,0.000183363,8.89584e-05,7.80656e-05,5.44644e-05,3.26786e-05,2.90477e-05,5.44644e-05,4.35715e-05,
4.46813e-05,4.35356e-05,6.53035e-05,8.47799e-05,0.000160394,0.00038151,0.00127055,0.037868,0.929374,0.0272968,0.00228677,0.000539613,0.000222261,0.000122587,5.49924e-05,5.49924e-05,3.66616e-05,2.97875e-05,3.55159e-05,2.74962e-05,
8.74795e-05,0.000109794,0.000127369,0.000188585,0.000355447,0.000663502,0.00189473,0.00849894,0.0708211,0.893842,0.0195516,0.00205508,0.000767964,0.000357225,0.000213861,0.000130528,9.95253e-05,8.25428e-05,7.89883e-05,7.32617e-05,
0.000112382,0.000116743,0.000121398,0.000125315,0.000154064,0.000230554,0.000407749,0.00121985,0.00688599,0.0594311,0.923738,0.00553856,0.000811483,0.000322415,0.00018966,0.000134923,0.000120561,0.000112185,0.000108786,0.000117999,
5.7157e-05,4.57256e-05,4.38204e-05,8.1925e-05,6.47779e-05,0.000114314,0.000177187,0.000396289,0.00100025,0.00349991,0.057479,0.916212,0.0180426,0.0017471,0.000468687,0.000224818,0.000131461,8.9546e-05,6.28727e-05,6.09675e-05,
0.000270925,0.000210471,0.000167304,0.000145747,0.000166419,0.000227446,0.000385169,0.000858546,0.00227706,0.00807131,0.0208667,0.0730732,0.872969,0.0159118,0.00199859,0.000863597,0.000485822,0.000383607,0.000346793,0.000320757,
0.000270411,0.000226681,0.000178497,0.000159264,0.000155957,0.000194356,0.000283031,0.000501614,0.00108178,0.00278334,0.00570286,0.00761976,0.0430353,0.919327,0.0150909,0.00138215,0.000753197,0.000506675,0.000404166,0.000342552,
0.000290914,0.000232747,0.000189043,0.000161367,0.000156989,0.000177629,0.000228916,0.00033837,0.00061271,0.00128437,0.00295558,0.00253176,0.00341943,0.0337516,0.935805,0.0150528,0.00125138,0.000722946,0.000469246,0.000366828,
0.000385767,0.000287341,0.000224575,0.000185927,0.000179537,0.000190461,0.000255494,0.000348148,0.00053593,0.00090665,0.00229337,0.00137023,0.00176373,0.00258432,0.0340937,0.935525,0.0161316,0.00147154,0.000750508,0.000516348,
0.000606658,0.000427266,0.000327889,0.000281902,0.000259549,0.000302688,0.000387116,0.000471545,0.000697778,0.0011071,0.00265315,0.00124222,0.001264,0.00163959,0.00292124,0.0236152,0.938596,0.0202069,0.00204037,0.000951632,
0.0008048,0.000522624,0.000368432,0.000292863,0.000230524,0.000225435,0.000255714,0.000308638,0.000373775,0.000488528,0.00184903,0.000588524,0.000679869,0.000817776,0.00135414,0.00275739,0.023556,0.945667,0.0172364,0.00162258,
0.00198714,0.00108775,0.000598027,0.000362583,0.00024957,0.000216608,0.000244861,0.000230735,0.00029195,0.000244861,0.00107833,0.000197773,0.000404963,0.000395545,0.000579191,0.00115838,0.00240623,0.0246557,0.943437,0.0201728,
0.0273255,0.0031191,0.00128026,0.000701921,0.000474538,0.000533855,0.000514083,0.000499254,0.000578343,0.00102817,0.00191298,0.000810669,0.000731579,0.000726636,0.000608002,0.000810669,0.00124072,0.00359858,0.0317199,0.921785,


0.930854,0.023986,0.00299225,0.00131323,0.000803531,0.000383776,0.000353793,0.000287832,0.00022187,0.000227867,0.000743566,0.000233863,0.000209877,0.00023986,0.00023986,0.000515699,0.000635629,0.0011993,0.00268043,0.0318774,
0.0271528,0.946056,0.0149901,0.0015393,0.000920767,0.000629333,0.000524784,0.000414732,0.000412694,0.000503181,0.00163305,0.000281447,0.000246801,0.000212767,0.000218269,0.000254953,0.000355223,0.000528452,0.000887751,0.00223752,
0.00216751,0.0271329,0.943563,0.0184369,0.00239533,0.00110328,0.000536996,0.000449124,0.000322197,0.000208289,0.00104796,0.000133435,0.000156217,0.000113908,0.000205035,0.000169235,0.000198526,0.000286398,0.000556523,0.000816884,
0.00104876,0.00218278,0.0288792,0.934956,0.0247354,0.00313349,0.00118518,0.00066933,0.000392219,0.000319744,0.000750331,0.00018332,0.000115108,0.000106581,0.000123634,0.000102318,0.000162003,0.000200373,0.000264321,0.000490273,
0.000244243,0.000365321,0.000757781,0.01693,0.963108,0.0143122,0.00116172,0.000560507,0.000320439,0.000230674,0.00122852,0.000121078,7.61956e-05,5.32325e-05,6.36703e-05,7.51518e-05,8.66333e-05,7.82831e-05,9.2896e-05,0.000133603,
0.000222,0.000346059,0.000718236,0.00209268,0.0359151,0.93036,0.0237312,0.00308515,0.00126344,0.00061703,0.000610501,0.000199147,0.000143647,8.16177e-05,8.48824e-05,0.000107735,8.48824e-05,7.8353e-05,0.000111,0.000146912,
0.000134353,0.000201529,0.000302294,0.000589085,0.00178017,0.0278627,0.935637,0.027656,0.00303585,0.00110324,0.000666596,0.000307461,0.000214448,0.000105932,6.45926e-05,6.20089e-05,6.20089e-05,5.42578e-05,6.976e-05,9.04297e-05,
5.98396e-05,6.52796e-05,0.000132373,0.000262932,0.000505917,0.00152138,0.0315863,0.928571,0.0326235,0.00286142,0.000910288,0.000342718,0.000174079,9.24794e-05,7.61595e-05,6.52796e-05,3.44531e-05,2.71998e-05,4.17064e-05,4.53331e-05,
3.11625e-05,5.07833e-05,7.38667e-05,7.6175e-05,0.0001662,0.000388954,0.00133422,0.0366713,0.929814,0.0279943,0.00228179,0.000572467,0.000205442,0.000103875,7.38667e-05,4.61667e-05,3.69333e-05,2.42375e-05,2.53917e-05,2.88542e-05,
3.75938e-05,1.38503e-05,4.35296e-05,6.92517e-05,8.70592e-05,0.000171151,0.000409574,0.00155025,0.0412552,0.921371,0.0323039,0.0018134,0.000435296,0.000166204,8.60699e-05,5.54013e-05,4.74869e-05,2.96793e-05,2.96793e-05,2.47327e-05,
5.50612e-05,5.89027e-05,6.78662e-05,7.61894e-05,8.77139e-05,0.000117805,0.000167104,0.000350215,0.00132467,0.0367252,0.947698,0.011696,0.000815675,0.000249696,0.000142135,0.000101159,8.06711e-05,6.85064e-05,5.05795e-05,6.72259e-05,
0.000206285,0.000165836,0.000133353,0.000126339,0.000149134,0.000245248,0.000532846,0.00134268,0.00502696,0.0320117,0.134816,0.801516,0.0185625,0.00289608,0.000862201,0.000382642,0.000257671,0.000251727,0.000265665,0.000249141,
5.22156e-05,4.67192e-05,6.59565e-05,7.96975e-05,6.87047e-05,0.000137409,0.00016764,0.000274819,0.000563379,0.00115424,0.00353967,0.0358968,0.930831,0.0237828,0.00194022,0.000709033,0.000263826,0.000184129,0.000142906,9.89348e-05,
0.000138008,0.000100982,6.7321e-05,0.000104348,7.74192e-05,0.000100982,0.000114446,0.000228891,0.000299579,0.000488077,0.00158541,0.00333912,0.0400661,0.923984,0.0257772,0.00201626,0.000733799,0.000326507,0.000218793,0.000232258,
0.000146216,8.84095e-05,8.16088e-05,9.52102e-05,8.50091e-05,8.16088e-05,9.86106e-05,0.000153016,0.000173419,0.000329835,0.000894296,0.000986106,0.00268629,0.0338948,0.930401,0.0265841,0.00191781,0.000686874,0.000411444,0.000204022,
0.000269091,0.000192613,9.34738e-05,7.64786e-05,8.21437e-05,8.21437e-05,7.93111e-05,0.000121799,0.000138794,0.000206775,0.000756288,0.000473034,0.000906413,0.00229436,0.0339253,0.940188,0.0177657,0.00151541,0.000518355,0.000314412,
0.000378939,0.000206437,0.000180986,0.000144223,8.20092e-05,0.000101804,8.48371e-05,0.00010746,0.00017533,0.000152707,0.000921896,0.000305413,0.000449636,0.000786157,0.00228212,0.0238053,0.94994,0.0177875,0.0014903,0.000616483,
0.000721553,0.000412696,0.000308856,0.000215667,0.000186379,0.000258268,0.00025028,0.000263593,0.000383408,0.000471272,0.00144843,0.000508548,0.000540499,0.00059375,0.000939882,0.00212206,0.0234092,0.946682,0.0184036,0.00187976,
0.00192112,0.000879853,0.000546564,0.000404281,0.00035511,0.000380966,0.000469145,0.00056689,0.000775383,0.00121329,0.0029307,0.0010743,0.000803331,0.000772991,0.000816782,0.0011278,0.00240476,0.0251427,0.937369,0.0200447,
0.0219205,0.00267842,0.00134009,0.000864594,0.00066358,0.000551906,0.000525457,0.000500183,0.000562486,0.000704723,0.00168217,0.000593637,0.000579531,0.000574241,0.000729997,0.00103328,0.00186437,0.00393387,0.0376789,0.921018,


0.930495,0.0244406,0.00310671,0.00115193,0.000721408,0.000511967,0.000314162,0.000174534,0.000250166,0.000255984,0.000680684,0.000180352,0.000168716,0.000197806,0.000285073,0.000389793,0.000634141,0.00124501,0.00286236,0.031934,
0.0273192,0.937672,0.0212755,0.00238419,0.00103032,0.000565421,0.000458619,0.000433489,0.000490031,0.000757036,0.00172767,0.00048689,0.000354959,0.000329829,0.000323546,0.000342394,0.000376947,0.000577986,0.000917238,0.00217687,
0.00185141,0.025198,0.946796,0.0181152,0.00234166,0.00098356,0.0005877,0.00040195,0.000249696,0.000152254,0.0012089,0.000112668,9.74424e-05,9.43974e-05,0.000112668,0.000170524,0.00019184,0.000261877,0.000362364,0.000709503,
0.000890838,0.0021757,0.0295947,0.934172,0.0249649,0.00319503,0.00131484,0.000543925,0.000441136,0.000321216,0.000753786,0.000137052,0.000149901,0.000128486,7.70918e-05,0.000119921,0.000137052,0.000167032,0.000269821,0.000445419,
0.000543966,0.00101096,0.00277215,0.0560406,0.91574,0.0168604,0.00238126,0.00119647,0.000649473,0.000448405,0.000738117,0.000220959,0.000171233,0.000118912,0.00012583,0.00013664,0.000136208,0.000152207,0.000241715,0.000314791,
0.000193069,0.000323962,0.00075264,0.00196341,0.0356293,0.931071,0.0237507,0.00304983,0.00111587,0.000611929,0.000539937,0.000183251,0.000150528,0.000114532,6.21746e-05,8.18087e-05,6.5447e-05,0.000101443,7.85363e-05,0.000160345,
0.000106718,0.000152801,0.00029105,0.000596653,0.00180451,0.0288188,0.935518,0.0271235,0.00295901,0.00104536,0.000645161,0.000235266,0.000157652,0.000121271,5.821e-05,7.5188e-05,5.821e-05,7.5188e-05,7.76134e-05,8.00388e-05,
6.17089e-05,7.05245e-05,0.000153391,0.000216863,0.000520118,0.00156741,0.0310449,0.927748,0.0339011,0.00278924,0.000978527,0.000347333,0.000178074,0.00010755,6.17089e-05,6.52351e-05,5.99458e-05,3.70253e-05,3.70253e-05,5.46565e-05,
3.69581e-05,3.46482e-05,6.12118e-05,8.66205e-05,0.000166311,0.000400764,0.0013097,0.0359048,0.929906,0.0286437,0.00237571,0.000552061,0.00019172,0.000123579,4.96624e-05,4.27328e-05,3.8113e-05,2.07889e-05,1.8479e-05,3.69581e-05,
3.16806e-05,2.87106e-05,4.05908e-05,6.73213e-05,8.71217e-05,0.000154443,0.000385118,0.00155532,0.0401641,0.921928,0.0329538,0.00174441,0.000440559,0.000147513,7.92016e-05,6.03912e-05,3.76207e-05,3.26706e-05,2.27705e-05,3.86108e-05,
4.55357e-05,5.64386e-05,5.83626e-05,7.05482e-05,9.29954e-05,0.000119291,0.000182784,0.000386733,0.00132695,0.0360309,0.948177,0.0118976,0.00079014,0.000282834,0.000141738,9.55608e-05,6.73415e-05,6.92655e-05,5.64386e-05,5.13078e-05,
5.47425e-05,4.53041e-05,3.77534e-05,6.41809e-05,8.68329e-05,0.000124586,0.000154789,0.000336006,0.000945724,0.0037055,0.0547859,0.917933,0.0188956,0.00171023,0.000507784,0.000228408,0.000147238,9.8159e-05,8.11699e-05,5.66302e-05,
6.85377e-05,5.75716e-05,6.57962e-05,8.49867e-05,7.12792e-05,0.000142558,0.000134334,0.000271409,0.000520886,0.00115692,0.00370377,0.0350968,0.930451,0.0248929,0.00193824,0.000638771,0.000315273,0.000178198,0.000120626,9.04697e-05,
0.00012375,0.000120406,0.000113717,8.69597e-05,0.000100338,9.03043e-05,0.000137129,0.00025419,0.000381285,0.000796016,0.00167565,0.0033814,0.03857,0.924967,0.0256063,0.00207365,0.000712401,0.000371251,0.000274258,0.000163886,
0.000109696,9.94118e-05,9.59838e-05,7.88438e-05,8.22718e-05,9.59838e-05,0.000116552,0.000133692,0.000253671,0.000329087,0.000826146,0.00110724,0.00280067,0.034064,0.929329,0.0274925,0.00180312,0.000620466,0.000346227,0.000215963,
0.000180427,0.000146597,0.000121224,8.45752e-05,0.000121224,8.73943e-05,7.61177e-05,0.00010149,0.00016915,0.000236811,0.00104309,0.000541281,0.000842933,0.00235683,0.0340302,0.939123,0.0182936,0.00152235,0.000625856,0.000296013,
0.000365991,0.000299183,0.000168472,0.000104569,0.000101664,0.000127806,0.000101664,9.295e-05,0.000124902,0.000153948,0.0011764,0.000348563,0.000450227,0.00083655,0.0021088,0.0233711,0.950304,0.0176053,0.00155982,0.000598366,
0.000780139,0.000487587,0.000306823,0.00017125,0.000161736,0.000147465,0.000235469,0.000237847,0.000290174,0.000413854,0.00154601,0.000492344,0.000444774,0.000639809,0.000861007,0.00222625,0.023447,0.946242,0.0189517,0.00191705,
0.00223201,0.00104705,0.000526079,0.00035753,0.000234948,0.000219625,0.000199195,0.000178765,0.000163442,0.000143012,0.00109302,0.000291131,0.000367745,0.000372852,0.000648661,0.00115942,0.00280916,0.0251343,0.940241,0.0225805,
0.0274837,0.00342528,0.00116891,0.000675475,0.00047427,0.000402411,0.000498223,0.000464688,0.000843146,0.0010683,0.00211266,0.00079524,0.000742543,0.000694637,0.000579663,0.000838356,0.0014803,0.003569,0.0310048,0.921678,


0.931314,0.0242,0.00345801,0.00134478,0.00055232,0.000456265,0.000282164,0.000228132,0.000204118,0.000216125,0.000732425,0.000162094,0.000156091,0.000144084,0.000216125,0.000282164,0.000636369,0.00133277,0.00274959,0.0313322,
0.027129,0.952435,0.0133501,0.00111475,0.000643291,0.000478563,0.000316675,0.000186029,0.000136327,0.000160468,0.00126954,9.79848e-05,9.94048e-05,0.000124966,0.000137747,0.000149107,0.00021443,0.000373478,0.000479983,0.00110339,
0.00181937,0.0246411,0.951859,0.0140654,0.00146843,0.000840955,0.000554224,0.000399152,0.000273983,0.000248717,0.00138985,0.000167357,0.000125865,0.000130965,0.000151826,0.000153912,0.000210239,0.000292526,0.000450843,0.000756582,
0.00104634,0.00218023,0.0284612,0.935101,0.0249545,0.00315214,0.00125648,0.000647941,0.000402774,0.000328348,0.000748634,0.000153229,0.000131339,0.000100693,0.000113827,0.000170741,0.000161985,0.000170741,0.000275813,0.000442176,
0.000364046,0.000681695,0.00199155,0.0279281,0.934789,0.0273392,0.0030587,0.00114924,0.000670988,0.000331925,0.000571053,0.000153471,0.000114211,0.00011778,6.78126e-05,7.85198e-05,8.5658e-05,0.000107072,0.000203438,0.0001963,
0.000150216,0.000323291,0.000747814,0.00200506,0.0342231,0.931756,0.0243774,0.00289655,0.00130622,0.000578004,0.000548614,0.000225324,0.000140419,0.000107764,0.000114295,9.79669e-05,9.47013e-05,9.47013e-05,0.000114295,9.79669e-05,
0.000144678,0.000147261,0.000297106,0.000612297,0.00185239,0.0269437,0.935363,0.0289252,0.00303565,0.0010825,0.000630382,0.00025577,0.00013176,0.000134344,5.68377e-05,8.2673e-05,6.45883e-05,4.90871e-05,8.52566e-05,0.000105925,
6.35265e-05,6.69604e-05,0.000139072,0.000272992,0.000503061,0.00157099,0.0308481,0.927805,0.0339712,0.00279517,0.00105763,0.000312482,0.000154524,0.000118468,8.06958e-05,5.1508e-05,3.43387e-05,4.63572e-05,5.1508e-05,5.66588e-05,
4.26438e-05,4.14913e-05,4.37964e-05,8.98978e-05,0.000162508,0.000397625,0.00127125,0.0349414,0.930473,0.0291211,0.00228778,0.000569353,0.000223592,9.45079e-05,5.76268e-05,4.26438e-05,2.76609e-05,4.03388e-05,2.88134e-05,4.26438e-05,
3.76085e-05,4.75055e-05,2.96909e-05,6.53201e-05,8.90728e-05,0.000180125,0.00036124,0.00162409,0.0390159,0.922471,0.0335161,0.00174286,0.000364209,0.000169238,8.41244e-05,5.74025e-05,3.76085e-05,3.76085e-05,3.46394e-05,3.46394e-05,
7.48836e-05,6.01629e-05,7.04034e-05,7.23235e-05,8.00038e-05,0.000123526,0.000179849,0.000377618,0.00132422,0.0348183,0.948936,0.012288,0.000810279,0.000264973,0.000131206,8.96043e-05,8.57641e-05,8.76842e-05,6.2083e-05,6.2723e-05,
5.37518e-05,4.03138e-05,5.75912e-05,5.18321e-05,6.91094e-05,0.000109423,0.000182372,0.000378182,0.000996328,0.00366856,0.0533083,0.919182,0.0190416,0.00170278,0.000501043,0.000238044,0.000180452,0.000103664,8.25474e-05,5.18321e-05,
7.13112e-05,8.50249e-05,6.03403e-05,7.13112e-05,8.77677e-05,0.000101481,0.000164564,0.000282502,0.000565004,0.00118761,0.00345037,0.0342541,0.930905,0.0253621,0.00207351,0.000622602,0.000287988,0.000181021,9.05104e-05,9.59959e-05,
0.000111097,7.74309e-05,0.00011783,0.00011783,6.05981e-05,0.000121196,0.000185161,0.00020536,0.000279425,0.000488151,0.00138366,0.00330596,0.0388669,0.924589,0.0266362,0.00203004,0.000730544,0.00031309,0.000245759,0.000134662,
0.000172039,6.53748e-05,8.25787e-05,5.16117e-05,6.88155e-05,6.53748e-05,8.25787e-05,0.00017548,0.00022021,0.000295907,0.0007088,0.000966858,0.00258746,0.0326805,0.93031,0.0284277,0.00178232,0.000657188,0.000419775,0.00017892,
0.000142277,0.00016044,8.17335e-05,7.87063e-05,7.2652e-05,0.000121087,7.2652e-05,0.000115032,0.00018163,0.000257309,0.000735601,0.000408667,0.000920258,0.00243687,0.0335561,0.938978,0.0191196,0.0016377,0.000575161,0.000348124,
0.000386382,0.000282356,0.000196163,9.80815e-05,9.80815e-05,8.32206e-05,7.43041e-05,0.000104026,0.000127803,0.000196163,0.00116509,0.000371521,0.000517157,0.000808429,0.00200027,0.0244015,0.948445,0.018582,0.00137908,0.000683598,
0.000936578,0.000496843,0.000345506,0.000282687,0.00020559,0.000245566,0.000245566,0.000299819,0.000365494,0.000656747,0.00175037,0.000639614,0.000599639,0.000651036,0.00114502,0.00239284,0.0234544,0.944413,0.0190171,0.00185602,
0.00216972,0.000999215,0.000485333,0.000271215,0.000185568,0.000256941,0.000142745,0.000137987,0.000190327,0.000176052,0.00109914,0.000204601,0.000299764,0.000442509,0.000680418,0.00106583,0.00285014,0.0245521,0.942912,0.0208788,
0.0137759,0.00089434,0.00046256,0.000298398,0.000259923,0.000182117,0.000141932,0.000168437,0.000164162,0.000241113,0.00165102,0.000204347,0.000201782,0.000197507,0.000320628,0.000326614,0.000466835,0.000955045,0.015096,0.963991,


0.915499,0.0194227,0.00254529,0.00127127,0.000838462,0.000647634,0.000507956,0.000488283,0.000524875,0.000625207,0.00129212,0.000401328,0.000360409,0.000350179,0.000420215,0.000567368,0.00083256,0.00135704,0.00363045,0.0484179,
0.0271814,0.941798,0.0187739,0.00199365,0.000939933,0.000492228,0.00046502,0.000418023,0.000427917,0.000578801,0.0017364,0.000341344,0.00028198,0.000316609,0.000215195,0.000269612,0.00038092,0.000509543,0.000858308,0.00202086,
0.00134826,0.0249438,0.951172,0.0160765,0.00169654,0.00068588,0.00044016,0.000269224,0.000241447,0.000130339,0.00110681,0.000106835,6.62376e-05,7.26477e-05,0.000106835,0.000115382,0.000183756,0.000277771,0.000326915,0.000632462,
0.000828337,0.00218566,0.0271629,0.936423,0.0248993,0.00307961,0.00141473,0.000627404,0.000418269,0.00024194,0.000840639,0.000164027,0.000168128,0.000172229,0.000139423,0.000102517,0.000192732,0.000192732,0.000262444,0.00048388,
0.000375114,0.000860976,0.00194345,0.0273976,0.935373,0.0274226,0.00294018,0.00111105,0.000607327,0.000357251,0.000525159,0.000175053,0.000121465,0.000110748,7.85953e-05,0.000110748,6.07327e-05,0.00010003,0.000146473,0.000182198,
0.000216104,0.00035035,0.000635214,0.00207918,0.0332341,0.932527,0.024292,0.00317279,0.00122786,0.000540259,0.000658134,0.000206281,0.000166989,9.82289e-05,0.000111326,8.51317e-05,5.89374e-05,0.000111326,0.000121149,0.000108052,
9.82948e-05,0.000170723,0.000346619,0.000605289,0.00186243,0.0259964,0.935467,0.0297626,0.00299799,0.00104762,0.000672544,0.000250911,0.000155202,0.000118988,5.43208e-05,7.76012e-05,5.17341e-05,8.01879e-05,0.000100882,8.27746e-05,
8.02459e-05,8.73789e-05,0.000114128,0.00026927,0.000501091,0.00148366,0.0298782,0.927581,0.0353047,0.00282822,0.000945119,0.000345949,0.000205073,9.45119e-05,5.8847e-05,3.03151e-05,4.63643e-05,5.70638e-05,4.10146e-05,4.81476e-05,
3.69459e-05,3.46368e-05,5.42642e-05,9.81375e-05,0.000170875,0.000368304,0.00130696,0.0340583,0.930415,0.0299492,0.00236454,0.000565734,0.000198584,0.000117765,6.11916e-05,5.08006e-05,5.19551e-05,2.19366e-05,3.81004e-05,3.69459e-05,
2.17811e-05,3.56417e-05,4.55422e-05,6.83133e-05,8.3164e-05,0.000181179,0.000399979,0.0015524,0.0380297,0.922391,0.0344903,0.00185733,0.000374238,0.000189099,8.2174e-05,5.74228e-05,3.96019e-05,3.56417e-05,2.47512e-05,4.0592e-05,
5.38375e-05,5.76831e-05,6.02468e-05,7.05015e-05,8.39609e-05,0.000127544,0.000183304,0.00034738,0.00133632,0.0338164,0.949936,0.0123756,0.000769748,0.000287133,0.000123698,0.000108316,7.62698e-05,7.62698e-05,5.31966e-05,5.64012e-05,
3.4782e-05,3.67143e-05,6.3767e-05,7.72933e-05,5.99023e-05,0.000112075,0.000170045,0.000384534,0.000968099,0.00357675,0.0527894,0.919572,0.0193755,0.00170239,0.000502407,0.000193233,0.00014879,9.46843e-05,8.1158e-05,5.60377e-05,
7.66051e-05,7.38692e-05,8.20769e-05,5.74538e-05,7.9341e-05,0.0001067,0.000169626,0.000254438,0.000486989,0.00123936,0.00367431,0.033999,0.930787,0.0256572,0.00183305,0.000692182,0.000361138,0.000164154,0.000117644,8.75487e-05,
0.000127849,9.42047e-05,9.75692e-05,7.4018e-05,8.41114e-05,0.000127849,0.000134578,0.000191774,0.000326352,0.000582051,0.00143326,0.00317268,0.0371301,0.925292,0.027639,0.00209606,0.000686349,0.000373454,0.000198503,0.000137943,
0.000151356,6.53584e-05,6.19184e-05,6.19184e-05,7.22382e-05,8.25579e-05,0.000110077,0.000175436,0.000233914,0.000261433,0.000818699,0.00105261,0.00265561,0.0328615,0.929103,0.0289469,0.00197795,0.000705182,0.000337112,0.000264873,
0.000225672,0.000123656,7.72848e-05,8.34676e-05,9.89245e-05,8.65589e-05,9.27417e-05,0.000108199,0.000163844,0.000259677,0.000618278,0.000503897,0.000992336,0.00246693,0.033996,0.937814,0.0195407,0.00169717,0.000643009,0.000408064,
0.000342547,0.000264251,0.000176167,9.78707e-05,0.000120707,0.000127232,9.78707e-05,9.78707e-05,0.000146806,0.000137019,0.00102438,0.000384958,0.000486091,0.00101459,0.00227386,0.0235738,0.947437,0.0197372,0.00171274,0.000747079,
0.000910953,0.000486045,0.000284291,0.000293461,0.000207868,0.000220096,0.000210925,0.000247608,0.000431021,0.000675572,0.0017302,0.000544126,0.000571638,0.000693914,0.000950692,0.00247608,0.0235289,0.941158,0.0222664,0.00211231,
0.00236755,0.001072,0.000548702,0.000416607,0.000228626,0.000187981,0.000137176,0.000111773,0.000182901,0.000162578,0.00101612,0.000294674,0.000375963,0.000462333,0.000640153,0.00117361,0.00271303,0.0249609,0.941436,0.0215112,
0.0265649,0.0032386,0.00132887,0.000739654,0.000509818,0.00046803,0.000551607,0.000559964,0.000572501,0.00089845,0.00206017,0.000869198,0.000656077,0.000559964,0.00064772,0.000773085,0.00132469,0.00340993,0.0372167,0.91705,


0.931854,0.0252836,0.00288269,0.00138129,0.00073869,0.000474443,0.000264247,0.000210196,0.000210196,0.000192179,0.000756707,0.000180168,0.000192179,0.000186174,0.000276258,0.000408381,0.000570533,0.00120112,0.00266649,0.0300701,
0.0271666,0.943308,0.0181276,0.00179472,0.000886089,0.000577198,0.000410352,0.000412606,0.000428389,0.00059749,0.00170454,0.000367513,0.000236741,0.000238996,0.000259288,0.000207431,0.000302127,0.000484756,0.000662876,0.00182629,
0.00215715,0.0251195,0.942472,0.0214693,0.00266009,0.00121806,0.000632606,0.000365418,0.00030255,0.000239683,0.000884076,0.000192532,0.000137523,0.000125735,0.000121806,0.000196461,0.000200391,0.000259329,0.00040471,0.000840855,
0.00105102,0.00255087,0.0374701,0.925662,0.0252955,0.00293986,0.0011333,0.000721873,0.000448833,0.000261819,0.00054234,0.000153351,0.00013091,0.00013465,0.000127169,0.000153351,0.000149611,0.000239378,0.000336625,0.000497457,
0.000374695,0.000710136,0.00204833,0.0271993,0.934632,0.0282556,0.00306893,0.00123828,0.000570964,0.000296187,0.000574532,0.000142741,0.000114193,9.27816e-05,6.78019e-05,8.56445e-05,7.13705e-05,0.000139172,0.000107056,0.000210543,
0.00021478,0.000400272,0.0006899,0.00201112,0.0326531,0.93253,0.0250609,0.00301668,0.00121058,0.000615052,0.000592272,0.000192,0.000143187,0.000152949,9.43731e-05,8.46104e-05,8.13561e-05,6.18306e-05,8.78646e-05,0.00010739,
9.57629e-05,0.000186349,0.000279524,0.000605636,0.00163832,0.0261743,0.934886,0.0304526,0.00298159,0.00109221,0.000709163,0.000232937,0.000173408,9.05865e-05,6.9881e-05,5.43519e-05,3.88228e-05,7.24692e-05,8.02338e-05,8.54101e-05,
3.98502e-05,7.97005e-05,0.000148533,0.000253592,0.00056696,0.00153423,0.0285527,0.927683,0.0362148,0.00293262,0.00105784,0.000327859,0.000181137,0.000124985,6.52095e-05,5.97754e-05,2.35479e-05,3.26047e-05,5.7964e-05,6.33981e-05,
3.00436e-05,3.69768e-05,4.50654e-05,0.000107464,0.000205683,0.000409056,0.00135774,0.0333172,0.930214,0.0307809,0.00237576,0.000582384,0.00021955,0.000106308,6.58649e-05,4.15989e-05,3.92878e-05,2.88881e-05,1.84884e-05,1.73329e-05,
3.55973e-05,3.06532e-05,4.44966e-05,6.3284e-05,9.29484e-05,0.000156232,0.000402447,0.00156925,0.0368095,0.922856,0.0352541,0.00184414,0.000397503,0.000178975,8.20714e-05,5.14183e-05,4.7463e-05,3.1642e-05,3.1642e-05,2.07651e-05,
5.96097e-05,5.44819e-05,6.79422e-05,7.1788e-05,7.81976e-05,0.000114733,0.000188443,0.000335865,0.00132039,0.0326956,0.950734,0.0126392,0.00086466,0.000273051,0.000139089,8.8453e-05,8.26844e-05,7.37109e-05,5.89687e-05,5.89687e-05,
5.223e-05,6.38367e-05,5.41645e-05,5.60989e-05,7.54434e-05,0.000110263,0.000197313,0.000429447,0.000953682,0.0036561,0.0510017,0.920699,0.0198822,0.00160559,0.000537776,0.00022633,0.00015669,0.000106395,6.57711e-05,6.964e-05,
7.13187e-05,7.40617e-05,7.13187e-05,8.22908e-05,7.68047e-05,0.000134408,0.000170068,0.000288018,0.000501974,0.00123162,0.00363177,0.0326585,0.931098,0.0266732,0.00188172,0.000636382,0.000309962,0.000167325,0.000123436,0.00011795,
0.000130552,7.36446e-05,0.000130552,8.36871e-05,6.02547e-05,0.000120509,0.000130552,0.000190806,0.00037157,0.000639369,0.00167039,0.00367888,0.0370231,0.924176,0.0279414,0.00211896,0.000739794,0.000368223,0.000227629,0.000123857,
0.000102179,7.24857e-05,5.50192e-05,2.88196e-05,5.85125e-05,7.16123e-05,7.59789e-05,7.16123e-05,0.000127505,0.000213964,0.0012375,0.000495173,0.00101131,0.0162516,0.962521,0.0162639,0.000642764,0.000331862,0.000227937,0.000138858,
0.000197619,0.000116062,0.000119199,7.21467e-05,8.15571e-05,8.78307e-05,0.000103515,0.000125472,0.000156841,0.000185072,0.000884581,0.000436017,0.000862623,0.00248749,0.0335733,0.938111,0.0198435,0.0016531,0.000611678,0.000291724,
0.000391815,0.000276575,0.000197554,0.000144873,0.00011524,9.21917e-05,7.90215e-05,9.54843e-05,0.000111947,0.000158043,0.00114252,0.000322671,0.000418155,0.00095155,0.00241345,0.0236603,0.947256,0.0198607,0.00157714,0.000734241,
0.00089542,0.00040651,0.000310376,0.000252695,0.000195015,0.000189521,0.000244455,0.00039003,0.00042299,0.000546591,0.00175239,0.000607018,0.00049715,0.000736112,0.00111515,0.00254893,0.0233825,0.943528,0.0200426,0.00193641,
0.00230111,0.000997147,0.000577834,0.000342609,0.000219884,0.000189202,0.000199429,0.000163634,0.000102271,0.000255679,0.000951124,0.00021477,0.000317042,0.000480676,0.000731241,0.00112499,0.00280224,0.0248008,0.940872,0.0223565,
0.0272457,0.00285309,0.00137514,0.000561194,0.000462663,0.000419824,0.000428392,0.000419824,0.000586897,0.000783958,0.00182495,0.000552626,0.00045838,0.000561194,0.000505503,0.000749686,0.00121235,0.00286594,0.0281754,0.927957,


0.930914,0.0259319,0.00311926,0.00142766,0.000755822,0.000443895,0.000305928,0.000263938,0.000239943,0.000227946,0.000623853,0.000239943,0.000191955,0.000191955,0.000281933,0.000353916,0.000599858,0.00119972,0.00278934,0.0298969,
0.0269926,0.940826,0.0193176,0.00214351,0.00097692,0.000701512,0.000433898,0.000355952,0.000478067,0.000602781,0.00171221,0.000483264,0.000309185,0.000298792,0.000257221,0.000265016,0.000355952,0.00054562,0.000813234,0.00213052,
0.00146618,0.0247228,0.950089,0.0165274,0.00183619,0.000928467,0.000497949,0.000299115,0.000212666,0.000169441,0.00111693,0.000131403,0.000121029,0.000124487,0.000126216,0.000155609,0.000185002,0.000288741,0.00039248,0.000608604,
0.000800685,0.00218335,0.0278905,0.935908,0.0252994,0.00280981,0.00123068,0.000670944,0.000455946,0.00029655,0.000848874,0.000114913,0.000126034,0.000100086,0.000100086,0.000129741,0.000126034,0.00017793,0.000318791,0.000411463,
0.000342529,0.000784963,0.00207658,0.0261,0.935376,0.0287618,0.00284014,0.00109538,0.000692195,0.000317553,0.000492386,0.000192673,8.92003e-05,6.77923e-05,7.49283e-05,0.000103472,0.000110608,9.27684e-05,0.00012488,0.000264033,
0.000184474,0.000292613,0.000734714,0.00197514,0.0316722,0.933615,0.025117,0.00305654,0.0012277,0.000534338,0.000629755,0.000213099,0.000120862,9.8598e-05,8.58757e-05,5.08893e-05,7.95145e-05,8.58757e-05,8.58757e-05,0.000139946,
0.000107618,0.000174581,0.000306115,0.000624187,0.00172907,0.0263043,0.934731,0.030248,0.00304919,0.00106184,0.000657668,0.000289374,0.000155449,0.000102835,7.65287e-05,8.13117e-05,5.02219e-05,7.17456e-05,7.41371e-05,0.000105227,
8.92471e-05,0.000120679,0.000182395,0.000326016,0.0007929,0.00262763,0.0700982,0.9019,0.0179563,0.00324685,0.00136486,0.000459542,0.000238834,0.000146833,8.83294e-05,7.54815e-05,6.53867e-05,6.63044e-05,7.4105e-05,8.05289e-05,
3.85231e-05,4.86125e-05,4.6778e-05,9.99766e-05,0.000168768,0.000414582,0.00145929,0.0344818,0.931156,0.0286832,0.00223159,0.00056684,0.000237559,0.000124741,6.51224e-05,4.12747e-05,4.58608e-05,2.93509e-05,2.84337e-05,3.21026e-05,
3.26557e-05,2.77079e-05,4.05723e-05,5.34367e-05,0.000104894,0.000169216,0.000371088,0.00152393,0.0357848,0.922575,0.0366101,0.00182674,0.000466087,0.000150414,8.31237e-05,5.0468e-05,3.46349e-05,3.36453e-05,2.37496e-05,3.76036e-05,
5.18346e-05,5.18346e-05,5.37544e-05,7.29523e-05,9.47101e-05,0.000113908,0.000163183,0.000355163,0.00131058,0.0317995,0.95132,0.0130073,0.000837672,0.000259813,0.000140145,0.000103029,8.06315e-05,7.29523e-05,6.14336e-05,4.99148e-05,
4.83982e-05,4.64623e-05,7.16294e-05,6.38856e-05,5.4206e-05,0.000131643,0.000168426,0.000346531,0.000915694,0.00376732,0.0495985,0.92185,0.0201666,0.00163005,0.000545932,0.000230375,0.000137451,9.29246e-05,6.19497e-05,7.16294e-05,
9.89884e-05,8.24903e-05,4.94942e-05,6.04929e-05,6.04929e-05,0.000104488,0.000140234,0.000269468,0.000530688,0.00121261,0.00364057,0.0319678,0.931517,0.0270018,0.00191103,0.000588431,0.000357458,0.000195227,0.000126485,8.524e-05,
0.000124982,9.12033e-05,8.10696e-05,6.08022e-05,8.10696e-05,9.12033e-05,9.45812e-05,0.000226319,0.000344546,0.000618156,0.00154032,0.00321914,0.0360624,0.925098,0.0286885,0.00216523,0.000729626,0.000361435,0.000172273,0.000148628,
0.000110001,7.2188e-05,9.62507e-05,8.93756e-05,7.2188e-05,7.2188e-05,8.59381e-05,0.000110001,0.000230314,0.00033344,0.000756255,0.00105188,0.00272939,0.030924,0.929345,0.030704,0.00203501,0.000677192,0.000312815,0.000192501,
0.000231862,0.000114298,0.000124095,0.000104501,0.000101236,8.81731e-05,8.16417e-05,0.000130627,0.000160018,0.000241659,0.000724978,0.000545367,0.000914387,0.00272683,0.0342503,0.935905,0.0207435,0.00181898,0.000646602,0.000346161,
0.000477717,0.000255219,0.00014397,0.000111249,0.000127609,0.000130881,0.000124337,0.000140698,0.000124337,0.000153786,0.000932531,0.000415549,0.000539886,0.000968523,0.0023166,0.0236536,0.947026,0.0200641,0.00160984,0.000683856,
0.00099606,0.000590023,0.00038066,0.000228396,0.000168125,0.000171297,0.000244257,0.000355283,0.000393349,0.000669327,0.00177007,0.000596367,0.000609056,0.000720082,0.00102461,0.00254091,0.0238547,0.940804,0.0218372,0.00204605,
0.00220777,0.00115235,0.000646176,0.000441553,0.00026924,0.000188468,0.000247701,0.00013462,0.000177698,0.000220777,0.000958494,0.000280009,0.000420014,0.000414629,0.000608482,0.00121158,0.00279471,0.0248347,0.939098,0.0236931,
0.0273796,0.00278444,0.00118195,0.000818954,0.00039841,0.000402837,0.000451531,0.000482519,0.000606468,0.00103587,0.00209387,0.000695004,0.000571054,0.000526786,0.000575481,0.000756979,0.00126163,0.00312973,0.0279507,0.926896,


0.931942,0.0257456,0.00325113,0.00119148,0.000736443,0.000437076,0.000251468,0.000221532,0.000185608,0.000239494,0.00065262,0.000167646,0.000191595,0.000221532,0.000287392,0.000377203,0.000718481,0.00113161,0.00280806,0.0292422,
0.0268957,0.935792,0.0220738,0.00238679,0.00118212,0.000727954,0.000557239,0.000554018,0.000583008,0.00093088,0.00209367,0.00049604,0.000399409,0.000296335,0.000273788,0.000296335,0.000431619,0.000644207,0.000975974,0.00240934,
0.00186338,0.0250119,0.942239,0.0219529,0.00266696,0.00107144,0.000609479,0.000407613,0.00028727,0.000260096,0.00102486,0.000147517,9.70508e-05,0.000147517,0.000163045,0.000147517,0.000182456,0.000349383,0.000481372,0.000888986,
0.00084841,0.0020571,0.025216,0.938643,0.0254523,0.00290939,0.00103824,0.000689575,0.000309921,0.000321543,0.00080967,0.000151087,9.68504e-05,0.000131717,0.000123969,0.000127843,0.000123969,0.000213071,0.000329291,0.000406772,
0.00036376,0.000734256,0.00179859,0.0254598,0.93708,0.0281981,0.00262716,0.00111149,0.000586058,0.000336815,0.000579322,0.000154935,9.43082e-05,9.094e-05,7.40993e-05,8.75719e-05,0.000111149,0.000114517,0.000121253,0.000276188,
0.000206752,0.000361815,0.000644579,0.00204623,0.0299638,0.935454,0.0248953,0.00297662,0.00113713,0.000574648,0.000729712,0.000267561,0.0001277,0.000115538,7.29712e-05,6.99307e-05,8.5133e-05,7.60116e-05,9.1214e-05,0.000103376,
0.000116307,0.000173168,0.000330828,0.000620303,0.00172651,0.0250344,0.935189,0.0313899,0.00281204,0.000987315,0.000651318,0.000237783,0.000193845,0.000136983,7.49532e-05,7.23686e-05,5.68611e-05,6.20303e-05,6.71994e-05,6.71994e-05,
6.96568e-05,8.57314e-05,0.0001411,0.000251836,0.000505458,0.00148601,0.0273037,0.927028,0.0383023,0.00295059,0.000919827,0.00034114,0.000194682,0.00010895,7.32289e-05,5.17961e-05,4.46518e-05,4.82239e-05,5.001e-05,4.28657e-05,
3.79069e-05,5.30697e-05,4.98205e-05,9.96411e-05,0.000158126,0.000372571,0.00125309,0.0322978,0.931579,0.0307133,0.00227442,0.000567521,0.00020578,0.000103973,6.49833e-05,4.22392e-05,4.0073e-05,1.9495e-05,3.46578e-05,3.24917e-05,
2.07379e-05,1.62392e-05,2.56755e-05,3.2259e-05,5.93609e-05,0.000114881,0.000301193,0.00130748,0.0706127,0.916182,0.0100814,0.000816898,0.000200028,8.74503e-05,4.31217e-05,2.79797e-05,2.20546e-05,1.72267e-05,1.45933e-05,1.70073e-05,
5.25721e-05,6.21889e-05,6.34712e-05,7.05235e-05,8.71927e-05,0.000120531,0.000166051,0.000375057,0.00130404,0.0309374,0.951747,0.0134168,0.000821279,0.000281453,0.000145535,9.55273e-05,7.18058e-05,6.09067e-05,6.60357e-05,5.51366e-05,
1.28994e-05,1.3477e-05,1.25144e-05,1.52739e-05,1.81619e-05,2.86868e-05,4.61427e-05,9.38256e-05,0.000299125,0.00128263,0.071252,0.919355,0.00654328,0.000683605,0.000177511,7.51503e-05,3.55536e-05,2.29109e-05,1.91887e-05,1.34128e-05,
7.12526e-05,8.4955e-05,6.02907e-05,7.12526e-05,9.0436e-05,0.000134284,0.00016991,0.000232941,0.000537135,0.00116471,0.00358455,0.0317677,0.931425,0.0272788,0.001943,0.000652235,0.000298713,0.000172651,0.000158948,0.000101398,
0.000126697,0.000103358,0.000126697,9.66899e-05,0.000103358,0.000156704,0.000183377,0.000203382,0.000360086,0.000786856,0.00156037,0.00365088,0.0346683,0.925445,0.0290903,0.00191379,0.000690166,0.000340082,0.000233389,0.000160038,
0.000147509,0.000116635,0.000116635,8.91914e-05,6.86088e-05,0.000106344,8.91914e-05,0.000116635,0.000216118,0.000332752,0.000857609,0.00110803,0.0027272,0.0307573,0.928839,0.0311827,0.00192791,0.000644922,0.000343044,0.000212687,
0.00013628,7.95278e-05,7.05669e-05,6.75799e-05,6.79533e-05,6.44063e-05,6.68332e-05,8.86753e-05,0.000109397,0.00017231,0.000709403,0.000343687,0.000588991,0.00169939,0.0340825,0.946734,0.0133883,0.000916996,0.000375797,0.000237276,
0.00037469,0.000192408,0.000121521,0.000124897,0.000138399,0.000148526,0.000118145,0.000108019,0.00014515,0.000239666,0.000985671,0.000388192,0.000472582,0.000867525,0.00259582,0.0235616,0.945734,0.0212358,0.00172155,0.000725751,
0.000600323,0.000356628,0.000309077,0.000211995,0.000202089,0.000195155,0.000223883,0.000329881,0.00037644,0.000489372,0.00172568,0.000603295,0.000565651,0.000677593,0.000828169,0.0019773,0.023478,0.94708,0.0182187,0.00155034,
0.00214286,0.00113139,0.000630866,0.000411887,0.000260688,0.000198123,0.000177268,0.000182482,0.000104275,0.000208551,0.000943691,0.000187696,0.00031804,0.000385819,0.000672576,0.00116788,0.00273723,0.0250052,0.940073,0.0230605,
0.0275745,0.00311221,0.00122955,0.000748156,0.000487528,0.000417005,0.000490594,0.000551919,0.000674567,0.000987321,0.00202677,0.000886136,0.000674567,0.000640839,0.000607111,0.000757355,0.00115596,0.00332684,0.0355037,0.918147,


0.93208,0.026768,0.00322855,0.00139141,0.000686668,0.000505966,0.000319241,0.000252983,0.000198772,0.000228889,0.000710762,0.000156609,0.000259007,0.000210819,0.000331287,0.000379475,0.000620411,0.00107819,0.00277077,0.0278221,
0.0271358,0.93517,0.0231607,0.0024452,0.00117683,0.00083032,0.000601492,0.000523036,0.000506692,0.000853203,0.00142527,0.000464195,0.000389008,0.000310553,0.000300746,0.000310553,0.000434774,0.000421698,0.000879355,0.00266095,
0.00194509,0.0243098,0.943904,0.0212934,0.00256433,0.0011359,0.000581247,0.000406493,0.000246935,0.000224141,0.000816785,0.000178553,0.000129166,6.4583e-05,9.49751e-05,0.000144362,0.000205146,0.000338111,0.00053186,0.000885168,
0.000868495,0.0021146,0.0250919,0.93882,0.0251826,0.00288114,0.00121212,0.000623051,0.000385159,0.000290757,0.000758989,0.00023034,0.000120834,9.06255e-05,0.000132162,0.000139714,0.000177475,0.00023034,0.000256772,0.000392711,
0.000363489,0.000726979,0.00202127,0.0248735,0.937392,0.028308,0.00261916,0.00114482,0.000516359,0.000312533,0.000584301,9.17216e-05,0.000139281,8.15303e-05,9.85158e-05,8.15303e-05,8.15303e-05,0.000132487,0.00018684,0.000244591,
0.000207669,0.000299288,0.000690194,0.00199729,0.0297333,0.93594,0.0250486,0.00278826,0.00106278,0.000577198,0.000656601,0.000183237,0.000125212,0.000112996,6.71871e-05,0.000128266,7.63489e-05,9.16187e-05,8.85648e-05,0.000125212,
0.000113874,0.000163047,0.000300214,0.000561607,0.00195657,0.0238204,0.935389,0.0317632,0.00307978,0.00105334,0.000724655,0.000320918,0.000170811,0.000121638,8.79938e-05,6.47013e-05,8.28177e-05,5.1761e-05,6.72894e-05,0.00010611,
4.53819e-05,0.000103471,0.000127069,0.000210572,0.000508277,0.00154298,0.0267335,0.926828,0.0391264,0.00279552,0.00107464,0.000314042,0.00016882,0.000114362,6.71651e-05,6.17193e-05,4.17513e-05,4.35666e-05,4.90124e-05,4.35666e-05,
3.23146e-05,4.27014e-05,5.65505e-05,7.84783e-05,0.000155802,0.000378542,0.0012845,0.0304692,0.93094,0.0330751,0.0023278,0.000596666,0.000246976,9.92519e-05,5.53964e-05,3.57769e-05,3.8085e-05,2.76982e-05,2.19277e-05,3.69309e-05,
3.56548e-05,2.67411e-05,3.86261e-05,5.84343e-05,7.23001e-05,0.000158466,0.000386261,0.00156386,0.0340741,0.922742,0.0381318,0.0018699,0.000413002,0.000177284,7.13097e-05,5.74439e-05,4.25877e-05,3.66452e-05,1.6837e-05,2.67411e-05,
2.49287e-05,2.11062e-05,1.84877e-05,1.85282e-05,2.09109e-05,3.18412e-05,5.94693e-05,0.000171056,0.00096093,0.0594716,0.932082,0.00621811,0.000593059,0.000118541,4.89077e-05,2.93844e-05,2.66918e-05,2.82208e-05,2.8891e-05,2.76213e-05,
4.63958e-05,6.18611e-05,7.53932e-05,3.86632e-05,9.27916e-05,0.000108257,0.000201049,0.000353768,0.000954981,0.0037078,0.0465717,0.923416,0.0216456,0.00156779,0.000533552,0.000270642,0.000112123,9.08585e-05,7.92595e-05,7.15269e-05,
8.51709e-05,4.12117e-05,7.9676e-05,6.86862e-05,8.24235e-05,9.34133e-05,0.000164847,0.000225291,0.000513773,0.00110722,0.0035497,0.0308923,0.932009,0.0278454,0.00196443,0.000626418,0.000288482,0.000148362,0.000115393,9.89082e-05,
7.19323e-05,5.97592e-05,5.53326e-05,5.64392e-05,7.41456e-05,7.85722e-05,7.96789e-05,0.000147185,0.000229077,0.000391755,0.00140877,0.00141209,0.0180462,0.958373,0.0176942,0.000910774,0.000400608,0.00020473,0.000187024,0.000118412,
