0.931064,0.0236492,0.00298758,0.00136507,0.000550816,0.000407125,0.000323305,0.000323305,0.000263434,0.00016764,0.000658584,0.000179614,0.000257446,0.000263434,0.000203562,0.000461009,0.000628648,0.00123934,0.00250262,0.0325041,
0.0272299,0.94971,0.0147084,0.00153125,0.000778051,0.000439685,0.000336454,0.000237047,0.000216019,0.000206461,0.00123876,0.000164404,0.000131905,0.000105142,0.000164404,0.000181609,0.000223666,0.000401451,0.000621294,0.00137449,
0.00175951,0.0250689,0.947438,0.0180438,0.00231157,0.000881367,0.000545608,0.000406785,0.000203392,0.000154966,0.000761915,0.000184022,0.000135595,0.000132367,0.000132367,0.000203392,0.000174336,0.000251819,0.000439069,0.0007716,
0.00135067,0.00314642,0.0405895,0.927343,0.0181348,0.00267427,0.00134165,0.000865784,0.000611672,0.000390982,0.00104509,0.000224934,0.000164456,0.000164987,0.000164987,0.000185677,0.000225465,0.000305571,0.000403184,0.000667375,
0.000374317,0.000723679,0.00226729,0.0294391,0.934987,0.0254749,0.00290541,0.00109087,0.000616732,0.000345797,0.000509784,0.000156857,0.000139032,0.000114078,8.19932e-05,0.000117642,0.000128337,0.000121207,0.000185376,0.000221025,
0.000305958,0.000505132,0.00103738,0.0035617,0.0854701,0.887459,0.0153615,0.00272048,0.00117262,0.000596853,0.000591162,0.000220933,0.000148293,0.0001185,0.000102432,0.000102767,9.239e-05,0.00011214,0.000145949,0.000174738,
0.000238234,0.000306989,0.000568433,0.00145612,0.0052683,0.0765427,0.886615,0.0200782,0.00429434,0.00194353,0.00107468,0.000437492,0.000232541,0.000170793,0.000126562,0.000108607,0.000109045,0.000111234,0.000135758,0.000181741,
6.89912e-05,6.89912e-05,0.000127089,0.000237838,0.000506541,0.00145063,0.032001,0.928244,0.0324531,0.00297933,0.000929565,0.000368558,0.000183371,8.89623e-05,7.8069e-05,5.44667e-05,3.268e-05,2.90489e-05,5.44667e-05,4.35734e-05,
4.46854e-05,4.35396e-05,6.53094e-05,8.47876e-05,0.000160409,0.000381544,0.00127067,0.03786,0.929379,0.0272993,0.00228697,0.000539662,0.000222281,0.000122598,5.49974e-05,5.49974e-05,3.66649e-05,2.97902e-05,3.55191e-05,2.74987e-05,
8.74886e-05,0.000109805,0.000127382,0.000188604,0.000355484,0.000663571,0.00189493,0.00849983,0.0708245,0.893838,0.0195514,0.00205509,0.000768044,0.000357262,0.000213883,0.000130542,9.95356e-05,8.25513e-05,7.89965e-05,7.32693e-05,
0.000112397,0.000116758,0.000121414,0.000125332,0.000154084,0.000230584,0.000407803,0.00121996,0.0068868,0.0594311,0.923737,0.00553899,0.00081159,0.000322409,0.000189661,0.000134941,0.000120552,0.0001122,0.000108775,0.000118014,
5.72556e-05,4.58045e-05,4.3896e-05,8.20664e-05,6.48897e-05,0.000114511,0.000177492,0.000396972,0.00100197,0.00349832,0.0568873,0.916767,0.0180718,0.00175011,0.000469496,0.000225205,0.000131688,8.97005e-05,6.29812e-05,6.10727e-05,
0.000270934,0.000210478,0.00016731,0.000145752,0.000166424,0.000227454,0.000385182,0.000858523,0.00227709,0.00807137,0.0208668,0.0730695,0.872972,0.0159119,0.00199865,0.000863626,0.000485838,0.000383516,0.000346804,0.000320768,
0.000270416,0.000226685,0.0001785,0.000159267,0.00015596,0.000194359,0.000283036,0.000501623,0.0010818,0.00278339,0.00570296,0.0076199,0.0430357,0.919327,0.0150909,0.00138218,0.00075321,0.000506684,0.000404173,0.000342558,
0.000290922,0.000232753,0.000189048,0.000161371,0.000156993,0.000177633,0.000228922,0.000338379,0.000612726,0.0012844,0.00295558,0.00253182,0.00341952,0.0337442,0.935812,0.0150531,0.00125141,0.000722965,0.000469259,0.000366838,
0.000385768,0.000287342,0.000224576,0.000185927,0.000179537,0.000190462,0.000255495,0.00034815,0.000535932,0.000906652,0.00229338,0.00137023,0.00176373,0.00258422,0.0340936,0.935525,0.0161314,0.00147155,0.000750511,0.00051635,
0.000606661,0.000427268,0.00032789,0.000281903,0.00025955,0.00030269,0.000387118,0.000471547,0.000697781,0.00110711,0.00265302,0.00124222,0.00126401,0.00163959,0.00292126,0.0236151,0.938596,0.020207,0.00204038,0.000951637,
0.000804819,0.000522636,0.000368441,0.00029287,0.00023053,0.000225441,0.00025572,0.000308645,0.000373784,0.00048854,0.00184882,0.000588538,0.000679885,0.000817795,0.00135417,0.00275745,0.0235545,0.945669,0.0172363,0.00162261,
0.00198906,0.0010888,0.000598602,0.000362932,0.00024981,0.000216816,0.000245097,0.000230957,0.000292231,0.000245097,0.00107937,0.000197963,0.000405353,0.000395926,0.000579748,0.0011595,0.00240855,0.0246464,0.94343,0.0201781,
0.0273589,0.00312291,0.00128183,0.000702779,0.000475118,0.000534508,0.000514711,0.000499864,0.00057905,0.00102942,0.00191037,0.00081166,0.000732474,0.000727525,0.000608745,0.00081166,0.00124224,0.00360298,0.0312935,0.92216,


0.930864,0.0239889,0.00299261,0.00131339,0.000803627,0.000383822,0.000353836,0.000287866,0.000221897,0.000227894,0.000743655,0.000233891,0.000209903,0.000239889,0.000239889,0.000515761,0.000635705,0.00119944,0.00268076,0.0318632,
0.0271528,0.946056,0.0149901,0.00153934,0.000920792,0.000629351,0.000524799,0.000414744,0.000412706,0.000503195,0.00163309,0.000281455,0.000246808,0.000212773,0.000218275,0.00025496,0.000355233,0.000528467,0.000887776,0.00223758,
0.00216931,0.0269665,0.943715,0.0184522,0.00239732,0.0011042,0.000537442,0.000449497,0.000319208,0.000208462,0.00104557,0.000133546,0.000156347,0.000114003,0.000205205,0.000169376,0.000198691,0.000286636,0.000553728,0.000817563,
0.00104893,0.00218315,0.0288542,0.934979,0.0247395,0.00313401,0.00118538,0.000669441,0.000392284,0.000319797,0.000746192,0.00018335,0.000115127,0.000106599,0.000123655,0.000102335,0.00016203,0.000200406,0.000264365,0.000490355,
0.000244277,0.000365372,0.000756842,0.0169219,0.963116,0.0143142,0.00116188,0.000560585,0.000320483,0.000230706,0.00122661,0.000121095,7.62061e-05,5.32399e-05,6.36791e-05,7.51622e-05,8.66453e-05,7.8294e-05,9.29089e-05,0.000133622,
0.000218947,0.000346394,0.000718931,0.0020947,0.0358714,0.930378,0.0237509,0.00308813,0.00126466,0.000617627,0.000611091,0.00019934,0.000143786,8.16967e-05,8.49645e-05,0.00010784,8.49645e-05,7.84288e-05,0.000111107,0.000147054,
0.000134371,0.000201557,0.000302336,0.000589167,0.00178042,0.0278149,0.93568,0.0276598,0.00303628,0.0011034,0.000666689,0.000307504,0.000214477,0.000105947,6.46017e-05,6.20176e-05,6.20176e-05,5.42654e-05,6.97698e-05,9.04423e-05,
5.98431e-05,6.52834e-05,0.00013238,0.000262947,0.000505946,0.00151965,0.0315845,0.928573,0.0326254,0.00286159,0.000910341,0.000342738,0.000174089,9.24848e-05,7.61639e-05,6.52834e-05,3.44551e-05,2.72014e-05,4.17088e-05,4.53357e-05,
3.11657e-05,5.07885e-05,7.38743e-05,7.61828e-05,0.000166217,0.000388994,0.00133435,0.0366728,0.929813,0.027996,0.00227971,0.000572525,0.000205463,0.000103886,7.38743e-05,4.61714e-05,3.69371e-05,2.424e-05,2.53943e-05,2.88571e-05,
3.66241e-05,1.38577e-05,4.35529e-05,6.92887e-05,8.71059e-05,0.000171242,0.000409793,0.00155108,0.0412634,0.921352,0.0323123,0.00181438,0.000435529,0.000166293,8.6116e-05,5.5431e-05,4.75123e-05,2.96952e-05,2.96952e-05,2.4746e-05,
5.52526e-05,5.8465e-05,6.8102e-05,7.64542e-05,8.73762e-05,0.000117572,0.000167685,0.000350147,0.00132863,0.0366588,0.947734,0.0117187,0.000817867,0.000250564,0.000141986,0.000101511,8.09515e-05,6.87445e-05,5.01128e-05,6.74596e-05,
0.000206362,0.000165869,0.000133403,0.000126386,0.00014919,0.000245339,0.000532986,0.00134312,0.00502866,0.0320226,0.134724,0.801586,0.0185689,0.00289707,0.000862523,0.000382785,0.000257767,0.000251821,0.000265735,0.000249204,
5.22216e-05,4.67246e-05,6.59642e-05,7.97067e-05,6.87127e-05,0.000137425,0.000167659,0.000274851,0.000563444,0.00115437,0.00353733,0.0358817,0.930848,0.0237828,0.00194045,0.000709115,0.000263857,0.00018415,0.000142922,9.89462e-05,
0.000138152,0.000101087,6.73911e-05,0.000104456,7.74998e-05,0.000101087,0.000114565,0.00022913,0.00029989,0.000488586,0.00157695,0.00333923,0.0401011,0.923959,0.0257737,0.00201499,0.000734563,0.000326847,0.000219021,0.000232499,
0.000146356,8.84941e-05,8.16868e-05,9.53013e-05,8.50905e-05,8.16868e-05,9.87049e-05,0.000153163,0.000173585,0.000330151,0.000891748,0.000987049,0.00268886,0.0336992,0.930566,0.0266095,0.00191964,0.000687531,0.000411838,0.000204217,
0.000269113,0.000192629,9.34815e-05,7.64849e-05,8.21504e-05,8.21504e-05,7.93176e-05,0.000121809,0.000138806,0.000206792,0.00075635,0.000473073,0.000906487,0.00229455,0.0339196,0.940194,0.0177643,0.00151553,0.000518397,0.000314438,
0.000378973,0.000206456,0.000181002,0.000144236,8.20166e-05,0.000101814,8.48447e-05,0.00010747,0.000175346,0.000152721,0.00092198,0.000305441,0.000449677,0.000786228,0.00228232,0.023799,0.949944,0.0177891,0.00149044,0.000616539,
0.000721704,0.000412783,0.000308921,0.000215712,0.000186418,0.000258322,0.000250333,0.000263648,0.000383489,0.000471372,0.00144874,0.000508655,0.000537949,0.000593875,0.00094008,0.0021225,0.0233848,0.946703,0.0184075,0.00188016,
0.00192117,0.000879729,0.00054658,0.000404293,0.00035497,0.000380977,0.000469159,0.000566906,0.000775405,0.00121333,0.00293079,0.00107433,0.000803354,0.000773014,0.000816806,0.00112783,0.00240483,0.025143,0.937369,0.0200442,
0.0219238,0.00267882,0.00134029,0.000864723,0.000663679,0.000551988,0.000525535,0.000500258,0.00056257,0.000704829,0.00168242,0.000593138,0.000579617,0.000574326,0.000730106,0.00103343,0.00186465,0.00393446,0.0376351,0.921056,


0.930516,0.0244376,0.00310707,0.00115206,0.000721492,0.000512027,0.000314198,0.000174555,0.000250195,0.000256013,0.000680763,0.000180373,0.000168736,0.000197829,0.000285106,0.000389839,0.000634215,0.00124516,0.0028627,0.0319144,
0.0273306,0.937662,0.0212781,0.00238204,0.00103075,0.000565655,0.000458809,0.000433669,0.000490235,0.00075735,0.00172211,0.000487092,0.000355106,0.000329966,0.000323681,0.000342536,0.000377104,0.000578225,0.000917619,0.00217777,
0.00185282,0.0250832,0.946905,0.0181229,0.00234041,0.000984312,0.000588149,0.000402258,0.000249887,0.00015237,0.00120373,0.000112754,9.7517e-05,9.44696e-05,0.000112754,0.000170655,0.000191987,0.000262077,0.000362641,0.000710045,
0.000890953,0.00217598,0.0295728,0.934189,0.0249681,0.00319544,0.00131501,0.000543995,0.000441193,0.000321257,0.000753883,0.00013707,0.00014992,0.000128503,7.71017e-05,0.000119936,0.00013707,0.000167054,0.000269856,0.000445476,
0.000544004,0.00101103,0.00277235,0.0560415,0.915737,0.0168615,0.00238142,0.00119655,0.000649519,0.000448436,0.000737735,0.000220975,0.000171245,0.00011892,0.000125839,0.00013665,0.000136217,0.000152217,0.000241732,0.000314813,
0.000193241,0.000324252,0.000750038,0.00196516,0.0356022,0.931078,0.0237654,0.00305256,0.00111687,0.000612476,0.00054042,0.000183415,0.000150663,0.000114635,6.22302e-05,8.18818e-05,6.55055e-05,0.000101533,7.86066e-05,0.000160488,
0.000106733,0.000152822,0.00029109,0.000596734,0.00180476,0.0287742,0.935558,0.0271271,0.00295941,0.0010455,0.000645249,0.000235298,0.000157674,0.000121287,5.82179e-05,7.51982e-05,5.82179e-05,7.51982e-05,7.76239e-05,8.00497e-05,
6.17129e-05,7.05291e-05,0.000151638,0.000216877,0.000520152,0.00156751,0.0310434,0.927748,0.0339033,0.00278942,0.000978591,0.000347356,0.000178086,0.000107557,6.17129e-05,6.52394e-05,5.99497e-05,3.70278e-05,3.70278e-05,5.466e-05,
3.69623e-05,3.46522e-05,6.12189e-05,8.66305e-05,0.000166331,0.00040081,0.00130985,0.0359066,0.929901,0.028647,0.00237483,0.000552125,0.000191742,0.000123593,4.96681e-05,4.27377e-05,3.81174e-05,2.07913e-05,1.84812e-05,3.69623e-05,
3.16964e-05,2.87249e-05,4.0611e-05,6.73549e-05,8.71651e-05,0.00015452,0.00038531,0.0015561,0.0401722,0.921913,0.0329583,0.00174528,0.000440778,0.000147586,7.9241e-05,6.04213e-05,3.76395e-05,3.26869e-05,2.27818e-05,3.863e-05,
4.56955e-05,5.66367e-05,5.85675e-05,7.07958e-05,9.33218e-05,0.000118422,0.000182782,0.00038809,0.00133096,0.0359759,0.948206,0.0119149,0.000792913,0.00028254,0.000141592,9.58962e-05,6.75778e-05,6.95086e-05,5.66367e-05,5.14879e-05,
5.48377e-05,4.53829e-05,3.78191e-05,6.24016e-05,8.6984e-05,0.000124803,0.000155058,0.00033659,0.000947369,0.00371006,0.0542459,0.918432,0.0189266,0.00171321,0.000508667,0.000228806,0.000147495,9.83297e-05,8.13111e-05,5.67287e-05,
6.85463e-05,5.75789e-05,6.58044e-05,8.49974e-05,7.12882e-05,0.000142576,0.000134351,0.000271443,0.000520952,0.00115706,0.00370424,0.0350847,0.930467,0.0248905,0.00193575,0.000638851,0.000315313,0.00017822,0.000120641,9.04811e-05,
0.000123883,0.000120535,0.000113838,8.70529e-05,0.000100446,9.04011e-05,0.000137276,0.000254462,0.000381693,0.000793521,0.00167075,0.00338502,0.038608,0.924924,0.0256136,0.00207253,0.000713164,0.000371649,0.000274551,0.000164061,
0.000109815,9.95202e-05,9.60885e-05,7.89299e-05,8.23616e-05,9.60885e-05,0.000116679,0.000133838,0.000253948,0.000329446,0.000827048,0.00110845,0.00280373,0.0338609,0.929498,0.0275156,0.00180509,0.000621144,0.000346605,0.000216199,
0.000180447,0.000146613,0.000121238,8.45845e-05,0.000121238,8.7404e-05,7.6126e-05,0.000101501,0.000169169,0.000236837,0.00104321,0.000541341,0.000843025,0.00235709,0.0340199,0.939139,0.0182872,0.00152252,0.000625925,0.000296046,
0.000366036,0.00029922,0.000168493,0.000104582,0.000101677,0.000127822,0.000101677,9.29616e-05,0.000124917,0.000153968,0.00117655,0.000348606,0.000450283,0.000836655,0.00210907,0.0233711,0.9503,0.0176075,0.00156001,0.000598441,
0.000780267,0.000487667,0.000306873,0.000171278,0.000161763,0.000147489,0.000235507,0.000237886,0.000290221,0.000413922,0.00154626,0.000492425,0.000444847,0.000639914,0.000861148,0.00222424,0.0234437,0.946245,0.0189524,0.00191736,
0.00223438,0.00104816,0.000526639,0.00035791,0.000235198,0.000219859,0.000199407,0.000178955,0.000163616,0.000143164,0.00108907,0.000291441,0.000368136,0.000373249,0.000649351,0.00116065,0.00281215,0.0251355,0.940265,0.0225483,
0.0275078,0.00342888,0.00117013,0.000676184,0.000474768,0.000402833,0.000498746,0.000465177,0.000844032,0.00106943,0.00211008,0.000796075,0.000743323,0.000695367,0.000580272,0.000839236,0.00148185,0.00357275,0.0307448,0.921898,


0.931323,0.0242032,0.00345846,0.00134496,0.000552393,0.000456325,0.000282201,0.000228162,0.000204145,0.000216154,0.000732522,0.000162115,0.000156111,0.000144103,0.000216154,0.000282201,0.000636453,0.00133295,0.00274996,0.0313183,
0.0271317,0.952439,0.0133443,0.00111498,0.000643422,0.000478661,0.00031674,0.000186067,0.000136354,0.0001605,0.00126838,9.80047e-05,9.9425e-05,0.000124991,0.000137775,0.000149138,0.000214474,0.000373554,0.000480081,0.0011022,
0.00181946,0.0246328,0.951867,0.0140654,0.0014685,0.000840768,0.000554253,0.000399173,0.000273997,0.00024873,0.00138969,0.000167365,0.000125872,0.000130972,0.000151834,0.000153921,0.00021025,0.000292542,0.000450867,0.000756621,
0.00104643,0.00218043,0.0284507,0.935112,0.0249524,0.00315243,0.00125659,0.000648,0.000402811,0.000328378,0.000748703,0.000153243,0.000131351,0.000100703,0.000113838,0.000170757,0.000162,0.000170757,0.000275838,0.000442216,
0.000364221,0.000682021,0.00198893,0.0279129,0.934794,0.0273487,0.00306017,0.00114979,0.000671309,0.000332084,0.000571327,0.000153544,0.000114265,0.000117836,6.7845e-05,7.85574e-05,8.5699e-05,0.000107124,0.000203535,0.000196394,
0.000150353,0.000323587,0.000748498,0.00200689,0.0342054,0.931753,0.0243899,0.0028992,0.00130742,0.000578533,0.000549117,0.00022553,0.000140548,0.000107862,0.000114399,9.80565e-05,9.4788e-05,9.4788e-05,0.000114399,9.80565e-05,
0.000144696,0.00014728,0.000297145,0.000612376,0.00185263,0.0269058,0.935401,0.0289264,0.00303346,0.00108264,0.000630463,0.000255803,0.000131777,0.000134361,5.6845e-05,8.26837e-05,6.45966e-05,4.90935e-05,8.52676e-05,0.000105938,
6.35301e-05,6.69642e-05,0.000139079,0.000273008,0.00050309,0.00157108,0.0308482,0.927802,0.0339732,0.00279532,0.00105769,0.000312499,0.000154533,0.000118475,8.07004e-05,5.15109e-05,3.43406e-05,4.63598e-05,5.15109e-05,5.6662e-05,
4.2648e-05,4.14954e-05,4.38007e-05,8.99066e-05,0.000162523,0.000397664,0.00127137,0.0349379,0.930477,0.0291217,0.00228686,0.000569408,0.000223614,9.45172e-05,5.76324e-05,4.2648e-05,2.76636e-05,4.03427e-05,2.88162e-05,4.2648e-05,
3.7628e-05,4.75301e-05,2.97063e-05,6.53538e-05,8.91189e-05,0.000180218,0.000361427,0.00162493,0.0390281,0.922456,0.0335166,0.00174376,0.000364397,0.000169326,8.41678e-05,5.74322e-05,3.7628e-05,3.7628e-05,3.46573e-05,3.46573e-05,
7.51444e-05,5.97302e-05,7.06486e-05,7.25754e-05,8.02825e-05,0.000123956,0.000179833,0.000378291,0.00132819,0.0347771,0.948956,0.0123018,0.000811817,0.000264611,0.000131663,8.92741e-05,8.60628e-05,8.79896e-05,6.22992e-05,6.22992e-05,
5.38446e-05,4.03834e-05,5.76906e-05,5.19216e-05,6.92288e-05,0.000109612,0.000182687,0.000378835,0.000998048,0.0036672,0.0528466,0.919604,0.0190744,0.00170572,0.000501909,0.000238455,0.000180764,0.000103843,8.26899e-05,5.19216e-05,
7.13206e-05,8.50361e-05,6.03482e-05,7.13206e-05,8.77792e-05,0.000101495,0.000164586,0.000282539,0.000565079,0.00118776,0.00344533,0.0342421,0.93092,0.0253654,0.00207378,0.000622684,0.000288026,0.000178302,9.05223e-05,9.60085e-05,
0.000111206,7.75071e-05,0.000117946,0.000117946,6.06577e-05,0.000121315,0.000185343,0.000205562,0.0002797,0.000488632,0.00137828,0.00330585,0.0389052,0.924552,0.0266355,0.00203203,0.000731263,0.000313398,0.000246001,0.000134795,
0.000172202,6.54367e-05,8.26569e-05,5.16605e-05,6.88807e-05,6.54367e-05,8.26569e-05,0.000175646,0.000220418,0.000296187,0.000709471,0.000967774,0.00258992,0.0325014,0.930458,0.0284546,0.00178057,0.000657811,0.000420172,0.00017909,
0.000142288,0.000160452,8.17399e-05,7.87125e-05,7.26577e-05,0.000121096,7.26577e-05,0.000115041,0.000181644,0.000257329,0.000735659,0.0004087,0.000920331,0.00243706,0.0335527,0.938983,0.0191181,0.00163783,0.000575207,0.000348151,
0.000386419,0.000282383,0.000196182,9.80911e-05,9.80911e-05,8.32288e-05,7.43114e-05,0.000104036,0.000127816,0.000196182,0.0011652,0.000371557,0.000517208,0.000808508,0.00200046,0.0243979,0.948446,0.0185838,0.00137922,0.000683665,
0.000936752,0.000496936,0.00034557,0.000282739,0.000205629,0.000245612,0.000245612,0.000299875,0.000365562,0.000656869,0.0017507,0.000639733,0.00059975,0.000651157,0.00114524,0.00239329,0.0234331,0.944429,0.0190206,0.00185637,
0.00217177,0.00100016,0.000485791,0.000271471,0.000185743,0.000257183,0.00014288,0.000138117,0.000190506,0.000176218,0.00109541,0.000204794,0.000300047,0.000442927,0.000681059,0.00106683,0.00285283,0.0245515,0.942934,0.0208509,
0.0138025,0.000895241,0.000463913,0.000299271,0.000258111,0.00018265,0.000141489,0.000168929,0.000164642,0.000240103,0.00165071,0.00020323,0.000202372,0.00019637,0.000320709,0.000325854,0.000468201,0.000949264,0.014311,0.964755,


0.915504,0.0194226,0.00254524,0.00127144,0.000838576,0.000647722,0.000508025,0.00048835,0.000524553,0.000624112,0.0012923,0.000401383,0.000360458,0.000350227,0.000420272,0.000567446,0.000832674,0.00135723,0.00363094,0.0484127,
0.0271859,0.9418,0.0187656,0.00199434,0.000940261,0.0004924,0.000465182,0.000418169,0.000428066,0.000579003,0.00173453,0.000341463,0.000282078,0.00031672,0.00021527,0.000269707,0.000381053,0.000509721,0.000858607,0.00202156,
0.00134891,0.0248705,0.951245,0.0160801,0.00169736,0.000686214,0.000438236,0.000267217,0.000241564,0.000130402,0.00110521,0.000106887,6.62699e-05,7.26831e-05,0.000106887,0.000115438,0.000183846,0.000277906,0.000327074,0.000632771,
0.00082849,0.00218607,0.027131,0.936448,0.0249039,0.00308018,0.001415,0.00062752,0.000418347,0.000241985,0.000840795,0.000164057,0.000168159,0.00017226,0.000139449,0.000102536,0.000192768,0.000192768,0.000262492,0.00048397,
0.000375306,0.000861416,0.00194444,0.0273973,0.935365,0.0274259,0.00294168,0.00111162,0.000607638,0.000357434,0.000525428,0.000175143,0.000121528,0.000110805,7.86355e-05,0.000110805,6.07638e-05,0.000100081,0.000146548,0.000182291,
0.000216293,0.000350656,0.00063577,0.002081,0.0332206,0.93252,0.0243067,0.00317557,0.00122894,0.000540732,0.000655433,0.000206461,0.000167135,9.83149e-05,0.000111424,8.52062e-05,5.89889e-05,0.000111424,0.000121255,0.000108146,
9.83121e-05,0.000170753,0.00034668,0.000605396,0.00186017,0.0259441,0.935523,0.0297679,0.00299852,0.0010478,0.000664901,0.000250955,0.00015523,0.000119009,5.43304e-05,7.76148e-05,5.17432e-05,8.0202e-05,0.000100899,8.27892e-05,
8.02501e-05,8.73834e-05,0.000114133,0.000269284,0.000501117,0.00148195,0.029878,0.927581,0.0353065,0.00282837,0.000945168,0.000345967,0.000205084,9.45168e-05,5.88501e-05,3.03167e-05,4.63667e-05,5.70667e-05,4.10167e-05,4.81501e-05,
3.69498e-05,3.46405e-05,5.42701e-05,9.8148e-05,0.000170893,0.000368344,0.0013071,0.0340516,0.930426,0.029949,0.00236017,0.000565794,0.000198605,0.000117778,6.11982e-05,5.0806e-05,5.19607e-05,2.1939e-05,3.81045e-05,3.69498e-05,
2.17924e-05,3.56604e-05,4.5566e-05,6.8349e-05,8.32075e-05,0.000181274,0.000400189,0.00155321,0.0380457,0.922377,0.0344885,0.00185533,0.000374434,0.000189198,8.2217e-05,5.74528e-05,3.96226e-05,3.56604e-05,2.47641e-05,4.06132e-05,
5.40246e-05,5.72403e-05,5.98129e-05,7.01033e-05,8.42526e-05,0.000127987,0.000182655,0.000347944,0.00133775,0.0337975,0.949949,0.0123793,0.000770493,0.000286845,0.000123485,0.000108692,7.65348e-05,7.65348e-05,5.33814e-05,5.65972e-05,
3.48413e-05,3.67769e-05,6.38757e-05,7.74251e-05,6.00045e-05,0.000110331,0.000170335,0.00038519,0.000967814,0.00357898,0.0524226,0.9199,0.0194086,0.00170529,0.000503263,0.000193563,0.000149043,9.48458e-05,8.12964e-05,5.61332e-05,
7.66154e-05,7.38791e-05,8.20879e-05,5.74615e-05,7.93516e-05,0.000106714,0.000169648,0.000254472,0.000487055,0.00123953,0.0036748,0.0339899,0.930792,0.0256607,0.0018333,0.000692274,0.000361187,0.000164176,0.000117659,8.75604e-05,
0.000127978,9.42993e-05,9.76671e-05,7.40923e-05,8.41958e-05,0.000127978,0.000134713,0.000188599,0.00032668,0.000582635,0.0014347,0.00317586,0.0371606,0.925251,0.0276432,0.00209816,0.000687038,0.000373829,0.000198702,0.000138081,
0.000151526,6.54315e-05,6.19877e-05,6.19877e-05,7.2319e-05,8.26503e-05,0.0001102,0.000175632,0.000234176,0.000261726,0.000819616,0.00105379,0.00265859,0.0327054,0.929224,0.0289724,0.00198016,0.000705971,0.000337489,0.00026517,
0.000225696,0.000123669,7.72931e-05,8.34766e-05,9.89352e-05,8.65683e-05,9.27518e-05,0.00010821,0.000163861,0.000259705,0.000618345,0.000503951,0.000992444,0.0024672,0.0339873,0.937825,0.0195366,0.00169736,0.000643079,0.000408108,
0.000342593,0.000264286,0.000176191,9.78838e-05,0.000120723,0.000127249,9.78838e-05,9.78838e-05,0.000146826,0.000137037,0.00102452,0.000385009,0.000486156,0.00101473,0.00227417,0.0235737,0.947446,0.0197268,0.00171297,0.000747179,
0.000911167,0.00048616,0.000284358,0.00029353,0.000207917,0.000220148,0.000210975,0.000247666,0.000431123,0.000675731,0.00173061,0.000544254,0.000571773,0.000694077,0.000950916,0.00247666,0.0235161,0.941162,0.0222716,0.00211281,
0.00236976,0.00107301,0.000549216,0.000416997,0.00022884,0.000188157,0.000137304,0.000111877,0.000183072,0.000162731,0.0010069,0.000294949,0.000376315,0.000462765,0.000640752,0.00117471,0.00271557,0.0249741,0.941463,0.0214703,
0.0265898,0.00324163,0.00133012,0.000740347,0.000510296,0.000468468,0.000552123,0.000560489,0.000573037,0.000899292,0.00205791,0.000870013,0.000656692,0.000556306,0.000648327,0.000773809,0.00132593,0.00341313,0.0370466,0.917186,


0.931869,0.0252809,0.00288307,0.00138147,0.000738788,0.000474506,0.000264282,0.000210224,0.000210224,0.000192205,0.000756807,0.000180192,0.000192205,0.000186198,0.000276295,0.000408435,0.000570608,0.00120128,0.00266084,0.030062,
0.0271717,0.943306,0.018125,0.00179536,0.000886403,0.000577402,0.000410497,0.000412752,0.000428541,0.000597702,0.00170063,0.000367643,0.000236825,0.000239081,0.00025938,0.000207504,0.000302234,0.000484928,0.000663111,0.00182694,
0.00215538,0.0250111,0.942564,0.021483,0.00266276,0.00121929,0.000633242,0.000365786,0.000302855,0.000239924,0.000881033,0.000192726,0.000137661,0.000125862,0.000121929,0.000196659,0.000200592,0.00025959,0.000405118,0.000841701,
0.00105115,0.0025512,0.0374563,0.925671,0.0252988,0.00294024,0.00113345,0.000721968,0.000448892,0.000261854,0.000542411,0.000153371,0.000130927,0.000134668,0.000127186,0.000153371,0.000149631,0.000239409,0.000336669,0.000497522,
0.000374875,0.000710478,0.00204932,0.0272052,0.934611,0.0282656,0.00307041,0.00123887,0.000571239,0.00029633,0.000574809,0.00014281,0.000114248,9.28263e-05,6.78346e-05,8.56858e-05,7.14049e-05,0.000139239,0.000107107,0.000210644,
0.000214966,0.000400619,0.000690498,0.00201287,0.0326358,0.93253,0.0250696,0.0030193,0.00121163,0.000615585,0.000592786,0.000192167,0.000143311,0.000153082,9.44549e-05,8.46837e-05,8.14266e-05,6.18842e-05,8.79407e-05,0.000107483,
9.57758e-05,0.000186374,0.000279562,0.000605717,0.00163854,0.026139,0.934919,0.0304541,0.00298199,0.00109236,0.000709258,0.000232968,0.000173432,9.05987e-05,6.98904e-05,5.43592e-05,3.8828e-05,7.2479e-05,8.02446e-05,8.54216e-05,
3.98525e-05,7.97051e-05,0.000148541,0.000253607,0.000566993,0.00153432,0.0285525,0.927686,0.0362169,0.00293279,0.00105609,0.000326066,0.000181148,0.000124992,6.52133e-05,5.97788e-05,2.35492e-05,3.26066e-05,5.79673e-05,6.15903e-05,
3.0046e-05,3.69797e-05,4.5069e-05,0.000107472,0.0002057,0.000409088,0.00135785,0.0333176,0.930213,0.0307822,0.00237479,0.000582431,0.000219567,0.000106317,6.58701e-05,4.16022e-05,3.9291e-05,2.88904e-05,1.84899e-05,1.73342e-05,
3.56149e-05,3.06684e-05,4.35293e-05,6.33154e-05,9.29945e-05,0.00015631,0.000402646,0.00157002,0.0368248,0.922838,0.0352568,0.00184406,0.00039671,0.000179064,8.21121e-05,5.14437e-05,4.74865e-05,3.16577e-05,3.16577e-05,2.07754e-05,
5.85315e-05,5.46723e-05,6.75363e-05,7.20387e-05,7.84708e-05,0.000115133,0.000189102,0.000335752,0.00132436,0.0326844,0.950748,0.012628,0.000867038,0.000274005,0.000139575,8.8762e-05,8.29732e-05,7.33252e-05,5.91747e-05,5.91747e-05,
5.23209e-05,6.39478e-05,5.42587e-05,5.61965e-05,7.55747e-05,0.000110455,0.000197657,0.000430194,0.000951466,0.00365278,0.0506854,0.920988,0.0199091,0.00160838,0.000538712,0.000226724,0.000156963,0.00010658,6.58856e-05,6.97612e-05,
7.13265e-05,7.40698e-05,7.13265e-05,8.22998e-05,7.68131e-05,0.000134423,0.000170086,0.000288049,0.000502029,0.00123175,0.00362942,0.0326511,0.931104,0.0266761,0.00188192,0.000636452,0.000309996,0.000167343,0.00012345,0.000117963,
0.000130675,7.37139e-05,0.000130675,8.37658e-05,6.03114e-05,0.000120623,0.000130675,0.000190986,0.00037192,0.000639971,0.00167197,0.00368235,0.0370547,0.924132,0.0279443,0.00212095,0.00074049,0.00036857,0.000227843,0.000123973,
0.000102547,7.27472e-05,5.52177e-05,2.89236e-05,5.87236e-05,7.18707e-05,7.6253e-05,7.18707e-05,0.000127965,0.000212983,0.00123144,0.00049433,0.0010132,0.0157108,0.963027,0.0163006,0.000642454,0.000333059,0.000228759,0.000139359,
0.000197637,0.000116072,0.000119209,7.2153e-05,8.15643e-05,8.78385e-05,0.000103524,0.000125484,0.000156854,0.000185088,0.000884659,0.000436055,0.000862699,0.00248771,0.0335763,0.938105,0.0198452,0.00165325,0.000611732,0.000291749,
0.000391853,0.000276602,0.000197573,0.000144887,0.000115251,9.22008e-05,7.90293e-05,9.54937e-05,0.000111958,0.000158059,0.00114263,0.000322703,0.000418196,0.000951644,0.00241369,0.0236627,0.947255,0.0198594,0.00157729,0.000734314,
0.000895636,0.000406608,0.000310451,0.000252756,0.000195062,0.000189567,0.000244514,0.000390124,0.000423092,0.000546723,0.00175281,0.000607165,0.00049727,0.00073629,0.00111268,0.00254954,0.02338,0.943531,0.0200447,0.00193413,
0.00230332,0.000998106,0.000573271,0.000342939,0.000220095,0.000189384,0.000199621,0.000163792,0.00010237,0.000255925,0.00095204,0.000214977,0.000317347,0.000481138,0.000731945,0.00112607,0.00280493,0.0248042,0.940902,0.0223166,
0.0272725,0.00285589,0.00137649,0.000557457,0.00045883,0.000420237,0.000428813,0.000420237,0.000587474,0.000784727,0.00182245,0.000553168,0.00045883,0.000561745,0.000505999,0.000750422,0.00121354,0.00286876,0.0279757,0.928127,


0.930929,0.0259233,0.00311968,0.00142785,0.000755921,0.000443954,0.000305968,0.000263973,0.000239975,0.000227976,0.000617936,0.000239975,0.00019198,0.00019198,0.000281971,0.000353963,0.000599938,0.00119988,0.00278971,0.0298949,
0.0269977,0.940819,0.0193145,0.00214432,0.000977291,0.000701778,0.000434063,0.000356087,0.000478249,0.000603009,0.00171286,0.000483447,0.000309302,0.000298905,0.000257319,0.000265116,0.000356087,0.000545827,0.000813543,0.00213133,
0.00146677,0.0246773,0.950133,0.0165254,0.00183692,0.000928838,0.000498148,0.000299234,0.00021275,0.000169509,0.00111737,0.000131456,0.000121078,0.000124537,0.000126267,0.000155671,0.000185076,0.000288856,0.000392637,0.000608847,
0.000800786,0.00218362,0.0278755,0.935919,0.0253026,0.00281017,0.00123084,0.000671029,0.000456003,0.000296587,0.000848981,0.000114928,0.00012605,0.000100098,0.000100098,0.000129757,0.00012605,0.000177952,0.000318831,0.000411515,
0.000342678,0.000785305,0.00207749,0.0261007,0.935391,0.0287529,0.00284138,0.00109586,0.000692496,0.000314122,0.000489031,0.000192757,8.92392e-05,6.78218e-05,7.49609e-05,0.000103517,0.000110657,9.28087e-05,0.000124935,0.000260578,
0.000184643,0.000292882,0.000735388,0.00197695,0.0316726,0.933624,0.0251019,0.00305934,0.00122883,0.000534827,0.000627149,0.000213294,0.000120973,9.86884e-05,8.59544e-05,5.09359e-05,7.95874e-05,8.59544e-05,8.59544e-05,0.000140074,
0.000107637,0.000174611,0.000306167,0.000624294,0.00172937,0.0262754,0.934755,0.0302532,0.00304732,0.00106202,0.000657781,0.000289424,0.000155476,0.000102853,7.65418e-05,8.13257e-05,5.02306e-05,7.1758e-05,7.41499e-05,0.000105245,
8.92479e-05,0.00012045,0.000182396,0.000326019,0.000792906,0.00262765,0.0700986,0.901899,0.0179563,0.00324688,0.00136487,0.000459546,0.000238836,0.000146835,8.83301e-05,7.54821e-05,6.53872e-05,6.6305e-05,7.41055e-05,8.05296e-05,
3.85256e-05,4.86156e-05,4.6781e-05,9.9983e-05,0.000168779,0.000414609,0.00145939,0.0344804,0.931159,0.0286823,0.00223081,0.000565959,0.000237574,0.000124749,6.51266e-05,4.12774e-05,4.58638e-05,2.93528e-05,2.84355e-05,3.21046e-05,
3.26733e-05,2.77228e-05,4.05941e-05,5.34655e-05,0.000104951,0.000169307,0.000371288,0.00152476,0.0357951,0.922582,0.0365912,0.00182773,0.000466338,0.000149505,8.31685e-05,5.04951e-05,3.46535e-05,3.36634e-05,2.37624e-05,3.76238e-05,
5.20173e-05,5.13752e-05,5.39439e-05,7.32096e-05,9.5044e-05,0.00011431,0.000163758,0.000355773,0.00131392,0.0317954,0.951336,0.0129908,0.000838057,0.000260087,0.000137429,0.000103392,8.02737e-05,7.32096e-05,6.16502e-05,5.00908e-05,
4.8487e-05,4.65475e-05,7.17608e-05,6.40029e-05,5.43055e-05,0.000131885,0.000168735,0.000347167,0.000917374,0.00376647,0.0492163,0.922194,0.0201977,0.00163304,0.000546934,0.000230798,0.000137703,9.30951e-05,6.20634e-05,7.17608e-05,
9.9002e-05,8.25017e-05,4.9501e-05,6.05012e-05,6.05012e-05,0.000104502,0.000140253,0.000269505,0.000530761,0.00121277,0.00363832,0.0319474,0.93154,0.0270028,0.00191129,0.000588512,0.000357507,0.000192504,0.000126503,8.52517e-05,
0.000125112,9.12976e-05,8.11535e-05,6.08651e-05,8.11535e-05,9.12976e-05,9.4679e-05,0.000226553,0.000344902,0.000618795,0.00154192,0.00322247,0.0360964,0.925092,0.0286539,0.00216747,0.000730381,0.000361809,0.000172451,0.0001454,
0.000110111,7.22605e-05,9.63474e-05,8.94654e-05,7.22605e-05,7.22605e-05,8.60245e-05,0.000110111,0.000230546,0.000333775,0.000757015,0.0010495,0.00273214,0.0307864,0.92945,0.0307314,0.00203706,0.000677873,0.000313129,0.000192695,
0.000232198,0.000114464,0.000124275,0.000104653,0.000101382,8.83008e-05,8.176e-05,0.000130816,0.00016025,0.00024201,0.000719488,0.000542886,0.000912442,0.00272424,0.0341888,0.935985,0.0207343,0.00182161,0.000644269,0.000346662,
0.000477777,0.000255251,0.000143988,0.000111263,0.000127625,0.000130898,0.000124353,0.000140715,0.000124353,0.000153805,0.000929374,0.0004156,0.000539953,0.000968643,0.00231689,0.0236467,0.947039,0.0200601,0.00161004,0.000683941,
0.000996278,0.000590152,0.000380743,0.000228446,0.000168162,0.000171334,0.00024431,0.00035536,0.000393435,0.000669474,0.00177046,0.000596498,0.000609189,0.000720239,0.00102483,0.00254146,0.0238536,0.940804,0.0218388,0.00204332,
0.00221003,0.00115353,0.000646838,0.000442006,0.000269516,0.000188661,0.000247954,0.000134758,0.00017788,0.000221003,0.000954085,0.000280296,0.000420444,0.000415054,0.000609105,0.00121282,0.00279757,0.0248547,0.939116,0.0236473,
0.0274072,0.0027877,0.00118333,0.000819912,0.000398876,0.000403308,0.00045206,0.000483083,0.000607178,0.00103708,0.00208745,0.000695817,0.000571722,0.000527403,0.000576154,0.000757865,0.00126311,0.00313339,0.0277573,0.92705,


0.931936,0.0257499,0.00325167,0.00119168,0.000736567,0.000437149,0.000251511,0.000221569,0.000185639,0.000239534,0.00065273,0.000167674,0.000191627,0.000221569,0.000287441,0.000377266,0.000718602,0.0011318,0.00280853,0.0292411,
0.026905,0.935792,0.0220653,0.00238762,0.00118253,0.000728208,0.000554211,0.000554211,0.000583211,0.000931204,0.00209118,0.000496212,0.000399548,0.000296439,0.000273883,0.000296439,0.000431769,0.000644432,0.000976314,0.00241017,
0.00186489,0.0249312,0.942313,0.021963,0.00266912,0.00107231,0.000609974,0.000404059,0.000279733,0.000260307,0.00102569,0.000147637,9.71296e-05,0.000147637,0.000163178,0.000147637,0.000182604,0.000349667,0.000481763,0.000889707,
0.000848564,0.00205748,0.0252089,0.938663,0.0254453,0.00290992,0.00103843,0.000689701,0.000309978,0.000321602,0.000805942,0.000151114,9.68681e-05,0.000131741,0.000123991,0.000127866,0.000123991,0.00021311,0.000325477,0.000406846,
0.000363919,0.000734578,0.00179938,0.0254609,0.937069,0.0282071,0.00262831,0.00111198,0.000586315,0.000336962,0.000576206,0.000155003,9.43495e-05,9.09799e-05,7.41317e-05,8.76102e-05,0.000111198,0.000114567,0.000121306,0.000276309,
0.000206921,0.000362112,0.000645106,0.00204791,0.0299579,0.935465,0.0248975,0.00297905,0.00113502,0.000569032,0.000727266,0.000264737,0.000127804,0.000115632,7.30309e-05,6.9988e-05,8.52027e-05,7.60739e-05,9.12886e-05,0.00010346,
0.000116324,0.000173194,0.000330878,0.000620396,0.00172677,0.0250045,0.935213,0.0313946,0.00281246,0.000987463,0.000651415,0.000237818,0.000193874,0.000137004,7.49645e-05,7.23795e-05,5.68696e-05,6.20396e-05,6.72095e-05,6.72095e-05,
6.96603e-05,8.57357e-05,0.000141107,0.000251849,0.000505484,0.00148609,0.0273015,0.927032,0.0383042,0.00294717,0.000919873,0.000341157,0.000194692,0.000108956,7.32326e-05,5.17987e-05,4.4654e-05,4.82263e-05,5.00125e-05,4.28679e-05,
3.79107e-05,5.3075e-05,4.98255e-05,9.9651e-05,0.000158142,0.000371525,0.00125322,0.0322999,0.931577,0.0307142,0.00227464,0.000567577,0.000205801,0.000103984,6.49898e-05,4.22434e-05,4.0077e-05,1.94969e-05,3.46612e-05,3.24949e-05,
2.07392e-05,1.62403e-05,2.56772e-05,3.2261e-05,5.93647e-05,0.000114889,0.000301213,0.00130756,0.0706164,0.916182,0.0100778,0.000816731,0.00020004,8.74559e-05,4.31244e-05,2.79815e-05,2.2056e-05,1.72278e-05,1.45943e-05,1.70084e-05,
5.27511e-05,6.17573e-05,6.24006e-05,7.07636e-05,8.74896e-05,0.000120298,0.000165973,0.000375047,0.00130591,0.0309391,0.951776,0.0133833,0.000822145,0.000280481,0.00014603,9.58525e-05,7.20502e-05,6.1114e-05,6.62605e-05,5.53243e-05,
1.29002e-05,1.34778e-05,1.25151e-05,1.52749e-05,1.8163e-05,2.86885e-05,4.61455e-05,9.38314e-05,0.000299144,0.00128238,0.0712425,0.919364,0.00654323,0.000683583,0.000177522,7.5155e-05,3.55558e-05,2.29123e-05,1.91899e-05,1.34137e-05,
7.12616e-05,8.49657e-05,6.02983e-05,7.12616e-05,9.04474e-05,0.000134301,0.000169931,0.000232971,0.000537203,0.00116211,0.00357952,0.0317607,0.931435,0.0272822,0.00194325,0.000652317,0.00029875,0.000172672,0.000158968,0.000101411,
0.000126822,0.00010346,0.000126822,9.67854e-05,0.00010346,0.000156859,0.000183558,0.000203583,0.000360442,0.000787633,0.00156192,0.00365448,0.0346992,0.925439,0.0290556,0.00191568,0.000690847,0.000340418,0.00023362,0.000160197,
0.000147669,0.000116761,0.000116761,8.92882e-05,6.86832e-05,0.000106459,8.92882e-05,0.000116761,0.000216352,0.000333114,0.00085854,0.00110923,0.00272672,0.0306396,0.92892,0.0312131,0.00193,0.000645622,0.000343416,0.000212918,
0.000136281,7.95282e-05,7.05673e-05,6.75803e-05,6.79537e-05,6.44067e-05,6.68336e-05,8.86758e-05,0.000109398,0.000172311,0.000709407,0.000343689,0.000588994,0.0016994,0.034082,0.946735,0.0133882,0.000917002,0.000375799,0.000237278,
0.000374739,0.000192434,0.000121537,0.000124913,0.000138417,0.000148545,0.000118161,0.000108033,0.000145169,0.000239698,0.0009858,0.000388243,0.000472644,0.000867639,0.00259617,0.0235546,0.945744,0.0212318,0.00172177,0.000725846,
0.000600375,0.000356658,0.000309104,0.000212014,0.000202106,0.000195171,0.000223902,0.000329909,0.000376473,0.000489415,0.00172484,0.000603347,0.0005657,0.000677651,0.00082824,0.00197747,0.0234741,0.947085,0.0182183,0.00155047,
0.00214545,0.00113276,0.000621189,0.000412386,0.000261004,0.000198363,0.000177483,0.000182703,0.000104402,0.000208803,0.000939614,0.000187923,0.000318425,0.000386286,0.00067339,0.0011693,0.00274054,0.0250303,0.940115,0.0229944,
0.0275884,0.00311447,0.00123045,0.000748701,0.000487883,0.000417308,0.000490951,0.00055232,0.000675058,0.000988039,0.00202824,0.000886781,0.000675058,0.000641305,0.000607552,0.000754837,0.0011568,0.00332926,0.0354252,0.918201,


0.932083,0.0267716,0.00322897,0.00139159,0.000686759,0.000506033,0.000319283,0.000253017,0.000198799,0.00022892,0.000710856,0.000156629,0.000259041,0.000210847,0.000331331,0.000379525,0.000620493,0.00107833,0.00277113,0.0278138,
0.0271469,0.935184,0.0231337,0.00244649,0.00117746,0.00083076,0.000601811,0.000523314,0.00050696,0.000853655,0.00141949,0.000464441,0.000389215,0.000310717,0.000300905,0.000310717,0.000435004,0.000421922,0.000879821,0.00266236,
0.0019467,0.0242577,0.943937,0.0213073,0.00256645,0.00113684,0.000581729,0.00040683,0.00024714,0.000224327,0.00081366,0.000178701,0.000129273,6.46366e-05,9.50538e-05,0.000144482,0.000205316,0.000338391,0.000532301,0.000885901,
0.000868619,0.0021149,0.0250767,0.938842,0.0251749,0.00288155,0.00121229,0.00062314,0.000385214,0.000290799,0.000759098,0.000230373,0.000120851,9.06385e-05,0.000132181,0.000139734,0.0001775,0.000230373,0.000256809,0.000392767,
0.000363654,0.000727307,0.00202219,0.0248746,0.937397,0.0283004,0.00262035,0.00114534,0.000516592,0.000312674,0.000581166,9.17631e-05,0.000139344,8.15672e-05,9.85603e-05,8.15672e-05,8.15672e-05,0.000132547,0.000186925,0.000244702,
0.000207867,0.000299572,0.00069085,0.00199919,0.0297219,0.935943,0.0250571,0.00279091,0.00106379,0.000577747,0.000648054,0.000183412,0.000125331,0.000113104,6.72509e-05,0.000128388,7.64215e-05,9.17058e-05,8.8649e-05,0.000125331,
0.000113895,0.000163077,0.000300268,0.000561709,0.00195692,0.0237937,0.935409,0.0317689,0.00308034,0.00105353,0.000724786,0.000320977,0.000170842,0.00012166,8.80097e-05,6.4713e-05,8.28327e-05,5.17704e-05,6.73015e-05,0.000106129,
4.53837e-05,0.000103475,0.000127074,0.000210581,0.000508298,0.00154305,0.0267328,0.926831,0.0391262,0.00279564,0.00107287,0.000314056,0.000168828,0.000114367,6.71679e-05,6.17219e-05,4.1753e-05,4.35684e-05,4.90144e-05,4.35684e-05,
3.23177e-05,4.27055e-05,5.6556e-05,7.84859e-05,0.000155818,0.000378579,0.00128463,0.0304721,0.930934,0.0330783,0.00232803,0.000596723,0.000247,9.92615e-05,5.54018e-05,3.57803e-05,3.80887e-05,2.77009e-05,2.19299e-05,3.69345e-05,
3.56724e-05,2.67543e-05,3.8645e-05,5.8463e-05,7.23356e-05,0.000157553,0.00038645,0.00156463,0.03408,0.922757,0.0381119,0.00186883,0.000412214,0.000177371,7.13447e-05,5.74721e-05,4.26086e-05,3.66632e-05,1.68453e-05,2.67543e-05,
2.49273e-05,2.11047e-05,1.84862e-05,1.85266e-05,2.09111e-05,3.18365e-05,5.94698e-05,0.000171052,0.000960935,0.0594719,0.932082,0.00621794,0.000593062,0.000118542,4.89082e-05,2.93847e-05,2.6692e-05,2.82211e-05,2.88913e-05,2.76216e-05,
4.64792e-05,6.19723e-05,7.55287e-05,3.87327e-05,9.29584e-05,0.000108451,0.00020141,0.000354404,0.000956697,0.00371253,0.046332,0.923617,0.0216709,0.00157061,0.000534511,0.000271129,0.000112325,9.10218e-05,7.9402e-05,7.16554e-05,
8.51793e-05,4.12158e-05,7.96839e-05,6.8693e-05,8.24316e-05,9.34225e-05,0.000164863,0.000225313,0.000513824,0.00110733,0.00355006,0.0308899,0.932013,0.0278427,0.00196462,0.00062648,0.000288511,0.000148377,0.000115404,9.89179e-05,
7.19547e-05,5.97778e-05,5.53498e-05,5.64568e-05,7.41687e-05,7.85967e-05,7.97037e-05,0.00014723,0.000229148,0.000391876,0.0014081,0.00141253,0.0180518,0.958389,0.0176721,0.000911057,0.000400732,0.000204794,0.000187082,0.000118449,
