0.931315,0.0237128,0.00299416,0.00135879,0.000523075,0.000414853,0.000324668,0.000324668,0.000258532,0.000162334,0.000613261,0.000174358,0.000252519,0.000258532,0.000210433,0.000450927,0.000619273,0.00124456,0.00250715,0.0322804,
0.0269962,0.949947,0.0147252,0.00153148,0.000779143,0.000438387,0.000333098,0.00023738,0.000216322,0.00020675,0.00121562,0.000164635,0.000132091,0.00010529,0.000166549,0.000181864,0.000225894,0.000402015,0.000622166,0.00137259,
0.00175874,0.0249096,0.947615,0.0180295,0.00232025,0.000877756,0.000538917,0.000409835,0.000203304,0.000154898,0.000755129,0.000180715,0.000135536,0.000135536,0.000132309,0.000206531,0.000177487,0.000248482,0.000438878,0.000771264,
0.0013502,0.0031464,0.0404859,0.927433,0.0181489,0.00267651,0.00134277,0.000865977,0.000611653,0.000391309,0.00104066,0.000224591,0.000164063,0.000165656,0.000165125,0.000185832,0.000225653,0.000306357,0.000404052,0.00066581,
0.00037823,0.000724346,0.00226938,0.0294484,0.93498,0.0254877,0.00291522,0.00109187,0.000620868,0.000346116,0.000492412,0.000153433,0.00013916,0.000110614,8.20687e-05,0.000110614,0.000128455,0.000117751,0.000185547,0.00021766,
0.000305665,0.000503862,0.00103719,0.00356185,0.0854768,0.887451,0.0153619,0.00272052,0.00117211,0.000596599,0.000592917,0.000220293,0.000148982,0.000118516,0.000102781,0.000102781,9.24026e-05,0.000112155,0.000146304,0.000175431,
0.000238427,0.000307238,0.000569333,0.00145774,0.0052717,0.0764252,0.886715,0.0200941,0.0042952,0.00194511,0.00106898,0.000436094,0.000232291,0.00017137,0.000126226,0.000108695,0.000109133,0.000111763,0.000136307,0.000180574,
6.87477e-05,6.69385e-05,0.00012664,0.000236999,0.000506562,0.0014437,0.0320437,0.928316,0.0323566,0.00297605,0.000929903,0.000363639,0.000182724,9.04575e-05,7.77934e-05,5.42745e-05,3.25647e-05,2.89464e-05,5.42745e-05,4.34196e-05,
4.46079e-05,4.34641e-05,6.51961e-05,8.46406e-05,0.000158987,0.000382026,0.00126847,0.0383937,0.9289,0.0272566,0.00228415,0.000537582,0.000223039,0.000122386,5.4902e-05,5.37582e-05,3.66013e-05,2.85948e-05,3.54575e-05,2.63072e-05,
8.72632e-05,0.00010977,0.000127341,0.000188741,0.000355371,0.000662964,0.00189452,0.00849829,0.0708931,0.893777,0.0195485,0.00205404,0.000766811,0.000357542,0.000214012,0.0001305,9.95038e-05,8.23275e-05,7.89712e-05,7.34433e-05,
0.000112383,0.000116695,0.000121303,0.000125541,0.000154001,0.000230483,0.000407769,0.00122015,0.00688744,0.0594374,0.923729,0.00553946,0.00081157,0.000322391,0.000189605,0.00013488,0.00012049,0.000112162,0.000108811,0.000118001,
5.57037e-05,4.60996e-05,4.2258e-05,8.25951e-05,6.53078e-05,0.000113328,0.000178636,0.000393767,0.00100267,0.00352086,0.0569119,0.916629,0.0181575,0.00175563,0.000472521,0.000224736,0.000130616,9.21992e-05,6.14661e-05,6.33869e-05,
0.00027109,0.000210431,0.000167177,0.000145863,0.000166448,0.00022768,0.000385477,0.000859128,0.00227868,0.0080774,0.0208819,0.0728955,0.873109,0.0159213,0.00200039,0.000864131,0.000486158,0.000383705,0.000347018,0.000320962,
0.00027055,0.000226797,0.000178521,0.000159278,0.000156037,0.000194388,0.000283109,0.000501601,0.00108206,0.00278429,0.00570552,0.00762273,0.0429178,0.91943,0.0150969,0.00138273,0.000753516,0.000507003,0.000404238,0.000342593,
0.000290922,0.000232754,0.000189127,0.000161372,0.000156993,0.000177712,0.000228923,0.000338458,0.000612806,0.00128448,0.00295512,0.00253191,0.00341961,0.0337482,0.935808,0.0150538,0.00125141,0.000722889,0.000469182,0.000366761,
0.0003857,0.000287574,0.000224699,0.000186047,0.000179553,0.000190582,0.000255621,0.000348181,0.00053598,0.000906837,0.00229327,0.00137025,0.00176399,0.00258435,0.0340944,0.935522,0.0161326,0.00147147,0.000750578,0.000516396,
0.000606733,0.000427319,0.000327929,0.000281936,0.000259581,0.000302726,0.000387164,0.000471603,0.000698006,0.0011071,0.00265248,0.00124223,0.00126416,0.0016395,0.0029216,0.0236015,0.938607,0.0202094,0.00204062,0.000951464,
0.000804778,0.000522355,0.000368676,0.000292855,0.000230518,0.000225429,0.000255707,0.00030863,0.000374019,0.000488515,0.00184872,0.000588254,0.000680105,0.000818008,0.0013541,0.00275731,0.0235579,0.945666,0.0172352,0.00162253,
0.00198377,0.00108848,0.00059843,0.000362828,0.000249738,0.000221466,0.000254451,0.000226178,0.000292147,0.000249738,0.00109791,0.000197906,0.000409948,0.000405236,0.000584294,0.00115445,0.00239372,0.0248796,0.943201,0.0201487,
0.0274064,0.00312777,0.00128382,0.00070883,0.000480815,0.00053534,0.000515512,0.000500642,0.000579952,0.00103102,0.00188856,0.000812923,0.000728657,0.000728657,0.000614649,0.000822837,0.00123921,0.00360859,0.0312381,0.922148,


0.931181,0.0240566,0.00300707,0.00133782,0.000801485,0.000385677,0.000355546,0.000283231,0.000216943,0.000222969,0.000711092,0.000228996,0.000210917,0.000241048,0.000247074,0.000518253,0.000620699,0.00119921,0.00268166,0.0314929,
0.0270455,0.946156,0.0149971,0.00154,0.000920699,0.000629501,0.000525298,0.000414773,0.000412938,0.000502867,0.00163014,0.000281206,0.000246947,0.000212893,0.000218398,0.0002549,0.000355229,0.000529173,0.00088848,0.00223802,
0.00218506,0.0252022,0.94535,0.0185714,0.00241507,0.00111718,0.000538873,0.000440298,0.000318724,0.000213578,0.00101203,0.000124861,0.000154433,0.000115003,0.00020372,0.000177434,0.000200434,0.000285865,0.000552016,0.000821452,
0.00104592,0.00217687,0.0291709,0.934775,0.0246684,0.003125,0.00118197,0.000667517,0.00039966,0.000314626,0.000727041,0.000187075,0.000119048,0.000106293,0.000123299,0.000102041,0.000157313,0.000195578,0.000267857,0.000488946,
0.00024349,0.000365758,0.000757641,0.0168447,0.963188,0.014321,0.00116311,0.000559087,0.000320822,0.00023095,0.00122372,0.000121223,7.62867e-05,5.32962e-05,6.27014e-05,7.41966e-05,8.77819e-05,7.73317e-05,9.3007e-05,0.000135853,
0.000219468,0.000350494,0.000720643,0.00210297,0.035698,0.930474,0.0237845,0.00309549,0.00126768,0.000625649,0.000609271,0.00020309,0.000144129,8.18912e-05,8.51669e-05,0.000108096,9.17182e-05,7.86156e-05,0.000111372,0.000147404,
0.000134396,0.000204179,0.000299807,0.000589277,0.00178075,0.0276469,0.935836,0.0276753,0.00303426,0.00109843,0.000666813,0.000310146,0.000214517,0.000103382,6.46137e-05,6.20291e-05,6.20291e-05,5.42755e-05,6.97828e-05,9.30437e-05,
5.96552e-05,6.14629e-05,0.000128349,0.000262121,0.000506165,0.00151669,0.0315829,0.928692,0.032532,0.00285441,0.00090929,0.000347085,0.000173542,9.21944e-05,7.59248e-05,6.14629e-05,3.25392e-05,2.7116e-05,4.15779e-05,4.33856e-05,
3.11106e-05,5.06988e-05,7.37437e-05,7.37437e-05,0.000165923,0.000391763,0.001332,0.0371668,0.929374,0.02795,0.00227107,0.000573818,0.000203947,0.000106007,7.48959e-05,4.60898e-05,3.57196e-05,2.41971e-05,2.53494e-05,2.88061e-05,
3.66581e-05,1.38706e-05,4.26026e-05,6.83624e-05,8.81776e-05,0.000170411,0.000410174,0.00155351,0.0411007,0.921478,0.0323433,0.00181606,0.000436925,0.000165457,8.71868e-05,5.54825e-05,4.85472e-05,2.97228e-05,2.97228e-05,2.4769e-05,
5.53951e-05,5.9904e-05,6.95659e-05,7.72955e-05,8.37368e-05,0.000115943,0.000173271,0.000350406,0.00132691,0.0367662,0.9476,0.0117418,0.0008174,0.00025121,0.000139776,0.000102417,8.18044e-05,6.95659e-05,5.15303e-05,6.57012e-05,
0.00020639,0.000165891,0.00013351,0.000126403,0.00014918,0.000245372,0.000533058,0.0013433,0.00502912,0.032027,0.134735,0.801568,0.0185706,0.00289728,0.000862669,0.000382867,0.000257831,0.000251884,0.000265771,0.000249208,
5.2571e-05,4.70372e-05,6.64055e-05,8.02399e-05,6.64055e-05,0.000132811,0.000168781,0.000271156,0.000567213,0.00116486,0.00355823,0.0351368,0.931425,0.0239032,0.00195343,0.000713859,0.000262855,0.000185382,0.000143879,9.96082e-05,
0.000138163,0.000101095,6.73968e-05,0.000104465,7.75063e-05,0.000101095,0.000114575,0.000229149,0.000299916,0.000491997,0.00158719,0.00332603,0.0399427,0.924128,0.0257591,0.00201516,0.000734625,0.000330244,0.00021904,0.000232519,
0.000146506,8.85851e-05,8.17709e-05,9.53994e-05,8.5178e-05,8.17709e-05,9.88065e-05,0.00015332,0.00017717,0.000330491,0.000882444,0.000977844,0.00269503,0.033785,0.930464,0.0266369,0.00192162,0.000684831,0.000412262,0.00020102,
0.000266421,0.00019273,9.35308e-05,7.65252e-05,8.21937e-05,8.21937e-05,7.93595e-05,0.000124708,0.000136045,0.000204067,0.000753915,0.000470488,0.000912634,0.00230142,0.033963,0.940143,0.0177765,0.00151066,0.000518671,0.000311769,
0.000379169,0.000203733,0.000181096,0.000141481,7.92294e-05,0.000101866,8.20591e-05,0.000107526,0.000172607,0.000155629,0.000922457,0.00030277,0.00044708,0.000783806,0.00228068,0.0236924,0.950063,0.0177983,0.00148838,0.000616858,
0.000721401,0.000412609,0.000314115,0.000218284,0.000189002,0.000258214,0.000250228,0.000260876,0.000385989,0.000471173,0.00145079,0.000508441,0.000535061,0.000596287,0.000942347,0.00212161,0.0234256,0.946656,0.0184077,0.00187405,
0.0019211,0.000879925,0.000546665,0.000404544,0.000355078,0.000380932,0.000468955,0.000566541,0.000775464,0.00121348,0.00293194,0.0010742,0.00080326,0.000772923,0.000816561,0.00112755,0.00240455,0.0251586,0.937355,0.020043,
0.0219134,0.00267784,0.00134039,0.000866169,0.000663436,0.000551199,0.000525343,0.000500075,0.000562951,0.00070457,0.00168121,0.000592333,0.000579993,0.000575292,0.000730426,0.00103306,0.00186456,0.00393243,0.0377183,0.920987,


0.930615,0.0245223,0.00311932,0.0011566,0.000730179,0.000519887,0.000309596,0.000181084,0.000251181,0.000257023,0.000625033,0.000169401,0.000175243,0.000198609,0.000268706,0.000391376,0.000636716,0.00125007,0.00287982,0.0317423,
0.0270877,0.937853,0.0213111,0.00238435,0.00103941,0.000560653,0.000456712,0.000437813,0.000491359,0.000759086,0.00170716,0.000488209,0.00035592,0.000330722,0.000324423,0.000349621,0.000377968,0.000579551,0.000919723,0.00218592,
0.00185502,0.0248677,0.94714,0.0181177,0.00233325,0.000986908,0.00058788,0.00040512,0.000249773,0.000152301,0.00119708,0.000112702,9.74724e-05,9.44264e-05,0.000112702,0.000167531,0.000188853,0.000261957,0.000362476,0.000709721,
0.000887993,0.00216021,0.0299484,0.933904,0.0248766,0.00317628,0.00131491,0.000554996,0.000435458,0.000324459,0.000772725,0.000136614,0.000149422,0.000128076,7.68456e-05,0.000119538,0.000145153,0.000170768,0.000273229,0.000443997,
0.00054446,0.00100984,0.00277113,0.0562103,0.915587,0.0168506,0.0023818,0.00119608,0.000648599,0.0004481,0.00073675,0.000219945,0.000170684,0.000117534,0.000125312,0.000136115,0.000135683,0.000152103,0.000241982,0.000315441,
0.000190447,0.000325073,0.00075522,0.00197342,0.0354527,0.93116,0.0237993,0.003057,0.00112626,0.000610743,0.000551639,0.00018388,0.000151044,0.000111641,6.23877e-05,8.20891e-05,6.56713e-05,0.000101791,7.88056e-05,0.000160895,
0.000106744,0.000155264,0.00029112,0.000596796,0.00180494,0.0286996,0.935616,0.0271445,0.00296457,0.00104561,0.00064289,0.000235322,0.000155264,0.000116448,6.065e-05,7.0354e-05,5.8224e-05,7.7632e-05,7.7632e-05,8.0058e-05,
6.15167e-05,7.20624e-05,0.000151155,0.000216187,0.000520256,0.00156428,0.0310361,0.927846,0.0338237,0.00278056,0.000987783,0.000342736,0.000174004,0.000108972,6.15167e-05,6.5032e-05,5.80015e-05,3.691e-05,3.86677e-05,5.44862e-05,
3.68955e-05,3.45895e-05,6.22611e-05,8.64738e-05,0.00016603,0.000400085,0.00130864,0.0363363,0.929534,0.0285882,0.00236938,0.000552279,0.000191395,0.000124522,4.95783e-05,4.26604e-05,3.80485e-05,2.19067e-05,1.84477e-05,3.80485e-05,
3.1725e-05,2.87508e-05,4.06477e-05,6.64242e-05,8.72438e-05,0.000155651,0.000381691,0.00156246,0.0400072,0.922046,0.0329891,0.00174488,0.000440184,0.00014772,7.93125e-05,6.04758e-05,3.6682e-05,3.27164e-05,2.28023e-05,3.86649e-05,
4.38903e-05,5.74446e-05,5.74446e-05,7.0999e-05,8.8426e-05,0.000117471,0.000179434,0.000387267,0.00133478,0.0360714,0.948096,0.0119362,0.000799061,0.000283996,0.000139416,9.55259e-05,6.77718e-05,6.90626e-05,5.67992e-05,4.7763e-05,
5.32877e-05,4.56751e-05,3.61595e-05,6.09002e-05,8.7544e-05,0.000125607,0.000156057,0.000336854,0.000955372,0.00372823,0.054205,0.918382,0.0189913,0.00172043,0.000506233,0.000226473,0.000146541,9.70597e-05,8.18346e-05,5.70939e-05,
6.9004e-05,5.79633e-05,6.62438e-05,8.28048e-05,7.17641e-05,0.000146288,0.000135248,0.000273256,0.00052167,0.00116755,0.00372345,0.0342839,0.931057,0.0250429,0.00195419,0.000640357,0.000317418,0.00017665,0.000121447,9.10852e-05,
0.000123831,0.000117137,0.00011379,8.70162e-05,9.70565e-05,9.37097e-05,0.000140565,0.000254355,0.000388226,0.000786492,0.00166,0.00337355,0.0383674,0.92523,0.0255794,0.00206831,0.000709517,0.000371492,0.000274436,0.000163992,
0.000109077,9.88506e-05,9.5442e-05,7.83988e-05,8.18074e-05,9.5442e-05,0.000115894,0.000132937,0.000252239,0.00032723,0.000845343,0.00110099,0.00279849,0.0348397,0.928678,0.0273646,0.00179635,0.000616964,0.000354499,0.000218153,
0.00017772,0.00014951,0.000115659,8.46284e-05,0.000121301,8.74493e-05,7.61655e-05,9.59122e-05,0.000169257,0.000234139,0.00105785,0.00053598,0.000840642,0.00235831,0.0340347,0.939132,0.0182854,0.00152331,0.000623429,0.000296199,
0.000363414,0.000299453,0.000165717,0.000104663,0.000101756,0.000127922,0.000101756,9.30341e-05,0.000125015,0.000159902,0.00115711,0.000348878,0.000439005,0.000834399,0.0021049,0.023244,0.950445,0.0176241,0.00156123,0.000598907,
0.000782363,0.000492247,0.000306762,0.000171216,0.000156948,0.000147436,0.000235422,0.000235422,0.000292494,0.000413772,0.00154095,0.000492247,0.000444686,0.000637305,0.000860837,0.00222581,0.0234709,0.946226,0.0189479,0.00191905,
0.00223335,0.0010579,0.000526396,0.000362856,0.0002402,0.000219758,0.000199315,0.000173762,0.000163541,0.000143098,0.00108857,0.000281085,0.000367966,0.000378188,0.00063372,0.0011499,0.00280574,0.0251699,0.940251,0.0225533,
0.027542,0.00342653,0.00116781,0.000677617,0.000475774,0.000408493,0.000494997,0.000466162,0.000850626,0.00107169,0.00208091,0.000797762,0.000749704,0.000696841,0.000581502,0.000836209,0.00147538,0.00358032,0.0307619,0.921858,


0.931427,0.0242431,0.00347451,0.00134516,0.000554956,0.000470506,0.000289542,0.000229221,0.000205092,0.000217157,0.000693695,0.000156835,0.000156835,0.000138739,0.000229221,0.000289542,0.000633373,0.0013331,0.00276271,0.0311499,
0.0269991,0.952556,0.0133524,0.00111329,0.000645511,0.000480579,0.00031849,0.000187682,0.000136496,0.000160667,0.00126685,9.81063e-05,9.81063e-05,0.000125121,0.000137918,0.00014787,0.00021754,0.000373941,0.000482,0.00110192,
0.00181953,0.0246629,0.95184,0.0140633,0.00146814,0.000840231,0.000554436,0.000399139,0.000273973,0.000248477,0.00138957,0.000167351,0.000125629,0.000130728,0.000152053,0.000153907,0.000210232,0.000292516,0.000451059,0.000756555,
0.00104321,0.00217371,0.0287515,0.934915,0.024893,0.00313835,0.00126145,0.000637274,0.00039284,0.000327367,0.000742031,0.000157136,0.000126582,0.000100392,0.000113487,0.000174595,0.000161501,0.000170231,0.000274988,0.000445218,
0.000361118,0.000682906,0.00199151,0.0278955,0.934784,0.0273842,0.00307487,0.00115486,0.00067218,0.000328939,0.000550615,0.000153743,0.000117989,0.000121564,6.79331e-05,7.15085e-05,8.58102e-05,0.000107263,0.000200224,0.000193073,
0.000150679,0.000330839,0.000746846,0.00200797,0.0341551,0.931746,0.0244297,0.00290222,0.00131026,0.000579788,0.000547032,0.000222743,0.000140852,0.000111372,0.000114647,9.82691e-05,9.49935e-05,9.49935e-05,0.000117923,9.82691e-05,
0.000144718,0.000142134,0.000297189,0.000612468,0.00185033,0.0267108,0.935595,0.0289411,0.00303391,0.0010828,0.000620221,0.000258425,0.000131797,0.000134381,5.68536e-05,8.26961e-05,6.46063e-05,4.91008e-05,8.52803e-05,0.000105954,
6.33153e-05,6.67377e-05,0.000136898,0.000272085,0.0005031,0.0015709,0.0308773,0.927863,0.0338959,0.0027893,0.00105411,0.000313154,0.000155721,0.000118074,8.04275e-05,5.13367e-05,3.42245e-05,4.62031e-05,5.13367e-05,5.64704e-05,
4.25729e-05,4.02717e-05,4.37235e-05,8.85977e-05,0.000161087,0.000396964,0.00126798,0.0353229,0.930178,0.0290589,0.00228168,0.000567255,0.000220919,9.20496e-05,5.7531e-05,4.14223e-05,2.76149e-05,4.02717e-05,2.87655e-05,4.14223e-05,
3.76648e-05,4.65854e-05,2.97354e-05,6.44266e-05,8.92061e-05,0.000180394,0.00036178,0.00162553,0.0389295,0.922534,0.0335385,0.00174447,0.000363763,0.0001685,8.42502e-05,5.64972e-05,3.76648e-05,3.76648e-05,3.46912e-05,3.46912e-05,
7.53471e-05,5.79593e-05,6.89072e-05,7.47031e-05,7.8567e-05,0.000128798,0.000180962,0.000381243,0.00132856,0.0348844,0.948815,0.0123344,0.000810142,0.000265969,0.00013073,8.95149e-05,8.3075e-05,8.5651e-05,6.24672e-05,6.37552e-05,
5.22491e-05,4.06382e-05,5.80546e-05,5.0314e-05,6.96655e-05,0.000112239,0.000185775,0.00037929,0.000996604,0.00369034,0.052849,0.919548,0.0190903,0.00171068,0.000505075,0.000236089,0.000185775,0.000104498,8.32116e-05,5.22491e-05,
7.17831e-05,8.55876e-05,6.07396e-05,7.4544e-05,8.83485e-05,0.000102153,0.000162893,0.000287133,0.000563222,0.00118718,0.00345111,0.0334675,0.931527,0.0255079,0.00208171,0.000623961,0.000289893,0.000179458,9.11094e-05,9.66312e-05,
0.000111193,7.7498e-05,0.000117932,0.000117932,6.06506e-05,0.000121301,0.000181952,0.000205538,0.000279667,0.000485205,0.00139833,0.00329872,0.0387389,0.924739,0.0266054,0.00203516,0.000734546,0.000309992,0.000245972,0.000134779,
0.000172335,6.54874e-05,8.2721e-05,5.51473e-05,6.89341e-05,6.54874e-05,8.2721e-05,0.000175782,0.000224036,0.00029297,0.000696235,0.000965078,0.00258848,0.0325059,0.930439,0.0284836,0.00178195,0.000654874,0.000420498,0.000179229,
0.000139302,0.0001605,8.78208e-05,7.87359e-05,7.26793e-05,0.000121132,7.26793e-05,0.000118104,0.00017867,0.000260434,0.000735877,0.000411849,0.000923632,0.00244081,0.0336384,0.938886,0.0191056,0.00164437,0.000578406,0.000345226,
0.000381613,0.000289191,0.000196769,9.54033e-05,9.83847e-05,8.34779e-05,7.15525e-05,0.000101366,0.000125217,0.000193788,0.00116571,0.000363725,0.000515774,0.000816891,0.00200347,0.0241609,0.948637,0.0186335,0.00137739,0.000688693,
0.0009363,0.000496696,0.000342549,0.000282603,0.000208384,0.000245493,0.000245493,0.00029973,0.000362531,0.000656552,0.00174129,0.000642279,0.000599461,0.000656552,0.00114468,0.00239213,0.0234732,0.944421,0.0189972,0.00185547,
0.00217188,0.00100497,0.000485816,0.000276248,0.000185753,0.000257197,0.000142887,0.000138124,0.000190516,0.000176227,0.00108118,0.000204805,0.000300063,0.00044295,0.000676332,0.00106213,0.00285774,0.0246814,0.942793,0.020871,
0.0138003,0.000895879,0.000462528,0.000297768,0.000257436,0.00018278,0.00014159,0.00016905,0.000164759,0.000239416,0.00163987,0.000203375,0.000203375,0.00019651,0.000320937,0.000326944,0.000467676,0.000949082,0.0143856,0.964695,


0.915497,0.0194304,0.00254835,0.00127181,0.000839868,0.000648506,0.000507937,0.000489037,0.000523687,0.000624093,0.00129071,0.000401231,0.000361068,0.000350437,0.000421312,0.000567393,0.000833568,0.00135686,0.00363234,0.0484048,
0.0270517,0.94192,0.0187716,0.00199814,0.000944528,0.000495815,0.000463587,0.000416485,0.00042888,0.000580104,0.00172792,0.000342113,0.000280136,0.000317322,0.00021568,0.000270219,0.000381778,0.00051069,0.00085776,0.00202541,
0.00134871,0.0247363,0.951404,0.0160477,0.00169711,0.000688249,0.000438171,0.00026504,0.000241528,0.00013252,0.00110932,0.000102596,6.626e-05,7.05348e-05,0.000106871,0.000115421,0.000181681,0.000280002,0.0003313,0.000636951,
0.000822066,0.00217173,0.0271977,0.936492,0.0248297,0.00307968,0.00141101,0.000633931,0.000413078,0.000237213,0.000838425,0.000163595,0.000167685,0.000171775,0.000139056,0.000102247,0.000188134,0.000196314,0.000261752,0.000482606,
0.000379376,0.000858965,0.00195057,0.0274511,0.935245,0.0274618,0.00295269,0.00111308,0.000608434,0.000357902,0.000522537,0.000175372,0.000121687,0.00011095,7.87385e-05,0.00011095,6.44224e-05,0.000100213,0.00014674,0.000189688,
0.000206914,0.000357994,0.00063388,0.00208885,0.0332245,0.93251,0.0243075,0.00318582,0.00123492,0.000532065,0.000643733,0.000206914,0.000167502,9.85306e-05,0.000111668,9.19619e-05,5.91183e-05,0.000108384,0.000121521,0.000108384,
9.83325e-05,0.000170788,0.000338988,0.000608109,0.00186055,0.0258925,0.935548,0.0297896,0.00300173,0.00104802,0.000659863,0.000256182,0.000152674,0.000124209,5.43416e-05,7.76309e-05,5.17539e-05,8.02186e-05,0.000103508,8.28063e-05,
8.00058e-05,8.71175e-05,0.000113786,0.000268464,0.000499592,0.00147566,0.0298724,0.927659,0.0352488,0.00282154,0.00095118,0.000344914,0.000200904,9.6007e-05,5.86709e-05,3.02244e-05,4.44477e-05,5.6893e-05,4.26698e-05,4.80035e-05,
3.68864e-05,3.4581e-05,5.41769e-05,9.79795e-05,0.0001706,0.000367711,0.00130716,0.0343943,0.930149,0.029893,0.00235381,0.000563671,0.000195959,0.000119881,6.10931e-05,5.07188e-05,5.18715e-05,2.19013e-05,3.91918e-05,3.68864e-05,
2.18109e-05,3.56906e-05,4.65961e-05,6.93985e-05,8.32781e-05,0.000182419,0.000398545,0.00155353,0.037954,0.922454,0.0345039,0.00185294,0.000374752,0.000188367,8.22867e-05,5.75016e-05,3.96563e-05,3.56906e-05,2.47852e-05,4.06477e-05,
5.41762e-05,5.48211e-05,5.7401e-05,7.03e-05,8.4489e-05,0.000128346,0.000179297,0.000350855,0.00134538,0.0339078,0.949816,0.0124038,0.000765561,0.000290874,0.000123831,0.000106417,7.73945e-05,7.54597e-05,5.28863e-05,5.48211e-05,
3.507e-05,3.70183e-05,6.4295e-05,7.79334e-05,6.03984e-05,0.000111055,0.000173402,0.00038577,0.00097027,0.00360442,0.0525173,0.919758,0.0194054,0.00171453,0.000504619,0.000194833,0.000150022,9.74167e-05,8.183e-05,5.65017e-05,
7.98949e-05,7.43849e-05,8.26499e-05,6.06099e-05,7.98949e-05,0.00010469,0.000168055,0.00025897,0.000487634,0.00124526,0.00368618,0.0332142,0.931387,0.0257923,0.0018486,0.000697014,0.000360904,0.00017081,0.000112955,8.81599e-05,
0.000127937,9.42691e-05,9.76359e-05,7.74353e-05,8.41689e-05,0.000127937,0.000138037,0.000185171,0.000326575,0.000582448,0.00145444,0.00316812,0.0370478,0.925342,0.0276343,0.00210085,0.000690185,0.000380443,0.000198638,0.000141404,
0.000151624,6.54739e-05,6.54739e-05,6.54739e-05,7.58119e-05,8.27039e-05,0.000110272,0.000175746,0.000234328,0.000265342,0.000823593,0.00104758,0.00266031,0.0326887,0.92924,0.0289601,0.001978,0.000706429,0.000337707,0.000265342,
0.000225765,0.000123707,7.73168e-05,8.35021e-05,9.89655e-05,8.96875e-05,9.27802e-05,0.000105151,0.000163912,0.000259784,0.000621627,0.000507198,0.000986562,0.00246795,0.0339885,0.937887,0.0194807,0.00169788,0.00063709,0.00040514,
0.000342762,0.000264416,0.000179542,9.46676e-05,0.000124047,0.000130576,9.7932e-05,9.7932e-05,0.000146898,0.000137105,0.00102502,0.000388464,0.000479867,0.00101523,0.00227855,0.0234678,0.947535,0.01973,0.00171707,0.000747548,
0.00091078,0.000485953,0.00028118,0.000293406,0.000204773,0.000220054,0.000207829,0.000247561,0.00043094,0.000675444,0.00173904,0.000544023,0.000565417,0.000696839,0.000950512,0.00247561,0.0235825,0.941111,0.0222652,0.00211191,
0.00235976,0.001068,0.000549255,0.000417027,0.000228856,0.000193256,0.000147485,0.000111885,0.000183085,0.000162742,0.00101714,0.00029497,0.000376341,0.000467884,0.000645883,0.00116971,0.00271576,0.0250114,0.941413,0.0214667,
0.0266149,0.0032452,0.00132739,0.000741163,0.000502483,0.000473172,0.000556919,0.000561106,0.000573668,0.000896095,0.00203506,0.000870971,0.000657415,0.000556919,0.000653228,0.000774661,0.00133158,0.00341689,0.0371503,0.917061,


0.931953,0.0252854,0.00290873,0.00139402,0.000748304,0.000476742,0.000265527,0.000211215,0.000211215,0.000193111,0.000724165,0.000181041,0.000193111,0.000187076,0.000271562,0.000404326,0.000573298,0.00120091,0.00267338,0.0299442,
0.0270511,0.943402,0.0181583,0.00179347,0.0008877,0.00057373,0.000413357,0.000413357,0.000429168,0.000596318,0.00168957,0.000368181,0.000237172,0.000239431,0.000257501,0.000207808,0.000300418,0.000485638,0.00066634,0.00182961,
0.00215061,0.024907,0.942688,0.021455,0.00266173,0.00121881,0.000636928,0.000365644,0.000302737,0.000235899,0.000888553,0.000192651,0.000137608,0.000129745,0.000125813,0.000196583,0.000208378,0.000255557,0.000401029,0.000841374,
0.00105982,0.00254132,0.0375638,0.925637,0.0252565,0.00291823,0.00113072,0.000716495,0.000444078,0.000261222,0.000548567,0.000153002,0.000130611,0.000138075,0.000126879,0.000153002,0.00014927,0.000238832,0.000332125,0.000500054,
0.000375393,0.000707884,0.00204857,0.0271749,0.934664,0.0282581,0.00307107,0.00124058,0.000564877,0.000296739,0.000575602,0.000135856,0.000117981,9.29544e-05,6.79282e-05,8.58041e-05,7.15034e-05,0.000135856,0.00010368,0.000210935,
0.000215393,0.000401415,0.00069187,0.00201687,0.0324787,0.932621,0.0251031,0.00302856,0.0012173,0.000613545,0.000600491,0.000189285,0.000146859,0.000153386,9.79061e-05,8.4852e-05,8.15884e-05,6.20072e-05,8.81155e-05,0.000107697,
9.57887e-05,0.000183811,0.000279599,0.00060321,0.00163876,0.0261011,0.934962,0.0304686,0.00298239,0.00108992,0.000698998,0.000235588,0.000173455,8.8022e-05,6.98998e-05,5.43665e-05,3.88332e-05,6.98998e-05,8.02554e-05,8.54331e-05,
3.97228e-05,7.764e-05,0.000146252,0.000252781,0.000566953,0.00152933,0.0285589,0.927733,0.0361748,0.00292685,0.00105807,0.000332227,0.000178753,0.000124585,6.5001e-05,5.95842e-05,2.34726e-05,3.25005e-05,5.77786e-05,6.13898e-05,
2.9995e-05,3.69169e-05,4.49925e-05,0.000104983,0.000206504,0.000408394,0.0013567,0.0335817,0.930017,0.0307241,0.00237422,0.000581442,0.000219194,0.00010729,6.46046e-05,3.92242e-05,3.92242e-05,2.76877e-05,1.84585e-05,1.73048e-05,
3.56454e-05,3.06946e-05,4.35666e-05,6.33695e-05,9.20839e-05,0.000155453,0.000402991,0.00157335,0.0367959,0.922828,0.0352909,0.00184663,0.00039606,0.000179217,8.21824e-05,5.14878e-05,4.75272e-05,3.16848e-05,3.26749e-05,2.07931e-05,
5.87012e-05,5.16055e-05,6.64421e-05,7.09575e-05,7.67631e-05,0.000115467,0.00018836,0.000339306,0.00132433,0.0327746,0.950628,0.0126582,0.000869552,0.000273509,0.000141915,9.28899e-05,7.93434e-05,7.28927e-05,5.93463e-05,5.80562e-05,
5.26677e-05,6.43717e-05,5.46184e-05,5.85197e-05,7.60756e-05,0.000111187,0.000197016,0.000433046,0.000961674,0.00367894,0.0507424,0.920916,0.0198752,0.00161514,0.000540332,0.000224325,0.000156052,0.000109237,6.43717e-05,6.8273e-05,
7.17877e-05,6.90266e-05,6.90266e-05,8.2832e-05,7.73098e-05,0.000124248,0.000171186,0.000289912,0.000499753,0.00123696,0.00364461,0.0320587,0.931592,0.0267575,0.00189133,0.000640567,0.000314761,0.000165664,0.000124248,0.000118726,
0.000130652,7.37009e-05,0.000127301,8.3751e-05,6.03007e-05,0.000120601,0.000134002,0.000187602,0.000378554,0.000643207,0.00167167,0.00367164,0.0368471,0.924356,0.027936,0.00211722,0.000740359,0.000368504,0.000231153,0.000120601,
0.000102921,7.30121e-05,5.45392e-05,2.90289e-05,5.89375e-05,7.21324e-05,7.65307e-05,7.12528e-05,0.000128431,0.000211119,0.00122097,0.000492612,0.00101513,0.0155577,0.963183,0.0163081,0.000643914,0.000334272,0.000227833,0.000138987,
0.000200852,0.000116118,0.000119256,7.21813e-05,8.15963e-05,8.78729e-05,0.000103565,0.000125533,0.000147501,0.000182022,0.000872452,0.00042995,0.000863038,0.00249182,0.0335549,0.938169,0.0198248,0.00165703,0.000611972,0.000288725,
0.000392236,0.000273576,0.000197766,0.000145028,0.000115363,9.22908e-05,7.91064e-05,9.22908e-05,0.000112067,0.000158213,0.00113715,0.000319722,0.000415308,0.000959165,0.00241934,0.0235803,0.947322,0.0198722,0.00158213,0.00073503,
0.000892325,0.000403606,0.000310255,0.000255342,0.000194939,0.000186702,0.00024436,0.000389877,0.000420079,0.000546378,0.00176543,0.000604036,0.000496956,0.000735825,0.00111197,0.00255068,0.0233844,0.943525,0.0200512,0.00193017,
0.00229847,0.000998224,0.000573339,0.000342979,0.000220121,0.000194526,0.000194526,0.000163811,0.000102382,0.000255955,0.000972628,0.000215002,0.000317384,0.000486314,0.000732031,0.0011262,0.00280526,0.0248686,0.940787,0.0223449,
0.0272504,0.00285942,0.00138248,0.000553852,0.000467984,0.000429343,0.000429343,0.000420756,0.000583906,0.000785698,0.00178177,0.000553852,0.000459397,0.000571026,0.000510918,0.00075135,0.00121075,0.0028723,0.0279631,0.928162,


0.930967,0.0259898,0.0031154,0.00143417,0.000759265,0.000451943,0.000307321,0.00026514,0.000241036,0.000228985,0.000608617,0.000247062,0.000192829,0.000180777,0.000289244,0.000343477,0.000602591,0.00120518,0.00280807,0.029762,
0.0268549,0.940931,0.019345,0.00215089,0.000971286,0.00070568,0.000434865,0.00035935,0.000479133,0.000604124,0.0017004,0.000484341,0.000304666,0.000299458,0.00025519,0.000265606,0.000354142,0.000546837,0.000820255,0.00213266,
0.00146812,0.0246294,0.950165,0.0165453,0.00183817,0.000928597,0.000498018,0.000297428,0.000212695,0.000169465,0.00111017,0.000129692,0.000121046,0.000124505,0.000127963,0.00015736,0.000185028,0.000288781,0.000394264,0.000608689,
0.000802601,0.00218219,0.0279616,0.935925,0.0252394,0.00280725,0.00122794,0.00066945,0.00045493,0.00029589,0.000824793,0.000114657,0.000125753,9.98628e-05,9.98628e-05,0.00013315,0.000125753,0.000181232,0.00032178,0.000406848,
0.000343083,0.000789805,0.00207994,0.0261958,0.935332,0.0287367,0.00283758,0.00109715,0.000693313,0.000314492,0.000468165,0.00018941,8.57706e-05,6.79018e-05,7.14755e-05,0.00010364,0.000110787,8.93444e-05,0.000128656,0.000264459,
0.00018509,0.000293591,0.000737169,0.00197855,0.0316312,0.933626,0.0251371,0.00306356,0.00122861,0.000532932,0.000628668,0.000213811,0.000118075,9.89274e-05,8.61626e-05,5.10593e-05,8.29714e-05,7.97802e-05,8.61626e-05,0.000140413,
0.000107648,0.000174629,0.0003062,0.00062436,0.00173194,0.0262518,0.934744,0.0302779,0.00304047,0.00106213,0.000665027,0.000291846,0.000157884,0.000102864,7.65499e-05,8.37265e-05,5.02359e-05,7.17655e-05,7.41577e-05,0.000105256,
8.92064e-05,0.000120853,0.00018277,0.000326784,0.000792309,0.0026262,0.0700889,0.901909,0.0179575,0.00324629,0.00136516,0.000459333,0.000239183,0.000146537,8.80598e-05,7.5447e-05,6.53569e-05,6.62741e-05,7.40711e-05,8.04921e-05,
3.84715e-05,4.85474e-05,4.67154e-05,0.000100759,0.000168542,0.000414027,0.00145825,0.0347004,0.930986,0.0286365,0.00223135,0.000566997,0.000236325,0.000124574,6.50352e-05,4.03035e-05,4.57994e-05,2.93116e-05,3.02276e-05,3.20596e-05,
3.07217e-05,2.77486e-05,4.06319e-05,5.35152e-05,0.000104057,0.000166492,0.000373615,0.00152419,0.035764,0.922574,0.0366331,0.00183042,0.000466771,0.000148653,8.22548e-05,5.05421e-05,3.46857e-05,3.36947e-05,2.37845e-05,3.76588e-05,
5.47349e-05,5.28031e-05,5.47349e-05,7.21213e-05,9.59471e-05,0.000111402,0.000162273,0.000355455,0.0013175,0.0318879,0.951222,0.0130127,0.000839054,0.000258864,0.000138447,0.000103674,8.11365e-05,7.08334e-05,5.98864e-05,4.82955e-05,
4.87965e-05,4.68446e-05,6.83151e-05,6.24595e-05,5.07483e-05,0.000130775,0.000169812,0.000349383,0.000925181,0.0037827,0.0493352,0.922082,0.0201627,0.00164151,0.000548472,0.000230319,0.00013663,9.36892e-05,6.44114e-05,7.02669e-05,
9.96485e-05,8.30404e-05,4.98242e-05,6.08963e-05,5.81283e-05,0.000105184,0.000141169,0.000276801,0.000525922,0.00121793,0.00365101,0.0315138,0.931907,0.027038,0.001921,0.000592355,0.000357074,0.000190993,0.000124561,8.58084e-05,
0.000121691,9.46486e-05,8.11274e-05,6.08456e-05,8.11274e-05,9.12683e-05,9.12683e-05,0.0002231,0.000341411,0.000618596,0.00153128,0.00321129,0.0358279,0.92539,0.0286481,0.00217016,0.000730147,0.000358313,0.000179156,0.000148734,
0.000117052,7.22966e-05,9.63955e-05,8.95101e-05,6.88539e-05,7.22966e-05,8.60674e-05,0.000110166,0.000230661,0.000333942,0.000753951,0.00105002,0.0027335,0.0307846,0.929438,0.0307398,0.00203463,0.000681654,0.000313285,0.000192791,
0.000222935,0.000111468,0.000121303,0.000104911,9.83539e-05,9.1797e-05,8.19616e-05,0.000131139,0.000160645,0.000236049,0.00072454,0.000537668,0.000914691,0.00273096,0.0342665,0.935945,0.02071,0.00182283,0.000642579,0.000344239,
0.000468338,0.000255457,0.000147379,0.000111353,0.000134279,0.000131004,0.000121178,0.000140829,0.000124453,0.000153929,0.000956327,0.000419212,0.000530565,0.000975977,0.00231549,0.0236069,0.947029,0.0200861,0.00160807,0.000684494,
0.00100568,0.000590081,0.000380697,0.000234763,0.000168141,0.000174486,0.000244281,0.000352145,0.000393387,0.000669393,0.00175438,0.000602771,0.000602771,0.000720153,0.00102788,0.00254433,0.0239173,0.940729,0.0218457,0.00204308,
0.00220959,0.0011533,0.000652098,0.000436528,0.000269462,0.000194013,0.000258683,0.000134731,0.000177845,0.000237126,0.000943117,0.00028024,0.000420361,0.000414971,0.000603595,0.00121797,0.00280779,0.0249522,0.93901,0.0236264,
0.0273979,0.00279525,0.00118466,0.000811955,0.000403759,0.000399322,0.000452565,0.000483623,0.000612294,0.00103824,0.00207204,0.000701032,0.000576799,0.000527992,0.000572362,0.000754275,0.00125565,0.0031369,0.0278327,0.926991,


0.931893,0.0258131,0.00325895,0.00119054,0.000745591,0.00044495,0.000252539,0.000228488,0.000180385,0.000240513,0.000607296,0.000174372,0.000198423,0.000222475,0.000282603,0.000384821,0.00072154,0.00114845,0.00282603,0.0291863,
0.0267698,0.935861,0.0220902,0.00239633,0.00118525,0.000733109,0.000555484,0.000555484,0.00058455,0.000936572,0.00209921,0.000497352,0.000397236,0.000297119,0.000274512,0.000300349,0.000432761,0.000645911,0.000975326,0.00241248,
0.00186408,0.0247768,0.942489,0.0219496,0.00266409,0.00107962,0.000617478,0.000396118,0.000279613,0.000264079,0.000998062,0.000151457,9.70878e-05,0.000147573,0.000166991,0.000151457,0.000186408,0.000349516,0.000481555,0.000889324,
0.000846063,0.00205141,0.0252544,0.938666,0.0254051,0.0029052,0.00103923,0.000691531,0.000305201,0.000316791,0.000815156,0.000150669,0.000100446,0.000131352,0.000127489,0.000127489,0.000123626,0.000212482,0.000328381,0.000401783,
0.000367664,0.000731956,0.00180122,0.0254903,0.937072,0.0281921,0.00262762,0.00110974,0.000583541,0.000333934,0.000559929,0.000151788,9.44459e-05,9.10728e-05,7.75806e-05,8.76998e-05,0.000114684,0.000111311,0.000118057,0.000283338,
0.000204339,0.000359881,0.000643516,0.00204949,0.029986,0.935417,0.0249172,0.00298884,0.00113454,0.00057032,0.000713663,0.000265336,0.000131143,0.000115894,7.31962e-05,7.01463e-05,8.53955e-05,7.6246e-05,9.45451e-05,0.000103695,
0.000116341,0.000173219,0.000330926,0.000623071,0.00172702,0.0249047,0.935283,0.0314043,0.00282321,0.000992776,0.000648924,0.000243023,0.000193902,0.000137024,7.49753e-05,6.98046e-05,5.68778e-05,6.20485e-05,6.72192e-05,6.72192e-05,
6.94301e-05,8.18919e-05,0.00014064,0.000256357,0.000503813,0.00148652,0.0272415,0.927138,0.0382756,0.00293921,0.000913273,0.000340029,0.000195828,0.000108596,7.29906e-05,5.16275e-05,4.45065e-05,4.8067e-05,4.98473e-05,4.27262e-05,
3.78472e-05,5.29861e-05,4.97421e-05,9.94842e-05,0.000158958,0.000370903,0.00125545,0.0324892,0.931459,0.0306487,0.00226975,0.000566627,0.000204375,0.00010381,6.4881e-05,4.21726e-05,4.00099e-05,1.94643e-05,3.46032e-05,3.24405e-05,
2.07414e-05,1.61322e-05,2.56798e-05,3.21546e-05,5.93708e-05,0.000114791,0.000301353,0.00130802,0.0706183,0.916179,0.0100781,0.000816705,0.000199841,8.73552e-05,4.31289e-05,2.79844e-05,2.20583e-05,1.72296e-05,1.47055e-05,1.70101e-05,
5.16053e-05,5.93461e-05,5.99911e-05,7.16023e-05,8.7729e-05,0.000119982,0.000161266,0.000370913,0.00131077,0.031009,0.951707,0.0133967,0.000818589,0.000281249,0.00014772,9.93402e-05,7.09573e-05,6.06362e-05,6.38615e-05,5.16053e-05,
1.28387e-05,1.34806e-05,1.25819e-05,1.5278e-05,1.81667e-05,2.86302e-05,4.6155e-05,9.3979e-05,0.000299205,0.00128278,0.0712516,0.91936,0.00653738,0.000683852,0.000177495,7.51062e-05,3.55631e-05,2.29812e-05,1.91296e-05,1.34164e-05,
7.1715e-05,7.99898e-05,6.0682e-05,6.61985e-05,9.10229e-05,0.000132397,0.000171013,0.000237211,0.000540621,0.00116675,0.00358299,0.0313726,0.931683,0.0273951,0.0019501,0.000656468,0.000300652,0.000176529,0.000162738,0.000102056,
0.000126815,0.000103454,0.000126815,9.67799e-05,0.000103454,0.000160187,0.000180211,0.000206909,0.000357084,0.000787588,0.00155515,0.0036476,0.0346172,0.925479,0.0291207,0.00191224,0.000687471,0.000340398,0.000233607,0.00015685,
0.000147794,0.000113423,0.00011686,8.93637e-05,6.87413e-05,0.000106549,8.93637e-05,0.000120297,0.000213098,0.000329958,0.000855829,0.00111017,0.00272215,0.0306071,0.928915,0.0312601,0.00193163,0.000646168,0.000340269,0.000216535,
0.00013608,7.95199e-05,7.01866e-05,6.75732e-05,6.79466e-05,6.45866e-05,6.68265e-05,8.88532e-05,0.000109013,0.00017136,0.000712692,0.000344026,0.000588746,0.00169848,0.0340901,0.94673,0.0133842,0.000917092,0.000375573,0.000237253,
0.000378369,0.000195941,0.000121619,0.000124997,0.00013851,0.000145267,0.00011824,0.000108106,0.000145267,0.000239859,0.000999976,0.000391883,0.000472962,0.000868223,0.00259791,0.0235366,0.945704,0.021263,0.00172293,0.000726334,
0.000600254,0.000357577,0.000308051,0.00021098,0.000202066,0.000194142,0.000222867,0.000329843,0.000375407,0.000490307,0.00172548,0.000602235,0.000564596,0.000678505,0.000828074,0.00197708,0.023503,0.947058,0.0182216,0.00155016,
0.00215002,0.00113241,0.000621001,0.00041748,0.000260925,0.000198303,0.000182647,0.000187866,0.000109588,0.00020874,0.000934111,0.000187866,0.000318328,0.000386169,0.000678405,0.00116373,0.00274493,0.025054,0.940034,0.0230292,
0.0275885,0.00312067,0.00123168,0.000746381,0.000497587,0.000417728,0.000494516,0.000552875,0.000675736,0.000989032,0.00200878,0.000890743,0.000675736,0.000645021,0.000611234,0.000755596,0.00116104,0.00333261,0.0354116,0.918193,


0.932048,0.0267415,0.00323754,0.00139789,0.00069592,0.000514375,0.000320728,0.000254162,0.000199699,0.000229956,0.000683817,0.000157338,0.000266265,0.000211802,0.00032678,0.000375191,0.00061725,0.00108321,0.00278368,0.0278549,
0.0271827,0.935207,0.0230945,0.00244769,0.00117973,0.000836593,0.000601301,0.000522871,0.000503263,0.000852933,0.00139541,0.000467316,0.000385617,0.000310454,0.000300651,0.000313722,0.000437904,0.000421565,0.000875808,0.00266337,
0.0019455,0.0241895,0.943968,0.0213473,0.00256486,0.00113614,0.000581369,0.000406578,0.000243187,0.000224188,0.000828356,0.000174791,0.000125393,6.45965e-05,9.49949e-05,0.000144392,0.000208989,0.000338182,0.000528172,0.000885353,
0.000881436,0.00211319,0.0251247,0.938849,0.0251284,0.00287032,0.00120915,0.000625292,0.000384216,0.000297579,0.000753364,0.000229776,0.000116771,9.04036e-05,0.000131839,0.000139372,0.000173274,0.000229776,0.000256144,0.000395516,
0.000364232,0.000731868,0.0020254,0.0248324,0.937451,0.0282773,0.00262451,0.00115397,0.000520817,0.000319979,0.000551454,9.1909e-05,0.000139565,8.85049e-05,9.8717e-05,8.16968e-05,8.16968e-05,0.000132757,0.000187222,0.000245091,
0.000208338,0.000303316,0.000698547,0.00200066,0.0296974,0.935911,0.0250833,0.00279725,0.0010662,0.000579058,0.000649526,0.000186892,0.000122552,0.000113361,6.74036e-05,0.00012868,7.6595e-05,9.49778e-05,8.88502e-05,0.000125616,
0.000113908,0.000160507,0.000300303,0.000561774,0.00195974,0.0237499,0.935409,0.0318114,0.00308588,0.00104847,0.000730048,0.000321014,0.000165685,0.000121675,8.802e-05,6.47206e-05,8.28423e-05,5.17764e-05,6.47206e-05,0.000108731,
4.52324e-05,0.00010313,0.000126651,0.00020626,0.000506603,0.00153428,0.026698,0.926906,0.0391043,0.00279174,0.00107291,0.000320245,0.000164646,0.000113986,6.6944e-05,6.15161e-05,4.16138e-05,4.52324e-05,4.70417e-05,4.34231e-05,
3.22594e-05,4.26284e-05,5.64539e-05,8.06484e-05,0.000156688,0.000379048,0.00128231,0.0306591,0.930829,0.0329933,0.00233189,0.000595646,0.000247706,9.67781e-05,5.64539e-05,3.57157e-05,3.802e-05,2.76509e-05,2.18903e-05,3.68678e-05,
3.57062e-05,2.67797e-05,3.86818e-05,5.85186e-05,7.24043e-05,0.000157703,0.000386818,0.00156512,0.0340856,0.922723,0.0381382,0.00186962,0.000412605,0.000177539,7.14125e-05,5.75267e-05,4.26491e-05,3.66981e-05,1.68613e-05,2.67797e-05,
2.49255e-05,2.11046e-05,1.84996e-05,1.85232e-05,2.09059e-05,3.1838e-05,5.94712e-05,0.00017107,0.000961014,0.0594717,0.932082,0.00621782,0.000593041,0.000118565,4.88961e-05,2.93845e-05,2.66919e-05,2.82158e-05,2.88844e-05,2.76096e-05,
4.67866e-05,6.23822e-05,7.60283e-05,3.89889e-05,9.16238e-05,0.000109169,0.000202742,0.000362596,0.000955227,0.00373513,0.0464318,0.923611,0.0215355,0.001581,0.000536097,0.000270973,0.000111118,9.16238e-05,7.79777e-05,7.21294e-05,
8.85108e-05,3.87235e-05,8.02129e-05,6.36171e-05,8.02129e-05,9.68086e-05,0.000165958,0.000226809,0.000520001,0.00111745,0.00355979,0.0305666,0.93222,0.0279085,0.00197213,0.000630639,0.000295958,0.000149362,0.00011617,0.000102341,
7.24914e-05,5.93111e-05,5.38194e-05,5.60161e-05,7.35897e-05,7.90815e-05,8.01799e-05,0.000149376,0.000236146,0.000391014,0.00141358,0.0014048,0.018337,0.958092,0.0176857,0.000906142,0.000397604,0.000204294,0.000188917,0.000118622,
