0.931331,0.0237651,0.00299924,0.0013611,0.000529986,0.000409535,0.000331241,0.000325219,0.000258971,0.000162609,0.000596235,0.000174655,0.000252948,0.000258971,0.000204767,0.000451693,0.000620325,0.00124065,0.00251141,0.0322147,
0.0269454,0.949993,0.0147266,0.00153837,0.00077972,0.000436797,0.000331429,0.000239472,0.000216483,0.000206904,0.0012146,0.000164757,0.000134104,0.000105368,0.000164757,0.000181999,0.00022223,0.000402313,0.000622627,0.00137361,
0.00176373,0.0246955,0.947805,0.0180443,0.00231934,0.000878635,0.000542686,0.000410245,0.000203507,0.000155053,0.000759115,0.000184126,0.000135672,0.000132441,0.000132441,0.000203507,0.000171205,0.000248731,0.000439318,0.000775266,
0.00135008,0.00314842,0.0404541,0.927457,0.0181517,0.00267679,0.00134424,0.000866771,0.000612369,0.000390897,0.00104257,0.000224659,0.000163582,0.000165175,0.000165175,0.000185888,0.000225722,0.000305388,0.000403112,0.000666011,
0.000374122,0.00071974,0.0022768,0.0294309,0.935017,0.025451,0.00291103,0.00109743,0.000616411,0.000349181,0.000509519,0.000153212,0.00013896,0.000110455,8.55136e-05,0.000110455,0.00012827,0.000117581,0.00018528,0.000217347,
0.000305745,0.000503993,0.00103746,0.00356278,0.0854665,0.887462,0.0153649,0.00272089,0.00117174,0.000596085,0.000590057,0.000220016,0.000148352,0.000118547,0.000102473,0.000102808,9.24267e-05,0.000112185,0.000146007,0.000174807,
0.00023826,0.000306585,0.000569372,0.00145672,0.00526844,0.0765485,0.886612,0.0200791,0.00429131,0.00194418,0.00107217,0.000437102,0.000232128,0.000171249,0.000126138,0.000109933,0.000109057,0.000111246,0.000135773,0.000180447,
6.8968e-05,6.71531e-05,0.000127046,0.000239573,0.000511815,0.00144651,0.0319594,0.928315,0.0324386,0.0029747,0.000923808,0.000364805,0.00018331,8.71175e-05,7.98577e-05,5.44484e-05,3.26691e-05,2.90392e-05,5.26335e-05,4.35587e-05,
4.4702e-05,4.35558e-05,6.53337e-05,8.48192e-05,0.000159323,0.000382833,0.00126885,0.0379577,0.929276,0.0273141,0.00228324,0.000538717,0.000222364,0.000122644,5.50179e-05,5.38717e-05,3.66786e-05,2.86551e-05,3.55324e-05,2.63627e-05,
8.72908e-05,0.000109805,0.000127381,0.000188603,0.000355878,0.000663371,0.00189453,0.0084992,0.0708434,0.89382,0.019552,0.00205568,0.000766856,0.000357458,0.000213882,0.000130739,9.93377e-05,8.27485e-05,7.89962e-05,7.3269e-05,
0.000112367,0.000116728,0.000121386,0.000125451,0.000153962,0.000230549,0.000407896,0.00122016,0.0068879,0.0594376,0.923728,0.0055396,0.000811701,0.000322339,0.000189619,0.000134865,0.000120548,0.000112194,0.000108695,0.000118059,
5.58201e-05,4.6196e-05,4.23463e-05,8.27678e-05,6.73691e-05,0.000113565,0.000179009,0.00039459,0.00100669,0.00352629,0.056821,0.91668,0.0181723,0.00176315,0.000473509,0.000225205,0.000130889,9.43167e-05,6.35194e-05,6.15946e-05,
0.000271144,0.000210473,0.000167211,0.000145945,0.000166481,0.000227674,0.00038545,0.000859041,0.00227887,0.00807882,0.0208857,0.0728771,0.873119,0.0159246,0.00200054,0.000864253,0.0004861,0.000383782,0.000347036,0.000321026,
0.000270633,0.000226867,0.000178576,0.000159327,0.000156085,0.000194313,0.000283128,0.000501688,0.00108233,0.00278515,0.00570647,0.00762495,0.0428835,0.919456,0.0151002,0.00138309,0.000753748,0.000507091,0.000404363,0.000342699,
0.000290928,0.000232758,0.000189052,0.000161375,0.000157074,0.000177637,0.000228927,0.000338386,0.000612739,0.00128459,0.00295509,0.0025318,0.00341967,0.0337463,0.93581,0.015053,0.00125144,0.000723058,0.00046919,0.000366768,
0.000385772,0.000287345,0.000224578,0.000185929,0.000179539,0.000190361,0.000255498,0.000348153,0.000535937,0.000906868,0.00229319,0.00137014,0.00176396,0.00258456,0.0340975,0.93552,0.0161318,0.00147156,0.000750621,0.000516355,
0.000606686,0.000427428,0.000327904,0.000281915,0.000259561,0.000302702,0.000387134,0.000471566,0.00069781,0.00110687,0.00265227,0.00124199,0.0012642,0.00163938,0.00292152,0.0236093,0.938602,0.0202079,0.00204046,0.000951533,
0.000804758,0.000522342,0.000368413,0.000293102,0.000230512,0.000225424,0.000255701,0.000308622,0.000373756,0.000488503,0.00184893,0.000588239,0.000679833,0.000817988,0.00135407,0.00275724,0.0235499,0.945675,0.017235,0.001623,
0.00198663,0.00109005,0.000599291,0.000368069,0.000254817,0.000217066,0.00024066,0.000226504,0.000292567,0.000245379,0.00107589,0.000198191,0.000415257,0.000396382,0.000580416,0.00115611,0.00240188,0.0249249,0.943157,0.020173,
0.0274663,0.00312851,0.00128616,0.000705156,0.000476725,0.000536315,0.000516452,0.00050652,0.000581008,0.0010329,0.00188704,0.000814405,0.000729985,0.000734951,0.000610804,0.000814405,0.00124147,0.0036102,0.0308779,0.922443,


0.931067,0.0240713,0.0030157,0.00132088,0.000808208,0.000392041,0.000355853,0.000283476,0.00021713,0.000223162,0.000717737,0.000229193,0.000211099,0.000241256,0.000241256,0.0005187,0.000621234,0.00120628,0.00267794,0.0315804,
0.0270417,0.946161,0.0149974,0.00154014,0.000920777,0.000629351,0.000525139,0.000414605,0.000412973,0.00050291,0.00162864,0.000281434,0.000246968,0.000212911,0.000218417,0.000254922,0.000355055,0.00052881,0.000888351,0.00223821,
0.00218454,0.0250696,0.945485,0.0185916,0.00241813,0.00111201,0.000536265,0.000440856,0.000315837,0.000210558,0.000996861,0.000125019,0.000154629,0.000115149,0.000203978,0.000171079,0.000203978,0.000286228,0.000552715,0.000825783,
0.00104823,0.00218168,0.0289498,0.934908,0.0247143,0.00313616,0.00118032,0.00066899,0.00039202,0.000319581,0.000754212,0.000183227,0.00011931,0.000106527,0.00011931,0.000102266,0.00015766,0.00019601,0.000268448,0.000494286,
0.000243235,0.000367462,0.00075789,0.0168813,0.963157,0.0143112,0.00116398,0.000561632,0.000321529,0.000231751,0.00122557,0.000122139,7.62065e-05,5.32402e-05,6.15916e-05,7.41187e-05,8.66458e-05,7.72505e-05,9.29093e-05,0.000133622,
0.000218941,0.000346385,0.000718912,0.00210118,0.0358247,0.930426,0.0237437,0.00308805,0.00127117,0.000620879,0.000601272,0.000199335,0.000143782,8.16945e-05,8.49623e-05,0.000107837,8.49623e-05,7.84268e-05,0.000111105,0.00014705,
0.000134465,0.000199111,0.000302545,0.000592161,0.00177907,0.0278238,0.935659,0.027679,0.0030358,0.00109899,0.000667151,0.000305131,0.000214626,0.000103434,6.46464e-05,6.20606e-05,6.46464e-05,5.4303e-05,6.98181e-05,9.0505e-05,
5.98324e-05,6.16455e-05,0.00012873,0.0002629,0.000509482,0.00151938,0.0315026,0.928689,0.032605,0.0028647,0.000906551,0.000340863,0.000175871,9.06551e-05,7.61503e-05,6.16455e-05,3.26358e-05,2.71965e-05,4.17013e-05,4.35144e-05,
3.1181e-05,5.08135e-05,7.39106e-05,7.50655e-05,0.000166299,0.00039034,0.00133617,0.0367555,0.929715,0.0280144,0.00227506,0.000572807,0.000204409,0.000103937,7.39106e-05,4.61941e-05,3.58004e-05,2.42519e-05,2.54068e-05,3.00262e-05,
3.66798e-05,1.38789e-05,4.26279e-05,6.84029e-05,8.82298e-05,0.000170512,0.000410417,0.00155245,0.0410903,0.921478,0.0323566,0.00181615,0.000436192,0.000164564,8.62471e-05,5.55154e-05,4.8576e-05,2.97404e-05,2.97404e-05,2.47837e-05,
5.35475e-05,5.74184e-05,6.64505e-05,7.67729e-05,8.32244e-05,0.000115482,0.000169675,0.000352252,0.00133288,0.0367465,0.947611,0.0117559,0.000818696,0.000254189,0.000137417,0.000103869,7.87084e-05,6.83859e-05,4.96766e-05,6.77408e-05,
0.000206374,0.000165902,0.000133429,0.000126411,0.00014919,0.000245418,0.000533093,0.00134333,0.00502939,0.0320289,0.134734,0.801565,0.0185713,0.00289756,0.000862696,0.000382832,0.000257789,0.000251841,0.000265788,0.000249225,
5.27242e-05,4.71743e-05,6.6599e-05,8.04737e-05,6.6599e-05,0.000138748,0.000169272,0.000271946,0.000563316,0.00116548,0.00355194,0.0348757,0.931644,0.0239368,0.00196189,0.000715939,0.000260846,0.000185922,0.000144298,9.98984e-05,
0.000138206,0.000101126,6.74175e-05,0.000104497,8.0901e-05,0.000101126,0.00011461,0.000229219,0.000303379,0.000488777,0.00158094,0.00332368,0.0397156,0.924317,0.0257939,0.00201241,0.000741592,0.000330346,0.000219107,0.000235961,
0.000146324,8.84751e-05,8.16693e-05,9.52809e-05,8.50722e-05,8.50722e-05,9.86838e-05,0.00015313,0.000173547,0.000336886,0.000881348,0.000976629,0.00269849,0.033937,0.930357,0.0265868,0.00191923,0.000683981,0.000415152,0.00020077,
0.000266813,0.000193013,9.36683e-05,7.66377e-05,8.23146e-05,8.23146e-05,8.23146e-05,0.000122053,0.000136245,0.000204367,0.000746508,0.00047118,0.000911137,0.00230481,0.0337859,0.940282,0.0178112,0.00151289,0.000519433,0.000315066,
0.000379202,0.00020375,0.000183941,0.000144323,7.92362e-05,0.000101875,8.2066e-05,0.000110365,0.000175452,0.000152813,0.000933855,0.000305625,0.000444288,0.000786702,0.00227804,0.0237114,0.950036,0.01778,0.00149417,0.00061691,
0.000721213,0.000412502,0.000311372,0.000215565,0.000186291,0.000258146,0.000250162,0.000258146,0.000383227,0.00047105,0.00145307,0.000508309,0.000537583,0.00059347,0.000944762,0.00212372,0.0233077,0.946793,0.0183976,0.00187356,
0.00192108,0.000879618,0.00054666,0.000404541,0.000354926,0.000380929,0.00046895,0.000566536,0.000775307,0.00121317,0.00293027,0.00107419,0.000803403,0.000773514,0.000816553,0.00112754,0.00240468,0.0251697,0.937346,0.0200423,
0.0219293,0.00267943,0.0013406,0.00086492,0.000663243,0.000551526,0.000525655,0.00050096,0.000563286,0.000704989,0.00167927,0.000592685,0.000579749,0.000574458,0.000731448,0.00103367,0.00186566,0.00393536,0.0376137,0.92107,


0.9305,0.0245594,0.00313063,0.00115863,0.000725604,0.000514945,0.000310137,0.000175549,0.000251621,0.000257473,0.000661236,0.000169698,0.000169698,0.000198956,0.000269176,0.00039206,0.000643681,0.0012581,0.00287901,0.0317745,
0.0270148,0.93791,0.0213128,0.00238736,0.00104073,0.000561362,0.000460443,0.000435213,0.00049198,0.000760046,0.00169985,0.000488826,0.00035637,0.00033114,0.00033114,0.000350063,0.0003816,0.000580284,0.000920886,0.00218553,
0.00185413,0.0247563,0.947236,0.0181327,0.00233596,0.000985008,0.000585516,0.000399493,0.000250064,0.000152478,0.00119543,0.000115883,9.7586e-05,9.45364e-05,0.000112834,0.000167726,0.000192122,0.000262262,0.000362898,0.000710548,
0.000890369,0.00217027,0.0297503,0.934036,0.0249517,0.0031805,0.00131415,0.000547919,0.000432343,0.000321047,0.000766231,0.00013698,0.000149822,0.000128419,7.70512e-05,0.000119857,0.00014126,0.000166944,0.00027396,0.000445185,
0.000544006,0.00101054,0.00277369,0.0559867,0.915785,0.0168746,0.00238333,0.00119577,0.000649172,0.000449227,0.000733131,0.000220286,0.000170949,0.000118149,0.000125074,0.000136326,0.00013546,0.000152339,0.000241492,0.000315065,
0.000193178,0.000324146,0.000753066,0.00196452,0.0356593,0.931042,0.0237412,0.00305156,0.0011165,0.000609001,0.000546792,0.000183355,0.000150613,0.000111323,6.5484e-05,8.1855e-05,6.5484e-05,0.0001015,7.85808e-05,0.000160436,
0.000106841,0.000152976,0.000291384,0.000597337,0.00180901,0.028745,0.935568,0.0271521,0.0029624,0.00104413,0.000641044,0.000237963,0.000155405,0.000116554,5.82768e-05,7.04177e-05,5.82768e-05,7.52741e-05,7.77023e-05,8.01305e-05,
6.16993e-05,7.05135e-05,0.000151604,0.000218592,0.000525326,0.00156716,0.0309801,0.927829,0.033887,0.00279057,0.000978375,0.000343753,0.000172758,0.000107533,6.34622e-05,6.5225e-05,5.81737e-05,3.70196e-05,3.70196e-05,5.4648e-05,
3.69702e-05,3.46595e-05,6.12318e-05,8.66488e-05,0.000167521,0.00039974,0.00131129,0.0359627,0.929858,0.0286369,0.00236956,0.000551086,0.000192938,0.000123619,4.96786e-05,4.27467e-05,3.81255e-05,2.07957e-05,1.84851e-05,3.69702e-05,
3.17477e-05,2.87714e-05,4.06768e-05,6.64718e-05,8.73063e-05,0.000155762,0.000381965,0.00155961,0.0399922,0.922058,0.0329938,0.00174613,0.000439508,0.000147825,7.83772e-05,6.05191e-05,3.67083e-05,3.27398e-05,2.28187e-05,3.86925e-05,
4.65524e-05,5.62509e-05,5.43112e-05,7.17683e-05,8.85789e-05,0.000119614,0.000179098,0.00038729,0.00133386,0.0360477,0.948119,0.0119504,0.000793331,0.000283194,0.000137718,9.50446e-05,6.59493e-05,6.7889e-05,5.49577e-05,4.78456e-05,
5.33938e-05,4.76731e-05,3.62315e-05,6.10215e-05,8.77185e-05,0.000125857,0.000156368,0.000337525,0.000953462,0.00373376,0.0541585,0.918386,0.0190177,0.00172386,0.000511055,0.000226924,0.000146833,9.72531e-05,8.19977e-05,5.72077e-05,
6.91858e-05,5.8116e-05,6.64183e-05,8.30229e-05,7.47206e-05,0.000146674,0.000135604,0.000273976,0.000520277,0.00116786,0.00372773,0.0341169,0.931141,0.0251006,0.00195934,0.000642044,0.000326557,0.000177116,0.000121767,9.13252e-05,
0.000123966,0.000117266,0.000113915,8.71115e-05,9.71628e-05,9.0462e-05,0.000137368,0.000257984,0.0003786,0.000787354,0.00167187,0.00338395,0.0380476,0.925473,0.0256309,0.00207392,0.000710294,0.0003786,0.000274736,0.000164172,
0.000108859,9.86536e-05,9.52517e-05,7.82425e-05,9.18499e-05,9.52517e-05,0.000115663,0.000142878,0.000244933,0.000329979,0.00084706,0.0011022,0.00278951,0.0349472,0.928629,0.0273066,0.00179277,0.000619136,0.000346988,0.000217718,
0.000177945,0.0001497,0.000115805,8.47357e-05,0.000121455,8.75602e-05,7.62621e-05,9.60338e-05,0.000169471,0.000234435,0.0010366,0.000539484,0.000841708,0.00236695,0.0339141,0.939253,0.018286,0.00152524,0.00062422,0.0002994,
0.000366283,0.000299422,0.0001657,0.000107559,0.000101745,0.000127908,0.000101745,9.30243e-05,0.000125001,0.000154072,0.00116862,0.000348841,0.000438959,0.000831405,0.00210468,0.0232997,0.950389,0.0176136,0.00156397,0.000598844,
0.000779653,0.00048966,0.000311386,0.000171143,0.000156881,0.000147373,0.000235322,0.000237699,0.000289993,0.000413596,0.00156406,0.000494414,0.00044212,0.000637033,0.000862848,0.00222249,0.0234633,0.946228,0.0189399,0.00191348,
0.00222675,0.0010422,0.000538894,0.000366042,0.000228776,0.000223692,0.000198272,0.000172853,0.000162685,0.000142349,0.00108287,0.000279615,0.000381293,0.000376209,0.000640573,0.00114388,0.00279107,0.0260601,0.939512,0.0224302,
0.0275959,0.00343264,0.0011747,0.000678825,0.000481436,0.00040922,0.000495879,0.000466993,0.000847327,0.0010736,0.00208943,0.000803998,0.000746226,0.000698082,0.000587352,0.000832884,0.00147801,0.0035867,0.0304749,0.922046,


0.931419,0.024304,0.00346769,0.00134116,0.00056788,0.000459137,0.00028394,0.000229568,0.000205403,0.000217486,0.000706829,0.000157073,0.000157073,0.000138949,0.000217486,0.00028394,0.000628293,0.00133512,0.0027669,0.0311126,
0.0270024,0.952552,0.0133547,0.00111538,0.000645895,0.000479442,0.000318679,0.00018637,0.000136577,0.000160762,0.00126618,9.67419e-05,9.81646e-05,0.000125195,0.000136577,0.000149381,0.000214824,0.000374164,0.000482287,0.001104,
0.00181979,0.0246107,0.951887,0.0140661,0.00146858,0.000840347,0.000554513,0.000399194,0.000274011,0.000248511,0.00139046,0.000167374,0.00012611,0.000130746,0.000152074,0.000153928,0.000210261,0.000292557,0.00045089,0.000757124,
0.00104538,0.00219135,0.0285663,0.93499,0.0249403,0.00314925,0.00126845,0.000638598,0.00039803,0.000328047,0.00075232,0.000153088,0.000126845,0.000100601,0.000118097,0.000170584,0.000161836,0.000170584,0.000288681,0.00044177,
0.000360601,0.000681929,0.00198509,0.0277663,0.934995,0.0273236,0.00306689,0.00115321,0.000674788,0.000328468,0.000542687,0.000149953,0.00011425,0.00012139,7.14061e-05,7.14061e-05,8.56874e-05,0.000107109,0.000203507,0.000196367,
0.000150314,0.000323502,0.000748302,0.0020031,0.0342814,0.93165,0.024426,0.00289191,0.00131361,0.000578382,0.000545705,0.000225471,0.000140511,0.000107834,0.000114369,9.80309e-05,9.47632e-05,9.47632e-05,0.000114369,9.80309e-05,
0.000147397,0.000142225,0.000297379,0.000612859,0.00185151,0.0268365,0.935448,0.0289492,0.00303327,0.00108349,0.000623203,0.000256004,0.000131881,0.000137053,5.68899e-05,8.27489e-05,6.46476e-05,4.91322e-05,8.79207e-05,0.000108608,
6.35154e-05,6.69487e-05,0.000137331,0.000272945,0.000502973,0.00157072,0.030805,0.927855,0.0339687,0.00279468,0.00105573,0.000312427,0.00015278,0.000120164,8.06817e-05,5.1499e-05,3.43326e-05,4.63491e-05,5.1499e-05,5.66489e-05,
4.26644e-05,4.03582e-05,4.49706e-05,9.10942e-05,0.000161433,0.000397817,0.0012684,0.0350044,0.930422,0.0291248,0.00228658,0.000567321,0.000219087,9.10942e-05,5.76546e-05,4.15113e-05,2.76742e-05,4.03582e-05,2.88273e-05,4.15113e-05,
3.76869e-05,4.66128e-05,2.97528e-05,6.44645e-05,9.02503e-05,0.000181492,0.000360009,0.00162649,0.0389256,0.922517,0.0335572,0.0017455,0.000363976,0.000168599,8.42997e-05,5.65304e-05,3.76869e-05,3.76869e-05,3.47117e-05,3.47117e-05,
7.41875e-05,5.74147e-05,7.03169e-05,7.35424e-05,8.06386e-05,0.000123216,0.00018063,0.000379969,0.00132828,0.0348823,0.94881,0.012348,0.000813482,0.000267075,0.000129667,8.83799e-05,8.3219e-05,8.64446e-05,5.99951e-05,6.32207e-05,
5.23657e-05,4.07289e-05,5.81841e-05,5.04262e-05,6.98209e-05,0.00011055,0.00018231,0.000382075,0.000994948,0.00369857,0.0528719,0.919512,0.019096,0.00171643,0.000506201,0.000234676,0.00018231,0.000104731,8.33972e-05,5.23657e-05,
7.20026e-05,8.58493e-05,6.09253e-05,7.20026e-05,8.86186e-05,0.000105235,0.000163391,0.000282472,0.000562174,0.00118804,0.00346166,0.033268,0.931711,0.0255083,0.00208531,0.000625869,0.000293549,0.000180007,9.13879e-05,9.41573e-05,
0.000111278,7.75573e-05,0.000118022,0.000118022,6.0697e-05,0.000121394,0.000185463,0.000209067,0.000279881,0.000485576,0.00138929,0.00330461,0.0384313,0.924978,0.0266662,0.00203672,0.000731736,0.000313601,0.00024616,0.000134882,
0.000172183,6.88731e-05,8.26478e-05,5.50985e-05,6.88731e-05,6.54295e-05,8.26478e-05,0.000175626,0.000220394,0.000292711,0.000702506,0.000967667,0.0025793,0.0326321,0.930352,0.0284446,0.00178037,0.000657738,0.000420126,0.00017907,
0.000139511,0.000160741,8.18869e-05,7.88541e-05,7.27884e-05,0.000124347,7.27884e-05,0.000115248,0.000178938,0.000263858,0.000736982,0.000409435,0.000921986,0.00244144,0.033519,0.938967,0.0191524,0.00164077,0.000576241,0.000345745,
0.000383789,0.000284843,0.000197891,9.59471e-05,9.89455e-05,8.39537e-05,7.19603e-05,0.000101944,0.000125931,0.000194893,0.00116036,0.000365798,0.000512717,0.000815551,0.00201789,0.0237319,0.94901,0.0186767,0.00137924,0.00068962,
0.000936177,0.000499485,0.000342504,0.000282566,0.000205502,0.000245461,0.000245461,0.000299691,0.000362483,0.000656466,0.00174677,0.000639341,0.000602236,0.000650757,0.00114739,0.00238896,0.0234187,0.94446,0.0190175,0.00185238,
0.00216987,0.00100625,0.000486432,0.00027183,0.000185989,0.000257523,0.000147837,0.000138299,0.000190758,0.000176451,0.00109209,0.000205065,0.000300443,0.000438743,0.00067719,0.00107301,0.0028566,0.0246459,0.942835,0.0208451,
0.0138218,0.000896579,0.000463333,0.000297427,0.000257885,0.000183098,0.000141837,0.000169344,0.000165046,0.000239833,0.00163585,0.000202869,0.00020201,0.000196852,0.000320637,0.000324935,0.00046849,0.000951594,0.0140693,0.964991,


0.915497,0.0194284,0.00254703,0.00127194,0.000839166,0.000648572,0.000508382,0.000488693,0.00052374,0.000624157,0.00129045,0.000401665,0.000360711,0.000350079,0.000420567,0.000567057,0.000833259,0.001357,0.0036331,0.0484093,
0.0270211,0.941934,0.0187765,0.00199724,0.000942797,0.000493728,0.000466436,0.000416816,0.000429221,0.000583046,0.00172681,0.000342384,0.000282839,0.000315093,0.000215851,0.000270434,0.000382081,0.000518538,0.000858442,0.00202701,
0.00134507,0.0246987,0.951432,0.0160617,0.00169791,0.000684294,0.000436238,0.000267303,0.000239503,0.000132582,0.00111839,0.000102644,6.84294e-05,7.27063e-05,0.000106921,0.000115475,0.000181766,0.000277995,0.000327178,0.000632972,
0.000827981,0.00217652,0.0273439,0.93634,0.024864,0.00307829,0.00140593,0.000627134,0.00041399,0.000237737,0.000807486,0.000159858,0.000168056,0.000172154,0.000143462,0.000102473,0.00018855,0.000200847,0.000262331,0.000479573,
0.000375137,0.000857455,0.00194357,0.027385,0.935362,0.0274314,0.00294393,0.00111112,0.000610937,0.000360846,0.000535909,0.000175064,0.000125046,0.000110755,7.86001e-05,0.000110755,6.07364e-05,0.000100036,0.000142909,0.000178637,
0.000206344,0.000350458,0.000632134,0.00207982,0.033359,0.932424,0.0242798,0.00317377,0.00124134,0.0005306,0.000651786,0.00020962,0.000167041,9.82592e-05,0.00011136,8.84333e-05,5.89555e-05,0.000108085,0.000121186,0.000108085,
9.8402e-05,0.000170909,0.000341817,0.000605949,0.00185928,0.0259263,0.935526,0.0297873,0.00299867,0.00104617,0.000665508,0.000251184,0.000155372,0.000119118,5.43801e-05,7.76858e-05,5.17905e-05,8.02753e-05,0.000100992,8.28648e-05,
8.02427e-05,8.73753e-05,0.000114123,0.000271042,0.000501071,0.00148181,0.0298556,0.9276,0.0353103,0.00282811,0.000946863,0.000345935,0.000201498,9.62912e-05,5.88446e-05,3.03139e-05,4.45793e-05,5.70614e-05,4.10129e-05,4.81456e-05,
3.6963e-05,3.46528e-05,5.54445e-05,9.70279e-05,0.000170954,0.000366165,0.00130757,0.0340984,0.930392,0.0299435,0.00235639,0.000565996,0.000196366,0.000116665,6.23751e-05,5.08242e-05,5.19793e-05,2.19468e-05,3.81181e-05,3.6963e-05,
2.28171e-05,3.57138e-05,4.56342e-05,6.94434e-05,8.33321e-05,0.000180553,0.000398804,0.00155355,0.0379369,0.922444,0.0345312,0.00185315,0.000374002,0.000189481,8.33321e-05,5.75388e-05,3.96819e-05,3.57138e-05,2.48012e-05,4.0674e-05,
5.23174e-05,5.4901e-05,5.68387e-05,6.97565e-05,8.5258e-05,0.000127887,0.000182788,0.000347491,0.00134281,0.0338965,0.949827,0.0124167,0.000764092,0.000285485,0.000122074,0.000107218,7.68614e-05,7.75073e-05,5.16715e-05,5.4901e-05,
3.51453e-05,3.70979e-05,6.63856e-05,7.61482e-05,6.05281e-05,0.000111294,0.000173774,0.000388551,0.000972354,0.00360825,0.0525364,0.919716,0.0194119,0.00171822,0.000509607,0.000195252,0.000148391,9.56734e-05,8.20058e-05,5.6623e-05,
7.73799e-05,7.46163e-05,8.56706e-05,5.80349e-05,8.01435e-05,0.000105016,0.000165814,0.000259775,0.000489152,0.0012519,0.00370595,0.0330772,0.931466,0.02582,0.00185159,0.000701946,0.000362027,0.000165814,0.000113306,8.84342e-05,
0.000128084,9.43778e-05,0.000101119,7.4154e-05,8.76365e-05,0.000128084,0.000134825,0.000188756,0.000330322,0.00058312,0.00143589,0.00317851,0.0367669,0.925576,0.0276898,0.00209991,0.00068761,0.00037414,0.000198867,0.000141567,
0.000151467,6.54063e-05,6.19638e-05,6.19638e-05,7.22911e-05,8.26185e-05,0.0001136,0.000175564,0.000230643,0.00026851,0.000822742,0.00104306,0.00266789,0.0328615,0.929134,0.0289027,0.00197596,0.000705699,0.000337359,0.000265068,
0.000229204,0.000123894,7.74339e-05,8.36286e-05,9.91154e-05,8.6726e-05,9.6018e-05,0.00010531,0.000167257,0.000253983,0.000613276,0.000504869,0.000981862,0.00246859,0.0338851,0.93796,0.0195226,0.00169735,0.000638055,0.000405754,
0.000339584,0.000267749,0.000176323,9.46917e-05,0.000120814,0.000127344,9.79569e-05,9.79569e-05,0.000146935,0.00013714,0.00102855,0.000391828,0.000476724,0.00101875,0.00227587,0.0234868,0.947528,0.0197253,0.00171425,0.000747738,
0.000907419,0.00048579,0.000284141,0.000293307,0.000204704,0.000216925,0.000210814,0.000247478,0.000430795,0.000678273,0.00172929,0.00054384,0.000565227,0.000696604,0.000953248,0.00247478,0.023489,0.941195,0.0222822,0.0021112,
0.00236342,0.00106965,0.000550105,0.000417673,0.000229211,0.000188462,0.000137526,0.000112059,0.000183368,0.000162994,0.00102381,0.00028524,0.000371831,0.000468608,0.00064179,0.00117152,0.00271997,0.0251419,0.941297,0.0214643,
0.0266331,0.0032552,0.00132976,0.000742487,0.000503381,0.000469822,0.000553719,0.000562109,0.000574693,0.000901891,0.0020345,0.000872527,0.000662785,0.000557914,0.000650201,0.000776046,0.00132976,0.00342719,0.0369733,0.91719,


0.931868,0.0252927,0.00290027,0.00139575,0.000743193,0.000477336,0.000265858,0.000211478,0.000211478,0.000193351,0.000719025,0.000181267,0.000193351,0.000193351,0.0002719,0.000410871,0.000574011,0.00119636,0.0026767,0.0300238,
0.0270133,0.943443,0.0181506,0.00180194,0.000893059,0.00057201,0.000411485,0.000413746,0.000427312,0.00059688,0.00168212,0.000370789,0.000237395,0.000241917,0.000257744,0.000210265,0.000300701,0.000483835,0.000664707,0.00182681,
0.0021532,0.0247638,0.942828,0.0214691,0.00266887,0.00120847,0.000629822,0.00037002,0.000303102,0.000236183,0.000885687,0.000192883,0.000137774,0.000125964,0.000122028,0.000196819,0.000200756,0.000263738,0.000405448,0.000838451,
0.00105088,0.00255426,0.0374463,0.925702,0.0252734,0.00292824,0.00113315,0.000740475,0.000445033,0.000265524,0.000542267,0.000153331,0.000130892,0.000134632,0.000127152,0.000153331,0.000149591,0.000239345,0.00033284,0.00049739,
0.000374678,0.000702966,0.00204467,0.0270731,0.934788,0.02824,0.00306879,0.00124536,0.000567369,0.000299742,0.000570937,0.000135598,0.000117756,9.27773e-05,6.77988e-05,8.92089e-05,7.13671e-05,0.000135598,0.000103482,0.000210533,
0.0002116,0.000403668,0.000686887,0.00201509,0.0325604,0.932607,0.0250632,0.003021,0.001211,0.000618524,0.000592481,0.000188813,0.000146492,0.000156259,9.44063e-05,8.46401e-05,7.81293e-05,6.51078e-05,8.78955e-05,0.000107428,
9.58331e-05,0.000181306,0.000282319,0.000600899,0.00163693,0.0261935,0.934852,0.0304801,0.00298378,0.00108783,0.000707093,0.000235698,0.000176126,8.80628e-05,7.25223e-05,5.43917e-05,3.88512e-05,6.99322e-05,7.77025e-05,8.54727e-05,
3.98434e-05,7.78757e-05,0.000146696,0.000251738,0.000568674,0.00153759,0.0285351,0.92769,0.0362339,0.00293211,0.00105223,0.000325991,0.000179295,0.000124963,6.51983e-05,6.33872e-05,2.35438e-05,3.25991e-05,5.7954e-05,6.15761e-05,
3.00579e-05,3.69943e-05,4.62429e-05,0.000105203,0.000205781,0.00040925,0.00135723,0.0333388,0.930202,0.0307793,0.00237342,0.000580349,0.00022081,0.000106359,6.58962e-05,3.93065e-05,3.93065e-05,2.77458e-05,1.84972e-05,1.73411e-05,
3.56704e-05,3.1707e-05,4.35972e-05,6.44049e-05,9.31394e-05,0.000156553,0.000403274,0.00157247,0.0367712,0.922849,0.0352929,0.00184594,0.000397329,0.000177361,8.12493e-05,5.15239e-05,4.85514e-05,3.1707e-05,3.1707e-05,2.08077e-05,
5.87972e-05,5.16898e-05,6.91351e-05,7.17196e-05,7.68886e-05,0.000116302,0.000183499,0.000338568,0.0013252,0.0327759,0.950624,0.0126659,0.000869035,0.000274602,0.000139562,8.85188e-05,7.94731e-05,7.43041e-05,5.87972e-05,5.8151e-05,
5.28007e-05,6.45342e-05,5.67118e-05,5.67118e-05,7.62677e-05,0.000111468,0.000197514,0.000430228,0.000958235,0.00369214,0.0507512,0.920869,0.0198961,0.00162118,0.000541696,0.000224892,0.000156446,0.000107557,6.45342e-05,7.04009e-05,
7.20046e-05,6.92352e-05,6.92352e-05,8.03128e-05,7.75434e-05,0.000124623,0.000171703,0.000288018,0.000501263,0.00124623,0.00365008,0.0320005,0.931596,0.0267913,0.00189428,0.000642503,0.000312943,0.000166164,0.000127393,0.000119085,
0.000130801,7.71393e-05,0.000127447,8.3847e-05,6.03699e-05,0.00012074,0.000130801,0.000187817,0.000378989,0.000643945,0.00169371,0.00367585,0.036611,0.924497,0.0279982,0.00211965,0.000741208,0.000368927,0.000231418,0.00012074,
0.000103511,7.36856e-05,5.4387e-05,2.98251e-05,5.8773e-05,7.28084e-05,7.63172e-05,7.19312e-05,0.000128073,0.000211407,0.00122371,0.000491237,0.0010123,0.0157143,0.963048,0.0162854,0.000640363,0.000336848,0.000228074,0.000138599,
0.00019803,0.000116303,0.000119447,7.54399e-05,8.17266e-05,8.80132e-05,0.00010373,0.000125733,0.000147736,0.000185456,0.000873846,0.000427493,0.000864416,0.00248952,0.0334922,0.938193,0.0198596,0.00165653,0.000612949,0.000289186,
0.000395575,0.000273606,0.000197787,0.000145044,0.000121969,9.23008e-05,7.9115e-05,9.23008e-05,0.00011208,0.00015823,0.00113068,0.000319756,0.000415354,0.000952676,0.0024163,0.0236389,0.94726,0.0198776,0.0015856,0.00073511,
0.000892198,0.000406293,0.00031021,0.000252561,0.000192166,0.000186675,0.000244325,0.000389822,0.000420019,0.0005463,0.00175145,0.000603949,0.00049414,0.00073572,0.00111731,0.00254757,0.0233866,0.94355,0.0200429,0.00192989,
0.00230136,0.0010046,0.000574059,0.00034341,0.000220398,0.00019477,0.00019477,0.000164017,0.00010251,0.000261402,0.000937971,0.000220398,0.000317782,0.000486925,0.000738075,0.00113274,0.00280879,0.0249664,0.940672,0.0223575,
0.0272877,0.00286514,0.00138095,0.000559262,0.000460316,0.000421598,0.000430202,0.000421598,0.000585075,0.000787269,0.00177243,0.00055496,0.000460316,0.000563564,0.000507638,0.000752853,0.00121317,0.00287805,0.0278341,0.928264,


0.930984,0.0259777,0.00312119,0.0014308,0.00075464,0.000446747,0.000307893,0.000265633,0.000241485,0.00022941,0.000591637,0.000241485,0.000193188,0.000187151,0.000283744,0.000344116,0.000603712,0.00120742,0.00280726,0.0297811,
0.0268073,0.940998,0.0193294,0.00215293,0.000974811,0.000701134,0.000435277,0.000357083,0.000484799,0.000604696,0.00168898,0.000484799,0.000304954,0.000299741,0.000258038,0.000263251,0.000354477,0.00054996,0.000815818,0.00213468,
0.00146574,0.0245854,0.950191,0.0165541,0.00183607,0.000927554,0.000500118,0.000295917,0.000212853,0.00016959,0.0011231,0.000129788,0.000122866,0.000124597,0.000126327,0.000155746,0.000185165,0.000290726,0.000392826,0.00061087,
0.000800489,0.00218652,0.027943,0.935902,0.0252562,0.00281654,0.00123409,0.000667074,0.00045954,0.000300183,0.000826431,0.000114885,0.000129709,0.000100061,0.000100061,0.000129709,0.000129709,0.000177886,0.000318713,0.000407657,
0.000342436,0.00078475,0.00208316,0.0261108,0.935426,0.0287112,0.00283937,0.00110222,0.000695574,0.0003139,0.000477984,0.000192621,8.91762e-05,6.77739e-05,7.13409e-05,0.000107011,0.000110578,8.91762e-05,0.000124847,0.000260394,
0.000181427,0.000292829,0.000735257,0.00197342,0.031772,0.933509,0.0251133,0.00305561,0.00122861,0.000534732,0.000646135,0.000213256,0.000117768,0.000101854,8.9122e-05,5.09269e-05,7.95732e-05,7.95732e-05,8.59391e-05,0.000140049,
0.0001077,0.000174713,0.000306345,0.000627051,0.00173037,0.0262763,0.934734,0.0302779,0.00303952,0.00106264,0.000655771,0.000289592,0.000153173,0.000102913,7.89797e-05,8.1373e-05,5.02598e-05,7.17997e-05,7.4193e-05,0.000105306,
8.92342e-05,0.000120432,0.000182827,0.000326427,0.000793244,0.00262748,0.070095,0.9019,0.0179567,0.00324638,0.00136558,0.000460164,0.000238799,0.000147271,8.8546e-05,7.54706e-05,6.53772e-05,6.62948e-05,7.40942e-05,8.05172e-05,
3.85378e-05,4.8631e-05,4.77135e-05,0.000100015,0.00016975,0.000415658,0.00145985,0.0345097,0.931133,0.0286785,0.00222785,0.000567974,0.000236732,0.000124789,6.51472e-05,4.03729e-05,4.58783e-05,2.93621e-05,2.84446e-05,3.21148e-05,
3.07376e-05,2.7763e-05,4.06529e-05,5.35429e-05,0.000104111,0.000166578,0.000371826,0.001523,0.0357924,0.92255,0.0366293,0.00183037,0.000466022,0.00014873,8.3289e-05,5.15598e-05,3.47037e-05,3.37122e-05,2.37968e-05,3.76783e-05,
5.29003e-05,5.03198e-05,5.67711e-05,7.28992e-05,9.41884e-05,0.000115478,0.000164507,0.000359335,0.00131799,0.031906,0.951177,0.0130309,0.00084318,0.000259986,0.000136122,0.00010322,7.87054e-05,7.1609e-05,6.1287e-05,4.77393e-05,
4.89124e-05,4.69559e-05,6.84773e-05,6.26079e-05,5.08689e-05,0.000131085,0.000166302,0.0003463,0.000923466,0.00378973,0.0493193,0.922102,0.0201578,0.00164346,0.000549775,0.00022891,0.000136955,9.39118e-05,6.26079e-05,7.04338e-05,
9.99478e-05,8.32898e-05,4.99739e-05,6.10792e-05,5.83029e-05,0.0001055,0.000141593,0.000269304,0.000530279,0.00121881,0.00365642,0.0314447,0.931922,0.0270775,0.00192677,0.000591358,0.000358146,0.000191567,0.000127711,8.60662e-05,
0.000125209,9.13687e-05,8.12166e-05,6.09125e-05,8.12166e-05,9.13687e-05,9.13687e-05,0.000223346,0.000341787,0.000615893,0.00153973,0.00321482,0.0357319,0.925416,0.0287101,0.00217254,0.000734334,0.000358707,0.000172585,0.000145513,
0.000110059,7.2226e-05,9.63013e-05,8.94227e-05,6.87867e-05,7.56653e-05,8.59833e-05,0.000113498,0.000233875,0.000333615,0.000763532,0.00105244,0.00272395,0.0308749,0.929401,0.0306857,0.00203265,0.000677549,0.000316419,0.000192603,
0.000223842,0.000111921,0.000121796,0.000105337,0.000102046,8.88784e-05,8.55866e-05,0.000131672,0.000158006,0.000237009,0.000707735,0.000536562,0.00091841,0.00273219,0.034103,0.936083,0.0207317,0.00183024,0.000645191,0.000345638,
0.000468383,0.000255481,0.000144118,0.000114639,0.000127741,0.000131016,0.00012119,0.000140842,0.000124465,0.000153944,0.000949867,0.000412701,0.000530615,0.000969519,0.00231898,0.023632,0.94702,0.020088,0.00160822,0.000687835,
0.000996835,0.000594937,0.000389241,0.000231013,0.000174051,0.000174051,0.000243671,0.00035443,0.000392405,0.000664557,0.00176899,0.000598101,0.000598101,0.000721519,0.00102532,0.0025443,0.0238291,0.940766,0.0218956,0.00203797,
0.00220714,0.00115483,0.000647571,0.000442507,0.000275217,0.000188875,0.000253632,0.000134911,0.000178082,0.000221253,0.00094977,0.000280614,0.000426317,0.000415524,0.000615192,0.00121419,0.00281154,0.025061,0.938972,0.02355,
0.0274567,0.00279191,0.001187,0.000822456,0.000400114,0.000400114,0.000453462,0.000484582,0.000609062,0.00104474,0.00206725,0.000706868,0.000573496,0.000524594,0.000573496,0.000755771,0.00125814,0.00315645,0.0276123,0.927122,


0.931846,0.0257874,0.00328214,0.00120446,0.000740741,0.000445649,0.000252936,0.000222824,0.000180668,0.000240891,0.000638362,0.000168624,0.000192713,0.000222824,0.000283047,0.000373382,0.000728696,0.00113821,0.00282445,0.0292261,
0.0267267,0.935959,0.0220669,0.00239942,0.00117708,0.000730822,0.000556201,0.000559434,0.00058207,0.000934546,0.00207605,0.000497993,0.000397748,0.000297503,0.000274867,0.000297503,0.000430085,0.000643511,0.000976585,0.00241559,
0.00186599,0.0246894,0.942559,0.0219837,0.00266681,0.00107294,0.000610335,0.000396523,0.000283786,0.000260461,0.000995195,0.000151612,9.7187e-05,0.000147724,0.000163274,0.000147724,0.000182712,0.000349873,0.000485935,0.000890233,
0.00085568,0.00205596,0.0251942,0.938736,0.0254187,0.00290389,0.00103766,0.000689191,0.000302005,0.00031362,0.000793731,0.000151002,9.67964e-05,0.000131643,0.000123899,0.000127771,0.000123899,0.000216824,0.000325236,0.000402673,
0.000363841,0.000737789,0.00180236,0.0254284,0.93716,0.028164,0.00262437,0.00111511,0.000582819,0.000333521,0.000562606,0.0001516,9.43291e-05,9.09602e-05,7.74846e-05,9.09602e-05,0.000114543,0.000111174,0.000117911,0.00027625,
0.000200789,0.000358986,0.000641915,0.00205048,0.0300301,0.935395,0.0249099,0.00298445,0.00113476,0.000568901,0.000714929,0.000264676,0.000127775,0.000115606,7.3014e-05,6.99718e-05,8.82253e-05,7.60563e-05,9.12675e-05,0.000103437,
0.00011639,0.000173292,0.000331065,0.000620747,0.00172775,0.0250109,0.935204,0.0313969,0.00281405,0.000988022,0.000644025,0.000237953,0.00019657,0.000139668,7.50069e-05,6.9834e-05,5.69018e-05,6.20747e-05,6.72476e-05,6.72476e-05,
6.96487e-05,8.21498e-05,0.000139297,0.000253593,0.0005054,0.00148584,0.0272487,0.927094,0.038305,0.00294668,0.000916148,0.000339314,0.000194659,0.000108938,7.32204e-05,5.17901e-05,4.46466e-05,4.82183e-05,5.00042e-05,4.28607e-05,
3.79216e-05,5.30902e-05,4.98398e-05,9.96796e-05,0.000162521,0.000371632,0.00125466,0.0323211,0.931571,0.030697,0.00226879,0.000566657,0.00020586,0.000104014,6.50084e-05,4.3339e-05,4.00885e-05,2.0586e-05,3.46712e-05,3.25042e-05,
2.07429e-05,1.61333e-05,2.56816e-05,3.22667e-05,5.94848e-05,0.000114799,0.000301156,0.00130801,0.0706186,0.916181,0.0100762,0.000816874,0.000199746,8.73615e-05,4.32417e-05,2.79864e-05,2.20599e-05,1.72308e-05,1.45968e-05,1.70113e-05,
5.23411e-05,5.75106e-05,6.26801e-05,6.97882e-05,8.78814e-05,0.000120191,0.000161547,0.000369619,0.00131111,0.0310286,0.95167,0.0134135,0.000821303,0.000281737,0.000147331,9.62818e-05,7.10806e-05,6.33263e-05,6.26801e-05,5.10488e-05,
1.28397e-05,1.34817e-05,1.25829e-05,1.52793e-05,1.81682e-05,2.86326e-05,4.61588e-05,9.373e-05,0.000299166,0.00128282,0.0712544,0.919359,0.00653607,0.000683844,0.000177445,7.51124e-05,3.55661e-05,2.29189e-05,1.91312e-05,1.34175e-05,
7.19586e-05,8.02615e-05,6.36557e-05,6.64233e-05,8.85644e-05,0.000132847,0.000171594,0.000235249,0.000539689,0.00116794,0.00359239,0.0313573,0.931717,0.0273581,0.00195672,0.000661465,0.000298905,0.000174361,0.000163291,0.000102403,
0.000126925,0.000103544,0.000126925,9.68636e-05,0.000100204,0.000156986,0.000180367,0.000203748,0.000357393,0.00079495,0.00154982,0.0036541,0.0344367,0.925649,0.0291226,0.00191055,0.000694746,0.000344033,0.000233809,0.000156986,
0.000144164,0.000113272,0.000116705,8.92446e-05,6.86497e-05,0.000106407,8.92446e-05,0.000116705,0.000212814,0.000329519,0.000854689,0.00111899,0.00272883,0.0306933,0.92891,0.0311738,0.00192906,0.000652172,0.000339816,0.000212814,
0.000136003,7.93976e-05,7.00567e-05,6.76281e-05,6.80017e-05,6.44522e-05,6.70677e-05,8.87385e-05,0.000109102,0.000171499,0.000708601,0.000343371,0.00058885,0.00169967,0.0340649,0.946762,0.0133803,0.000917463,0.000375878,0.000237259,
0.000375056,0.000192596,0.00012164,0.000125019,0.000138534,0.000145292,0.000118261,0.000108124,0.000145292,0.000239901,0.000979875,0.000385192,0.000476422,0.000871751,0.00259498,0.0234866,0.945782,0.0212599,0.00172323,0.000729838,
0.000601179,0.000356548,0.000308017,0.000210957,0.000202044,0.00019412,0.000222842,0.000329806,0.000375365,0.000489262,0.00172232,0.00060316,0.000564534,0.00067744,0.000830954,0.00197785,0.0235014,0.947071,0.0182117,0.00154999,
0.00214848,0.00113436,0.000616839,0.000412968,0.000261372,0.00020387,0.000177733,0.000182961,0.000104549,0.000209098,0.000904348,0.000188188,0.000324102,0.000386831,0.000674341,0.00116572,0.00274441,0.0251283,0.94002,0.0230112,
0.0276236,0.00312157,0.00123325,0.000747331,0.000488995,0.00041826,0.00049207,0.000553579,0.000676596,0.000993366,0.00201441,0.000888801,0.000676596,0.000642766,0.000608937,0.000759633,0.00115636,0.00333685,0.0353122,0.918255,


0.932062,0.0267488,0.00324815,0.00139986,0.000696898,0.000509038,0.000321179,0.000254519,0.000199979,0.000230279,0.000696898,0.00015756,0.000260579,0.000212099,0.000327239,0.000375719,0.000612058,0.00107868,0.00278759,0.0278214,
0.0270458,0.935322,0.0231048,0.00244469,0.00117805,0.000836773,0.000603789,0.000525034,0.000505346,0.000856462,0.00138806,0.000465968,0.000387213,0.000315021,0.000301895,0.000311739,0.000436435,0.000423309,0.000879432,0.00266783,
0.00194361,0.0241449,0.943993,0.0213873,0.00255978,0.00112965,0.000585745,0.000403175,0.000243427,0.000228212,0.000813957,0.000178766,0.000125517,6.46602e-05,9.50885e-05,0.000144534,0.000205391,0.000342319,0.000524888,0.000886225,
0.000868069,0.00211356,0.02514,0.938816,0.0251325,0.00287972,0.00120775,0.000626519,0.00038497,0.000294389,0.000766165,0.000230227,0.000117001,9.05811e-05,0.000132097,0.000139646,0.000181162,0.000226453,0.000256646,0.000396292,
0.000363589,0.000727179,0.00202862,0.0247649,0.937551,0.0282444,0.00261648,0.00115193,0.000516501,0.000312619,0.000567471,9.51449e-05,0.000142717,8.49508e-05,9.85429e-05,8.15528e-05,8.83488e-05,0.000132523,0.000186892,0.000244658,
0.000207818,0.000302559,0.000693746,0.00199567,0.0297119,0.935952,0.0250665,0.00279027,0.00106965,0.000574556,0.000641792,0.000183369,0.00011919,0.000113078,6.72353e-05,0.000128358,7.64038e-05,9.16845e-05,8.86284e-05,0.000125302,
0.000113997,0.000160632,0.000300538,0.000562213,0.00196127,0.0238228,0.935348,0.0318104,0.0030831,0.00105188,0.000717663,0.000321264,0.000165814,0.00012177,8.80886e-05,6.4771e-05,8.29069e-05,5.18168e-05,6.4771e-05,0.000106224,
4.53723e-05,0.000103449,0.000127042,0.000208713,0.00050454,0.00153903,0.0266989,0.926882,0.0391236,0.00279675,0.00106716,0.000313976,0.00016697,0.000116153,6.7151e-05,6.35212e-05,4.17425e-05,4.35574e-05,4.71872e-05,4.35574e-05,
3.2328e-05,4.27192e-05,5.6574e-05,7.85109e-05,0.000155867,0.0003787,0.00128504,0.0304842,0.930959,0.0330381,0.00232993,0.000599223,0.000245924,9.6984e-05,5.54194e-05,3.57917e-05,3.81009e-05,2.88643e-05,2.19369e-05,3.69463e-05,
3.57276e-05,2.67957e-05,3.87049e-05,5.85536e-05,7.24477e-05,0.000157797,0.000387049,0.00156606,0.0340504,0.922748,0.0381442,0.00186975,0.000412852,0.000177646,7.24477e-05,5.85536e-05,4.26746e-05,3.672e-05,1.68714e-05,2.67957e-05,
2.49278e-05,2.10951e-05,1.84934e-05,1.85372e-05,2.09183e-05,3.18473e-05,5.94711e-05,0.000171049,0.000960962,0.0594731,0.93208,0.00621788,0.000593046,0.000118547,4.89042e-05,2.93769e-05,2.66859e-05,2.82217e-05,2.88784e-05,2.7607e-05,
4.69004e-05,6.25338e-05,7.62131e-05,3.90836e-05,9.18466e-05,0.000109434,0.000197372,0.000357615,0.000957549,0.00374226,0.0464665,0.92359,0.0215136,0.00158484,0.000535446,0.00027554,0.000111388,9.18466e-05,7.81673e-05,7.23047e-05,
8.59981e-05,3.88379e-05,8.3224e-05,6.38051e-05,8.04499e-05,9.43205e-05,0.000163674,0.000227479,0.000518763,0.0011152,0.00355644,0.0304849,0.932333,0.0278828,0.0019835,0.000632502,0.00028851,0.000149803,0.000116514,9.98688e-05,
7.26122e-05,6.05102e-05,5.39091e-05,5.61094e-05,7.48126e-05,8.03135e-05,8.25139e-05,0.000148525,0.000226638,0.000392766,0.00141044,0.00140604,0.0181839,0.958226,0.0177075,0.000905452,0.000401568,0.000204634,0.000188132,0.00011772,
