0.931218,0.0238123,0.00301047,0.00136949,0.000530904,0.000410244,0.000331815,0.000325782,0.000259419,0.000168924,0.0006033,0.000174957,0.000253386,0.000259419,0.000205122,0.000452475,0.000627432,0.00124883,0.00252783,0.0322102,
0.0268668,0.950036,0.0147455,0.00153651,0.000780722,0.000437358,0.000331855,0.00023978,0.000216761,0.00020717,0.00121616,0.000164968,0.000132358,0.000105503,0.000164968,0.000182233,0.000222516,0.000404748,0.000627264,0.00138113,
0.00176615,0.0244831,0.947965,0.0180958,0.00232355,0.000878216,0.000541189,0.000411563,0.000207402,0.000155551,0.00074859,0.000181476,0.000136107,0.000132867,0.000132867,0.000204161,0.000171754,0.00024953,0.000440729,0.000774516,
0.00135084,0.00314807,0.0404042,0.9275,0.0181599,0.00267831,0.00134394,0.000865136,0.000612716,0.000391118,0.00103838,0.000225318,0.000163674,0.000165269,0.000165269,0.000185994,0.000225849,0.000305561,0.000404403,0.000666388,
0.000375812,0.000722991,0.00227993,0.0290377,0.935296,0.0255552,0.0029206,0.00109164,0.000619195,0.000350758,0.000497504,0.000153904,0.000139587,0.000110954,8.23207e-05,0.000110954,0.00012885,0.000121692,0.000186116,0.000218329,
0.000305855,0.000504175,0.00103783,0.00356407,0.0854586,0.887461,0.0153705,0.00272188,0.00117183,0.000595966,0.000589936,0.000220095,0.000148405,0.00011859,0.000102845,0.000102845,9.24601e-05,0.000112225,0.00014606,0.000175205,
0.000238561,0.000306971,0.000569213,0.00145768,0.00527509,0.0764065,0.886719,0.0201031,0.00429716,0.00194532,0.0010687,0.000436777,0.000232421,0.000171027,0.000126297,0.000108756,0.000109194,0.000111387,0.000135945,0.000180675,
6.91276e-05,6.73085e-05,0.00012734,0.000238308,0.000507542,0.00144986,0.0318496,0.928337,0.0325118,0.00298158,0.000931404,0.000365649,0.000183734,8.73191e-05,7.82233e-05,5.63936e-05,3.27447e-05,2.91064e-05,5.27553e-05,4.36595e-05,
4.47804e-05,4.36322e-05,6.54483e-05,8.49679e-05,0.000159602,0.000382356,0.00126993,0.0377889,0.929408,0.0273493,0.00228035,0.000539661,0.000223902,0.000122859,5.51143e-05,5.39661e-05,3.67429e-05,2.87054e-05,3.55947e-05,2.64089e-05,
8.73434e-05,0.000109871,0.000127656,0.000188717,0.000355697,0.000663573,0.00189567,0.00850373,0.070766,0.893882,0.0195606,0.00205573,0.000767318,0.000357278,0.000213616,0.00013062,9.95952e-05,8.24032e-05,7.92414e-05,7.33131e-05,
0.000112409,0.000116722,0.000121331,0.000125422,0.000153912,0.000230486,0.000407837,0.00122038,0.00688894,0.0594458,0.923718,0.00554033,0.000811632,0.00032239,0.000189599,0.00013491,0.000120567,0.000112138,0.000108786,0.000118028,
5.59272e-05,4.62846e-05,4.24275e-05,8.29266e-05,6.55699e-05,0.000113783,0.000179353,0.000395348,0.00100669,0.00353306,0.0567199,0.916753,0.0181976,0.00176267,0.000474417,0.000225637,0.00013114,9.06407e-05,6.17128e-05,6.17128e-05,
0.000271269,0.000210489,0.000167224,0.00014606,0.000166598,0.000227795,0.000385584,0.000859158,0.00227905,0.00807959,0.0208875,0.0728756,0.873114,0.0159256,0.0020009,0.000864423,0.000486293,0.000383968,0.000347062,0.000321363,
0.000270735,0.000226963,0.000178734,0.000159482,0.000156172,0.000194405,0.000283164,0.000501751,0.00108247,0.0027855,0.00570705,0.00762584,0.0428745,0.919458,0.0151021,0.0013834,0.000754518,0.000507358,0.000404751,0.000343012,
0.000290969,0.000233104,0.000189236,0.000161632,0.000157097,0.000177741,0.000229116,0.000338513,0.000612904,0.00128453,0.00295567,0.00253232,0.00342039,0.033733,0.935816,0.0150553,0.00125224,0.000723552,0.000469648,0.000367054,
0.000386455,0.000287805,0.000224925,0.000186063,0.000179672,0.000190702,0.000255747,0.000348212,0.000536027,0.00090702,0.00229337,0.00137079,0.00176456,0.00258551,0.0340829,0.935521,0.0161365,0.00147356,0.000751881,0.000517576,
0.000609066,0.000427927,0.000328813,0.000282389,0.000259604,0.000302753,0.000387341,0.000471788,0.000698354,0.00110734,0.00265243,0.00124263,0.00126441,0.00164036,0.00292414,0.0235991,0.938584,0.0202177,0.00204522,0.000954825,
0.000804933,0.000522456,0.000368493,0.000292911,0.000230562,0.000225473,0.000256011,0.000308689,0.000374091,0.000488609,0.00184832,0.000588367,0.000679981,0.000817657,0.00135436,0.00275861,0.0235469,0.945673,0.017238,0.0016231,
0.00199911,0.00109644,0.000600206,0.00036863,0.00025048,0.000217397,0.000241028,0.00022685,0.00029774,0.000245754,0.00107754,0.000198493,0.000406439,0.000401713,0.000581302,0.00115788,0.00240082,0.0246132,0.943401,0.020218,
0.0274856,0.00313567,0.001297,0.00070565,0.000477059,0.000536691,0.000516814,0.000506875,0.000581416,0.00103363,0.00190327,0.000819945,0.000730496,0.000730496,0.000611232,0.000814976,0.00124731,0.0036177,0.0309045,0.922344,


0.931081,0.0241254,0.00301567,0.00132351,0.000803776,0.000386779,0.000356562,0.000284041,0.000217563,0.000223607,0.000701038,0.00022965,0.00021152,0.000241737,0.000241737,0.000519735,0.000622473,0.00120264,0.00269537,0.0315165,
0.0270372,0.946161,0.0149986,0.00154032,0.000921298,0.000629632,0.000525203,0.000414655,0.000413228,0.000502971,0.00162884,0.000281264,0.000246998,0.000212937,0.000218648,0.000254953,0.000355302,0.00052867,0.000888868,0.0022391,
0.00220496,0.0247563,0.945728,0.0186399,0.00241952,0.00111899,0.000534736,0.000442313,0.000320182,0.000211254,0.000977049,0.000122131,0.00015844,0.000115529,0.000204652,0.000171644,0.000201351,0.000290474,0.000554541,0.000828511,
0.00105341,0.00220103,0.0287033,0.935022,0.0248108,0.00314739,0.00119044,0.000668017,0.000389677,0.00031688,0.000736532,0.000184133,0.000115618,0.000107054,0.0001199,0.000102772,0.00015844,0.000201262,0.000274058,0.000496731,
0.000243716,0.000366097,0.000757298,0.0167014,0.963316,0.0143364,0.00116419,0.000560652,0.000324258,0.000231164,0.00122067,0.000121335,7.63574e-05,5.33456e-05,6.17135e-05,7.42655e-05,8.68174e-05,7.74034e-05,9.30933e-05,0.000133887,
0.000216793,0.000348183,0.000725928,0.00210552,0.035577,0.930561,0.0238341,0.00310408,0.00126791,0.000620816,0.000594538,0.000200369,0.000144529,8.21185e-05,8.54033e-05,0.000108396,8.54033e-05,7.88338e-05,0.000111681,0.000147813,
0.000134849,0.00019968,0.000300817,0.00059126,0.00178415,0.0274625,0.935936,0.0277529,0.00304447,0.00110213,0.000661278,0.000306003,0.000215239,0.00010373,6.48312e-05,6.22379e-05,6.22379e-05,5.44582e-05,7.00177e-05,9.07636e-05,
5.99653e-05,6.17825e-05,0.000130833,0.000263484,0.00050698,0.00152094,0.0314237,0.928694,0.0326702,0.00286925,0.000906748,0.000339804,0.000172627,9.08566e-05,7.63195e-05,6.17825e-05,3.45255e-05,2.90741e-05,4.1794e-05,4.54283e-05,
3.12325e-05,5.08975e-05,7.51894e-05,7.40327e-05,0.000168887,0.000390985,0.00133722,0.036593,0.929845,0.0280422,0.00227419,0.000573753,0.00020359,0.000104108,7.40327e-05,4.62704e-05,3.58596e-05,2.54487e-05,2.54487e-05,2.8919e-05,
3.67035e-05,1.38878e-05,4.26554e-05,6.84471e-05,8.72948e-05,0.000170622,0.000410682,0.00155345,0.0409869,0.921561,0.0323755,0.00181831,0.000436474,0.00016467,8.63028e-05,5.55513e-05,4.76154e-05,2.97596e-05,2.97596e-05,2.47997e-05,
5.63679e-05,5.70158e-05,6.73823e-05,7.71009e-05,8.29321e-05,0.000115975,0.00016716,0.000351165,0.00133339,0.0368769,0.947437,0.0118036,0.000818954,0.000252036,0.000138004,0.000100426,7.90446e-05,6.80302e-05,5.11846e-05,6.67344e-05,
0.000206589,0.000165997,0.000133494,0.000126446,0.000149284,0.000245397,0.000533231,0.00134344,0.0050297,0.0320303,0.134737,0.801559,0.0185718,0.00289766,0.000862757,0.000382876,0.000257828,0.000251969,0.000265857,0.000249293,
5.28774e-05,4.73113e-05,6.67925e-05,8.07076e-05,6.67925e-05,0.000136368,0.000169764,0.000272736,0.000564953,0.00116609,0.00356226,0.0348295,0.931607,0.023998,0.00196481,0.000718019,0.000261604,0.000189245,0.000144717,0.000100189,
0.000139099,0.00010178,6.78532e-05,0.000105172,7.80312e-05,0.00010178,0.00011535,0.000230701,0.000301947,0.000491936,0.00157419,0.00334516,0.039287,0.924598,0.0258996,0.00202881,0.000742992,0.000332481,0.000223916,0.000234094,
0.000146964,8.88619e-05,8.20263e-05,9.56974e-05,8.54441e-05,8.20263e-05,9.91151e-05,0.000153799,0.000174306,0.000328105,0.000881783,0.000980898,0.00270003,0.0335248,0.930654,0.0266825,0.00193104,0.000690388,0.000413549,0.000205066,
0.000267146,0.000193254,9.37852e-05,7.67333e-05,8.24173e-05,8.24173e-05,8.24173e-05,0.000122205,0.000139257,0.000204622,0.000747439,0.00047461,0.000912274,0.002302,0.0337655,0.940293,0.0178078,0.00152046,0.000520081,0.000312617,
0.000380063,0.000204213,0.000181523,0.000141815,7.94162e-05,0.000102107,8.22525e-05,0.000107779,0.000173014,0.00015316,0.000918959,0.000303483,0.000448134,0.000791325,0.00228322,0.0235753,0.950144,0.0178176,0.00149473,0.000618312,
0.000722861,0.000413445,0.000309417,0.000216058,0.000186717,0.000258736,0.000250734,0.000258736,0.000384103,0.000472127,0.00144839,0.000509471,0.000541479,0.000594827,0.000944254,0.00212591,0.0232276,0.946834,0.018421,0.00188051,
0.00193544,0.00088597,0.0005485,0.000405621,0.000355703,0.000381708,0.000469139,0.000566883,0.00077612,0.00121328,0.00293007,0.00107428,0.00080362,0.000773579,0.000817967,0.00112958,0.00240907,0.0251578,0.9373,0.0200657,
0.0219354,0.00268135,0.00134214,0.000864571,0.000663426,0.000551678,0.0005258,0.00050051,0.000562853,0.000705184,0.00167974,0.000592848,0.000580497,0.000575204,0.000731062,0.00103396,0.001865,0.00393585,0.0375924,0.921081,


0.930501,0.02462,0.00314198,0.00116652,0.000732738,0.000515848,0.000316543,0.000175857,0.000252062,0.000257924,0.000633086,0.000169995,0.000169995,0.000199305,0.000269648,0.000392748,0.000638948,0.00125445,0.00290164,0.0316895,
0.0269001,0.937959,0.0213608,0.00238887,0.00103644,0.00056246,0.000458184,0.000439224,0.000492942,0.000761533,0.00169686,0.000489782,0.000357067,0.000331788,0.000325468,0.000344428,0.000379186,0.000584579,0.000929007,0.00220244,
0.00186575,0.0245514,0.947386,0.0181711,0.00234289,0.000984869,0.000587251,0.000400677,0.000250805,0.00015293,0.0011898,0.000113168,9.78752e-05,9.48166e-05,0.000113168,0.000165164,0.000189633,0.000259981,0.000363973,0.000718771,
0.000894604,0.0021763,0.0294445,0.934247,0.0250403,0.00320423,0.0013204,0.000546225,0.000430098,0.000322574,0.000735468,0.000137631,0.000150534,0.000129029,7.74177e-05,0.000120428,0.000137631,0.000167738,0.000270962,0.000447302,
0.000545005,0.00101123,0.00277481,0.0559775,0.915788,0.016877,0.00238348,0.00119564,0.000649764,0.000448471,0.000732879,0.00022034,0.000170991,0.000118611,0.000125104,0.00013636,0.000135494,0.000152376,0.000241551,0.000315142,
0.000190927,0.000325893,0.000753833,0.00197511,0.0353544,0.931197,0.0238527,0.00307129,0.00112252,0.000608991,0.000543154,0.000184343,0.000151425,0.000111923,6.25451e-05,8.22961e-05,6.58369e-05,0.000102047,7.90043e-05,0.000164592,
0.000107099,0.000153346,0.000292088,0.000596346,0.00181095,0.0284908,0.93575,0.0272129,0.002972,0.00104665,0.000637726,0.000236105,0.00015578,0.000116835,5.84176e-05,7.0588e-05,5.84176e-05,7.54561e-05,7.78902e-05,8.03242e-05,
6.18353e-05,7.06689e-05,0.000153705,0.000217307,0.000521183,0.00157062,0.0309318,0.927806,0.0339529,0.00279319,0.000976997,0.000344511,0.000174905,0.00010777,6.18353e-05,6.53687e-05,5.83018e-05,3.71012e-05,3.71012e-05,5.65351e-05,
3.70348e-05,3.47201e-05,6.13389e-05,8.68003e-05,0.000166657,0.000398124,0.00131126,0.0358451,0.929926,0.0286846,0.00237486,0.000550893,0.000190961,0.000123835,5.09229e-05,4.28215e-05,3.81921e-05,2.08321e-05,1.85174e-05,3.70348e-05,
3.17652e-05,2.87872e-05,4.06992e-05,6.65084e-05,8.73544e-05,0.000154855,0.000382175,0.00155947,0.0399726,0.922059,0.03301,0.00174808,0.000440742,0.000147907,7.84204e-05,6.05525e-05,3.67285e-05,3.27579e-05,2.28313e-05,3.87139e-05,
4.47972e-05,5.58341e-05,5.58341e-05,7.01173e-05,9.02436e-05,0.000115564,0.000179189,0.000386944,0.00133872,0.036202,0.947916,0.0119985,0.000794663,0.000281118,0.000136988,9.60867e-05,6.62219e-05,6.88188e-05,5.51849e-05,4.73941e-05,
5.34917e-05,4.585e-05,3.62979e-05,6.11333e-05,8.78792e-05,0.000126087,0.000156654,0.000336233,0.000955208,0.00374251,0.0541202,0.918391,0.0190411,0.00172702,0.000508171,0.00022734,0.000147102,9.74313e-05,8.21479e-05,5.73125e-05,
6.94032e-05,5.82987e-05,6.66271e-05,8.32838e-05,7.49554e-05,0.000144359,0.00013603,0.000272061,0.000521912,0.00117153,0.00372556,0.0340603,0.931163,0.0251295,0.00195995,0.000646838,0.000324807,0.000177672,0.00012215,9.16122e-05,
0.000124739,0.000117996,0.000114625,8.76545e-05,9.77685e-05,9.10259e-05,0.000138224,0.000256221,0.00038096,0.000792262,0.00167218,0.0033983,0.037678,0.925696,0.0257401,0.00208348,0.000714722,0.000374217,0.000276449,0.000165195,
0.000110211,9.98788e-05,9.64347e-05,7.92142e-05,8.26583e-05,9.64347e-05,0.000117099,0.00013432,0.000247975,0.000334077,0.000823139,0.001109,0.00281383,0.0336764,0.929589,0.0275906,0.00181159,0.000623381,0.000347854,0.000216978,
0.00017817,0.000147061,0.000115952,8.48431e-05,0.000121608,8.76712e-05,7.63588e-05,9.89836e-05,0.000169686,0.000237561,0.00104074,0.000540168,0.000842774,0.00236429,0.0338467,0.939289,0.0183063,0.00152718,0.000625011,0.000299779,
0.000370058,0.000300126,0.000166089,0.000107812,0.000101985,0.000128209,0.000101985,9.32431e-05,0.000125295,0.000157348,0.00115971,0.000349662,0.000439991,0.000836274,0.00211254,0.0231389,0.950491,0.0176521,0.00156765,0.000600252,
0.000788459,0.000488321,0.000307285,0.00017389,0.000157215,0.000147687,0.000235823,0.000235823,0.00029061,0.000414477,0.00153881,0.000493085,0.000443062,0.000640772,0.000862303,0.00223198,0.0233846,0.946275,0.0189707,0.00191993,
0.00224579,0.00106136,0.000533246,0.000353788,0.000235859,0.000220477,0.000199967,0.00017433,0.000169203,0.000143566,0.00107162,0.000282005,0.000364043,0.000384552,0.00064092,0.00115878,0.00282005,0.0250267,0.940323,0.0225912,
0.0275922,0.00344421,0.00117055,0.000679207,0.00047689,0.000404634,0.000496158,0.000467256,0.000847805,0.00107421,0.00209543,0.000799634,0.000746646,0.00070811,0.000582866,0.000833353,0.00147884,0.00358872,0.0305354,0.921978,


0.931341,0.024335,0.00348681,0.00134387,0.000556921,0.000466119,0.000284514,0.000230033,0.000205819,0.000217926,0.000696151,0.000157391,0.000157391,0.00013923,0.000217926,0.000284514,0.00064167,0.00134387,0.0027846,0.0311089,
0.0269546,0.952581,0.0133748,0.00111634,0.00064503,0.000479857,0.000317531,0.000186532,0.000136695,0.000160902,0.00126301,9.68257e-05,9.82496e-05,0.000125304,0.000136695,0.000148086,0.000217858,0.000375911,0.000481281,0.00110353,
0.00185114,0.0246464,0.951762,0.0140867,0.00147488,0.000844314,0.000555921,0.000401292,0.000275179,0.000249446,0.00139073,0.000167843,0.000126114,0.000131446,0.000152078,0.00015486,0.000211426,0.000293957,0.000456467,0.000767347,
0.00105514,0.00219382,0.028379,0.935043,0.0250465,0.00316104,0.00126178,0.00064188,0.000395679,0.000329733,0.00075179,0.000153875,0.000127497,0.000101118,0.000114307,0.000171461,0.000167065,0.000175857,0.000276975,0.000452833,
0.000365784,0.000684949,0.00199388,0.0275737,0.935059,0.0274338,0.0030733,0.00115473,0.000677776,0.000329923,0.000541504,0.000150617,0.000114756,0.000118342,6.81363e-05,7.17224e-05,8.60669e-05,0.000107584,0.000200823,0.00019365,
0.000151072,0.000328417,0.000748791,0.00201648,0.0341422,0.931686,0.0244835,0.00291634,0.00131367,0.000581298,0.000541888,0.000223324,0.000141219,0.000108378,0.000114946,9.85251e-05,9.52409e-05,9.52409e-05,0.000114946,9.85251e-05,
0.000145196,0.000142603,0.000300763,0.000614489,0.00185643,0.0265838,0.935616,0.029021,0.00304393,0.00108638,0.000619675,0.000256685,0.000132232,0.000134825,5.70412e-05,8.2969e-05,6.48196e-05,4.92629e-05,8.55618e-05,0.000106304,
6.36417e-05,6.70818e-05,0.000139324,0.000273487,0.000503973,0.00157384,0.0307854,0.92782,0.0340156,0.00279851,0.00105095,0.000313048,0.000153084,0.000118683,8.25622e-05,5.16014e-05,3.44009e-05,4.64412e-05,5.16014e-05,5.67615e-05,
4.27355e-05,4.04255e-05,4.50456e-05,9.00911e-05,0.000161702,0.000397325,0.00127052,0.0348803,0.93052,0.0291514,0.00228346,0.000568267,0.000219453,9.12461e-05,5.77507e-05,4.15805e-05,2.77203e-05,4.04255e-05,2.88754e-05,4.15805e-05,
3.77117e-05,4.66434e-05,2.97724e-05,6.45068e-05,8.93171e-05,0.000180619,0.00036223,0.00162656,0.038849,0.922573,0.0335743,0.00174665,0.000364215,0.00016871,8.4355e-05,5.65675e-05,3.77117e-05,3.77117e-05,3.57268e-05,3.47344e-05,
7.51375e-05,5.82963e-05,6.99556e-05,7.18988e-05,7.90239e-05,0.000122422,0.000180719,0.000378926,0.00133239,0.0350024,0.948655,0.012388,0.000811614,0.000264924,0.0001289,8.87399e-05,8.3558e-05,8.48535e-05,6.02395e-05,6.28305e-05,
5.24641e-05,4.08054e-05,5.82934e-05,5.0521e-05,6.99521e-05,0.000110757,0.000182653,0.00038085,0.00099876,0.00370552,0.0527983,0.919538,0.019128,0.00171771,0.000507153,0.00023706,0.000182653,0.000104928,8.35539e-05,5.24641e-05,
7.22174e-05,8.61054e-05,6.1107e-05,7.22174e-05,8.8883e-05,0.000102771,0.0001611,0.000286092,0.000563851,0.00119436,0.00346366,0.0332172,0.931702,0.0255511,0.00209153,0.000627736,0.000291647,0.000180544,9.16606e-05,9.44381e-05,
0.000111987,8.14451e-05,0.000118774,0.000122168,6.10838e-05,0.000122168,0.000183251,0.000207006,0.000281664,0.000488671,0.00138796,0.00332228,0.0382147,0.92505,0.0267615,0.00204631,0.000736399,0.000318993,0.000244335,0.000139135,
0.000172904,6.57035e-05,8.29939e-05,5.18712e-05,6.91616e-05,6.57035e-05,8.29939e-05,0.000176362,0.000221317,0.000293937,0.000698532,0.000968262,0.0025901,0.032333,0.930538,0.0285361,0.00179128,0.000657035,0.000425344,0.00017982,
0.000139707,0.000160967,8.20018e-05,7.89647e-05,7.28905e-05,0.000121484,7.28905e-05,0.000118447,0.000179189,0.000258154,0.000719794,0.000410009,0.00092328,0.00244183,0.0334537,0.939057,0.0191429,0.00164307,0.00057705,0.00034623,
0.000384612,0.000288459,0.00020132,9.31482e-05,9.91578e-05,8.41339e-05,7.21147e-05,0.000102163,0.000126201,0.000195311,0.00114482,0.000366583,0.000510813,0.0008173,0.00201621,0.0235845,0.949135,0.0187048,0.0013822,0.0006911,
0.000941121,0.000497736,0.000343266,0.000286055,0.00020596,0.000246007,0.000246007,0.000303218,0.000366151,0.000657927,0.00175066,0.000640763,0.000603576,0.000660787,0.00114994,0.00239428,0.0233307,0.944482,0.0190341,0.00185936,
0.00218236,0.00100284,0.000487092,0.000272198,0.000186241,0.000257872,0.000143262,0.000133712,0.000191017,0.00017669,0.00108402,0.000210118,0.000305626,0.000448889,0.000678109,0.00106492,0.00286047,0.0244788,0.942967,0.0208686,
0.0138197,0.000898221,0.000463293,0.000297401,0.000257862,0.000183942,0.000141824,0.00016933,0.000165032,0.000239812,0.00163571,0.000202852,0.000201992,0.000196835,0.000321469,0.000324047,0.000467591,0.000949793,0.0141051,0.964958,


0.915491,0.0194317,0.00254849,0.00127208,0.000839652,0.000648643,0.000508044,0.000488747,0.000523798,0.000624619,0.00129059,0.00040171,0.000360751,0.000350117,0.000420614,0.000567119,0.000833744,0.00135715,0.00363429,0.0484072,
0.0269741,0.941936,0.0188071,0.00200075,0.000944454,0.000494596,0.000464771,0.000417548,0.000429975,0.000581585,0.00172736,0.000342986,0.000280851,0.000315646,0.00021623,0.000270909,0.000387723,0.000511993,0.000864921,0.00203058,
0.00135218,0.0245964,0.951506,0.0160783,0.00170576,0.000685733,0.000435012,0.000267864,0.000240007,0.000130718,0.0011036,0.000105003,6.64304e-05,7.07162e-05,0.000107146,0.000115717,0.000184291,0.000280722,0.000327866,0.000640732,
0.000831834,0.00218665,0.0269934,0.936554,0.0249427,0.00309261,0.00141247,0.000625934,0.000415917,0.000238843,0.000823598,0.000160602,0.000168838,0.000172956,0.000140012,0.00010295,0.000189427,0.000193545,0.000267669,0.000485923,
0.000376802,0.000861262,0.00195937,0.0271333,0.935492,0.0275281,0.00295341,0.00111246,0.000617237,0.000358859,0.000516757,0.000179429,0.000122012,0.000111246,7.8949e-05,0.000111246,6.1006e-05,0.000100481,0.000147132,0.000179429,
0.000207483,0.000352392,0.000635623,0.00208801,0.0331282,0.932555,0.0243678,0.003188,0.00123173,0.000533528,0.00064221,0.000207483,0.000167963,9.88015e-05,0.000111975,8.5628e-05,5.92809e-05,0.000108682,0.000121855,0.000108682,
9.86536e-05,0.000171346,0.000340095,0.000607499,0.00186403,0.0257174,0.935665,0.0298479,0.00300634,0.00104625,0.000659422,0.000251826,0.000153173,0.000119423,5.45191e-05,8.04806e-05,5.1923e-05,8.04806e-05,0.00010125,8.30767e-05,
8.04216e-05,8.75702e-05,0.000114377,0.000269859,0.000502188,0.00148333,0.02979,0.927608,0.0353659,0.00283263,0.000943614,0.000344919,0.000201948,9.47188e-05,5.89759e-05,3.03815e-05,4.46787e-05,5.71887e-05,4.11044e-05,4.8253e-05,
3.70229e-05,3.47089e-05,5.43773e-05,9.7185e-05,0.000170074,0.000366758,0.00130968,0.034009,0.930439,0.0299839,0.00235905,0.000565755,0.00019437,0.000116853,6.13191e-05,5.09064e-05,5.20634e-05,2.31393e-05,3.81798e-05,3.70229e-05,
2.18401e-05,3.57383e-05,4.56656e-05,6.84984e-05,8.33893e-05,0.000180677,0.000399078,0.00155462,0.0378737,0.922496,0.034543,0.00185442,0.000374259,0.000188619,8.23966e-05,5.75784e-05,3.97092e-05,3.57383e-05,2.48183e-05,4.07019e-05,
5.31934e-05,5.70856e-05,5.57882e-05,6.87622e-05,8.36823e-05,0.000125848,0.000179041,0.000349649,0.001348,0.034023,0.949648,0.0124615,0.000766764,0.000285428,0.000123253,0.000106387,7.84927e-05,7.7844e-05,5.31934e-05,5.51395e-05,
3.52102e-05,3.71663e-05,6.4552e-05,7.62887e-05,6.06397e-05,0.000111499,0.000174095,0.000385356,0.000972192,0.00361491,0.052471,0.91976,0.0194321,0.00171943,0.000506635,0.000195612,0.000148665,9.58499e-05,8.21571e-05,5.67275e-05,
7.75993e-05,7.48279e-05,8.31421e-05,5.81995e-05,8.03707e-05,0.000105313,0.000166284,0.000257741,0.000490538,0.00125545,0.00370814,0.033049,0.931441,0.02586,0.00185961,0.000701165,0.000363054,0.000166284,0.000113628,8.86849e-05,
0.00012887,9.49568e-05,9.83481e-05,7.46089e-05,8.47828e-05,0.00012887,0.000139044,0.000186522,0.000328957,0.000579915,0.00143453,0.00319123,0.0365957,0.925632,0.0277715,0.00211618,0.000695219,0.000376436,0.000203479,0.000139044,
0.000152116,6.56864e-05,6.22293e-05,6.22293e-05,7.26008e-05,8.29723e-05,0.00011063,0.000176316,0.000231631,0.000262746,0.00080898,0.00104753,0.00266894,0.0325701,0.929321,0.0289954,0.00198788,0.000712179,0.000342261,0.000266203,
0.000226457,0.000124086,7.75538e-05,8.37581e-05,9.92688e-05,8.68602e-05,9.30645e-05,0.000105473,0.000167516,0.000254376,0.000614226,0.000505651,0.000983382,0.00247241,0.0338476,0.93801,0.0195032,0.00169998,0.000639043,0.000406382,
0.000340395,0.000265116,0.000176744,9.4918e-05,0.000121102,0.000127648,9.8191e-05,9.8191e-05,0.000147286,0.00014074,0.00103101,0.000386218,0.000477863,0.00101791,0.0022813,0.0233924,0.947566,0.0197691,0.00171834,0.000749525,
0.000915874,0.000487037,0.000284871,0.00029406,0.000205229,0.000217482,0.000208292,0.000248113,0.000431901,0.000676951,0.00172454,0.000545236,0.000566678,0.000695329,0.000952632,0.00247807,0.0234605,0.941188,0.0223026,0.00211662,
0.00237699,0.00107628,0.000550891,0.000418269,0.000229538,0.000188731,0.000137723,0.000112219,0.000188731,0.000163227,0.00100487,0.000285647,0.000372362,0.000464177,0.000637605,0.00117319,0.00272895,0.0249023,0.941473,0.0215154,
0.026683,0.00326559,0.00133478,0.000747139,0.00050369,0.00047011,0.000558256,0.000562453,0.000575046,0.000898246,0.00203994,0.000873062,0.000658994,0.000562453,0.000654796,0.000776521,0.00133478,0.00342089,0.0369162,0.917164,


0.931801,0.0253573,0.00291303,0.00139293,0.000744913,0.00047844,0.000266473,0.000211967,0.000211967,0.000193798,0.000720688,0.000181686,0.000199855,0.000187742,0.000272529,0.000405766,0.000581395,0.00119913,0.00268895,0.0299903,
0.0269966,0.943414,0.0181812,0.00180023,0.000889923,0.000575167,0.000412127,0.000416656,0.000427978,0.000597811,0.00168474,0.000369103,0.000237766,0.00024003,0.000255881,0.000208328,0.00030117,0.000484589,0.000670273,0.00183646,
0.00216188,0.0246186,0.942874,0.0215477,0.00267568,0.0012173,0.000632361,0.00036756,0.000304324,0.000241088,0.000873449,0.000193661,0.000138329,0.000126472,0.00012252,0.000197613,0.000197613,0.000256897,0.00040313,0.000849735,
0.00105893,0.00256096,0.0373781,0.925661,0.0253693,0.00293647,0.00113779,0.000720975,0.000446854,0.000262856,0.000536976,0.000153958,0.000131428,0.000135183,0.000127673,0.000157713,0.000150203,0.000240325,0.000334202,0.000499425,
0.000376417,0.000709815,0.00205775,0.0268547,0.934901,0.0283245,0.00307945,0.00124397,0.000570003,0.000293964,0.000566418,0.000136227,0.000114718,9.3208e-05,6.81135e-05,8.60382e-05,7.16985e-05,0.000136227,0.000103963,0.00021151,
0.000212768,0.000405896,0.000690678,0.00202293,0.0324586,0.932598,0.0251492,0.0030344,0.00121441,0.000615391,0.000589204,0.000189855,0.000147301,0.000153848,9.49273e-05,8.51072e-05,7.85605e-05,6.21937e-05,8.83806e-05,0.000108021,
9.61191e-05,0.000181847,0.000280564,0.000602693,0.00164182,0.0259444,0.935039,0.0305503,0.00298749,0.00109368,0.000688421,0.000233803,0.000174054,8.83257e-05,7.0141e-05,5.45541e-05,3.89672e-05,7.0141e-05,7.79344e-05,8.57279e-05,
3.99318e-05,7.80484e-05,0.000148837,0.000252296,0.00056812,0.00153737,0.0284895,0.927671,0.0362907,0.00293861,0.00105275,0.000326714,0.000179693,0.00012524,6.53429e-05,5.98976e-05,2.3596e-05,3.26714e-05,5.80826e-05,6.17127e-05,
3.01099e-05,3.70584e-05,4.51649e-05,0.000105385,0.000206137,0.000409959,0.00136305,0.0332588,0.930229,0.0308268,0.00237405,0.000581354,0.000218876,0.000106543,6.48522e-05,3.93745e-05,3.93745e-05,2.77938e-05,1.85292e-05,1.73711e-05,
3.56916e-05,3.07344e-05,4.36231e-05,6.34517e-05,9.22033e-05,0.000155655,0.000403513,0.0015734,0.0367237,0.922875,0.0353129,0.00184902,0.000396573,0.000177467,8.22889e-05,5.15545e-05,4.85802e-05,3.17259e-05,3.17259e-05,2.08201e-05,
5.77411e-05,5.19021e-05,6.55264e-05,6.87703e-05,7.59068e-05,0.000112238,0.00018555,0.000337364,0.00132999,0.0328813,0.95048,0.0127141,0.000868712,0.000272486,0.000139487,8.95311e-05,7.97995e-05,7.39605e-05,5.77411e-05,5.83899e-05,
5.28885e-05,6.66003e-05,5.48473e-05,5.68062e-05,7.63945e-05,0.000111653,0.000197842,0.000430943,0.000959828,0.0036924,0.0506926,0.9209,0.0199174,0.00162191,0.000542597,0.000227225,0.000156707,0.000107736,6.46415e-05,6.85592e-05,
7.22252e-05,6.94473e-05,6.94473e-05,8.05589e-05,7.7781e-05,0.000125005,0.000172229,0.000288901,0.000505577,0.0012445,0.00366404,0.0319652,0.931583,0.0268122,0.00190008,0.000644471,0.000313902,0.000166674,0.000125005,0.000119449,
0.000131592,7.42313e-05,0.000128218,8.43537e-05,6.07347e-05,0.000121469,0.000131592,0.000188952,0.000374531,0.000647837,0.0016702,0.00369469,0.0365319,0.924514,0.0280426,0.00213584,0.000745687,0.000371156,0.000229442,0.000121469,
0.000103002,7.30696e-05,5.45821e-05,3.08125e-05,5.89839e-05,7.21893e-05,7.6591e-05,7.13089e-05,0.000127652,0.000211286,0.00121665,0.000492119,0.00101505,0.0155163,0.963234,0.0163024,0.00064178,0.000335416,0.000228012,0.000139096,
0.000198329,0.000119627,0.000119627,7.24058e-05,8.18501e-05,8.81462e-05,0.000103887,0.000125923,0.00014796,0.000182589,0.00086887,0.000431287,0.000865722,0.00249328,0.0334546,0.938197,0.0198833,0.00166219,0.000613875,0.000289623,
0.000393257,0.000274289,0.000198281,0.000145406,0.000118969,9.25311e-05,7.93124e-05,8.92264e-05,0.000115664,0.000158625,0.00113681,0.000323859,0.00041639,0.000951748,0.00242564,0.0235359,0.94734,0.019881,0.00158625,0.000736944,
0.000896925,0.000407193,0.000310897,0.00025312,0.000192591,0.000187089,0.000244866,0.000390685,0.00042095,0.00054751,0.00174708,0.000605287,0.000495235,0.000740101,0.00111428,0.00255321,0.023309,0.943585,0.0200653,0.00193417,
0.00230432,0.0010059,0.000574798,0.000343852,0.000220681,0.000189889,0.000195021,0.00016936,0.000102643,0.000256606,0.000949443,0.000215549,0.000318192,0.00048242,0.000733894,0.00113933,0.00282267,0.0248138,0.940801,0.0223607,
0.0273272,0.00287904,0.00137712,0.000555151,0.000460474,0.000421743,0.00043035,0.000426046,0.000585276,0.000787541,0.00177304,0.000555151,0.000460474,0.000563758,0.000507813,0.000753112,0.00121359,0.00287904,0.0278652,0.928179,


0.93089,0.0260017,0.00313229,0.00143916,0.000755862,0.000447471,0.000308392,0.000266064,0.000241876,0.000229782,0.000592596,0.000241876,0.000193501,0.000181407,0.000284204,0.000344673,0.000610737,0.00122147,0.00281181,0.0298052,
0.026798,0.940962,0.0193563,0.00215679,0.000973949,0.000705003,0.000436058,0.000360335,0.000480447,0.000605781,0.00168679,0.000485669,0.000305501,0.000305501,0.00025589,0.000263723,0.000357724,0.000550947,0.000817281,0.0021359,
0.00146807,0.0245586,0.950222,0.0165544,0.00184073,0.00092903,0.000500913,0.000296388,0.000214925,0.00016986,0.00110582,0.000129995,0.000121329,0.000124795,0.000126528,0.000155994,0.000185459,0.000289455,0.000393451,0.000611842,
0.000803826,0.00219563,0.0278176,0.935943,0.0253391,0.00282083,0.00123179,0.000669855,0.000457734,0.000297713,0.00081499,0.000115364,0.000126528,0.000100478,0.000100478,0.00013025,0.000126528,0.000178628,0.000320042,0.000409356,
0.000344101,0.000788564,0.0020897,0.0259545,0.935467,0.0288149,0.002846,0.00110399,0.00069537,0.000315426,0.000469554,0.000189972,8.60252e-05,6.81033e-05,7.16877e-05,0.000103947,0.000111116,8.96096e-05,0.000125453,0.000265244,
0.000182368,0.000294348,0.000735871,0.00198685,0.031604,0.933599,0.0251764,0.00307466,0.00122858,0.000534306,0.00062709,0.000214362,0.000118379,9.91825e-05,8.63848e-05,5.1191e-05,7.99859e-05,7.99859e-05,8.63848e-05,0.000140775,
0.000107989,0.000175182,0.000309569,0.000626336,0.00173742,0.0261045,0.934827,0.0303425,0.00304769,0.00106549,0.000650334,0.00029037,0.000153584,0.00010079,7.67922e-05,8.15917e-05,5.03949e-05,7.19927e-05,7.43924e-05,0.000105589,
8.92938e-05,0.000120512,0.000182719,0.000326416,0.000793085,0.00262877,0.0701055,0.901882,0.0179621,0.00324855,0.00136558,0.000459553,0.000238958,0.000146681,8.81461e-05,7.52914e-05,6.54209e-05,6.65686e-05,7.41437e-05,8.0571e-05,
3.85895e-05,4.86963e-05,4.68587e-05,0.000100149,0.000169059,0.000415297,0.00146273,0.0344687,0.931143,0.0287042,0.00223268,0.000567817,0.000235212,0.000124957,6.52347e-05,4.04271e-05,4.59399e-05,2.94015e-05,2.84828e-05,3.21579e-05,
3.07585e-05,2.77819e-05,4.06806e-05,5.35793e-05,0.000104182,0.000166691,0.000373071,0.00152403,0.0357225,0.922597,0.0366482,0.00183063,0.000469315,0.000148831,8.23534e-05,5.06027e-05,3.47273e-05,3.37351e-05,2.3813e-05,3.77039e-05,
5.31157e-05,4.9877e-05,5.37635e-05,7.38438e-05,9.39241e-05,0.000112709,0.000164529,0.000355616,0.00131947,0.0320139,0.951036,0.0130716,0.000842726,0.000259101,0.000136028,0.00010364,7.90258e-05,7.25483e-05,6.08888e-05,4.79337e-05,
4.90049e-05,4.70447e-05,6.86069e-05,6.27263e-05,5.09651e-05,0.000131333,0.000166617,0.000348915,0.000925213,0.0037969,0.0493538,0.922027,0.0201763,0.00164656,0.000550815,0.000231303,0.000137214,9.40894e-05,6.46865e-05,7.05671e-05,
0.000100247,8.63236e-05,5.01234e-05,6.12619e-05,5.84773e-05,0.000105816,0.000139232,0.000270109,0.00052908,0.00122524,0.00365901,0.0314301,0.931921,0.0270722,0.00193532,0.000593126,0.000359217,0.00019214,0.000125308,8.63236e-05,
0.000122577,9.19327e-05,8.1718e-05,6.12885e-05,8.1718e-05,9.19327e-05,9.19327e-05,0.000228129,0.000340492,0.000619695,0.00154243,0.00323467,0.0356427,0.925398,0.0287715,0.00218255,0.000735462,0.000360921,0.000173651,0.000146411,
0.000110539,7.25411e-05,9.67215e-05,8.98128e-05,6.90868e-05,7.25411e-05,8.63585e-05,0.000110539,0.000231441,0.000331617,0.000753046,0.00105357,0.00273584,0.0306883,0.929487,0.0307782,0.00204151,0.000680505,0.000317799,0.000193443,
0.000224174,0.000112087,0.000121977,0.000105494,9.89002e-05,8.90102e-05,8.24169e-05,0.000131867,0.00015824,0.000237361,0.000715378,0.000537358,0.000919772,0.00273624,0.0340612,0.936117,0.0207262,0.00183295,0.000646148,0.000346151,
0.000469625,0.000252875,0.0001445,0.000111659,0.00012808,0.000131364,0.000121511,0.000141216,0.000124796,0.000154352,0.000929399,0.00041708,0.000528739,0.000968808,0.00232842,0.0235174,0.947149,0.0200822,0.00161249,0.000686376,
0.00100827,0.00059536,0.000384103,0.000230462,0.000169646,0.000172846,0.000246466,0.000358496,0.000396907,0.00066898,0.00173487,0.000598561,0.000604963,0.000723394,0.00103068,0.00256069,0.0235455,0.940973,0.0219323,0.00206455,
0.00221089,0.0011568,0.000654079,0.000437854,0.00027028,0.000189196,0.000248658,0.00013514,0.000178385,0.00022163,0.000929765,0.000281092,0.000421638,0.000416232,0.000605428,0.00121626,0.00281092,0.0249253,0.939068,0.0236225,
0.0274673,0.00279743,0.00118746,0.00081388,0.000400269,0.000400269,0.000453638,0.00048477,0.000609298,0.0010407,0.00206361,0.000698246,0.000573718,0.000524797,0.000582613,0.000756063,0.00126752,0.00315767,0.0276764,0.927044,


0.931799,0.025837,0.00328243,0.00120074,0.000742167,0.000440473,0.000253423,0.000223253,0.000181016,0.000241355,0.000615455,0.000168948,0.000193084,0.000223253,0.000283592,0.000380134,0.000736133,0.0011404,0.00282989,0.0292281,
0.0267122,0.935909,0.0220917,0.00240099,0.00117943,0.000738765,0.000554074,0.000557314,0.000583236,0.000936418,0.00208021,0.000502231,0.000398545,0.000298098,0.000275417,0.000298098,0.000430947,0.00064804,0.00098178,0.00242367,
0.00187714,0.0246916,0.942492,0.0220183,0.00267717,0.00107321,0.000612704,0.000401965,0.000280985,0.000261473,0.000995157,0.000148298,9.75644e-05,0.000148298,0.000163908,0.000148298,0.000183421,0.000351232,0.000483919,0.00089369,
0.000851974,0.00206575,0.0250768,0.93874,0.0254931,0.00291772,0.0010426,0.000692472,0.000303443,0.000315114,0.00079751,0.000151721,9.72573e-05,0.00013227,0.000124489,0.00012838,0.000124489,0.000213966,0.000326785,0.000404591,
0.000368727,0.00073407,0.00181319,0.0252595,0.937245,0.028233,0.00263521,0.00111295,0.000585227,0.000334898,0.000551398,0.000152227,9.81016e-05,9.13359e-05,7.78047e-05,8.79531e-05,0.000111633,0.000111633,0.000118398,0.000277391,
0.000201818,0.000360825,0.000645205,0.00205487,0.0299149,0.935449,0.024952,0.00299057,0.00113446,0.000571816,0.000709419,0.000266032,0.000128429,0.000116198,7.33882e-05,7.03304e-05,8.56196e-05,7.95039e-05,9.17353e-05,0.000103967,
0.000116726,0.000173793,0.000334616,0.000622541,0.00173533,0.0248601,0.935261,0.0314591,0.00282478,0.000993471,0.000645886,0.000241234,0.000194544,0.000137478,7.52237e-05,7.00358e-05,5.70662e-05,6.22541e-05,6.74419e-05,6.74419e-05,
6.97973e-05,8.41147e-05,0.000139595,0.000252344,0.000506478,0.00148901,0.027237,0.927056,0.038342,0.00295117,0.000914523,0.000340038,0.000195074,0.00011096,7.33766e-05,5.19005e-05,4.47418e-05,4.83212e-05,5.01109e-05,4.29522e-05,
3.79836e-05,5.42622e-05,4.99213e-05,9.98425e-05,0.000159531,0.000371154,0.00125454,0.0322969,0.93157,0.0307255,0.00226925,0.000567583,0.000205111,0.000104184,6.51147e-05,4.23246e-05,4.01541e-05,1.95344e-05,3.47278e-05,3.25573e-05,
2.07443e-05,1.61345e-05,2.56834e-05,3.21592e-05,5.93792e-05,0.000114807,0.000301177,0.00130788,0.0706191,0.91618,0.0100769,0.000816931,0.00019976,8.73676e-05,4.30252e-05,2.79884e-05,2.20614e-05,1.7232e-05,1.45978e-05,1.70125e-05,
5.12615e-05,5.83992e-05,6.03458e-05,6.81324e-05,8.69499e-05,0.000118745,0.000161571,0.000368564,0.00131463,0.0311462,0.951521,0.0134545,0.000821482,0.000280965,0.000145998,9.60342e-05,7.0079e-05,6.03458e-05,6.35902e-05,5.12615e-05,
1.28405e-05,1.34825e-05,1.25195e-05,1.52802e-05,1.81693e-05,2.86985e-05,4.61615e-05,9.37355e-05,0.000299119,0.00128283,0.0712552,0.919359,0.00653548,0.000683819,0.000177455,7.5181e-05,3.55681e-05,2.29844e-05,1.91323e-05,1.34183e-05,
7.21521e-05,8.04773e-05,6.10518e-05,6.66019e-05,8.88026e-05,0.000133204,0.00016928,0.000235882,0.000541141,0.00117108,0.00359928,0.0313556,0.9317,0.0273678,0.00196198,0.000660469,0.000296934,0.00017483,0.000160955,0.000102678,
0.000131093,0.000104202,0.000127732,9.74796e-05,0.000100841,0.000157984,0.000178152,0.000205043,0.000359666,0.000793283,0.00154959,0.00367397,0.0343263,0.925677,0.0291632,0.0019227,0.000692442,0.000342859,0.000238657,0.000157984,
0.000144825,0.000113791,0.000117239,8.96533e-05,6.89641e-05,0.000106894,8.96533e-05,0.000117239,0.000213789,0.000334476,0.000851707,0.00111032,0.00273098,0.0305787,0.928936,0.0312476,0.00193789,0.000651711,0.000341372,0.000217237,
0.000136032,7.94141e-05,7.00713e-05,6.76421e-05,6.80158e-05,6.44656e-05,6.68947e-05,8.87569e-05,0.000109124,0.000171348,0.000708374,0.000343256,0.000588972,0.00169965,0.0340642,0.946763,0.0133793,0.000917653,0.000376143,0.000237308,
0.00038282,0.000193104,0.000118573,0.000125348,0.000138899,0.000149063,0.000118573,0.000108409,0.000145675,0.000240533,0.00097907,0.000386208,0.000477678,0.000870661,0.00259843,0.0234841,0.945772,0.0212516,0.00173116,0.000728374,
0.000600687,0.000355852,0.000308273,0.000212124,0.000202211,0.000194282,0.000223027,0.00033008,0.000375677,0.000489669,0.00172474,0.000602669,0.000565003,0.000678003,0.000829662,0.0019785,0.0234843,0.947075,0.0182189,0.00155128,
0.00216768,0.00114667,0.00061784,0.000418874,0.000261797,0.000198965,0.000178022,0.000183258,0.000104719,0.000209437,0.00092676,0.000188494,0.000319392,0.000387459,0.000675435,0.00116761,0.0027541,0.0250435,0.940059,0.022991,
0.0276312,0.00312859,0.00123359,0.000747538,0.00048913,0.000421452,0.000492206,0.000556808,0.000676784,0.000990565,0.00201497,0.000889048,0.000676784,0.000646021,0.000609105,0.000756767,0.00115976,0.00334085,0.0353281,0.918211,


0.932053,0.0267623,0.00324888,0.00140279,0.000692285,0.000510105,0.000321852,0.000255052,0.000206471,0.000230762,0.000686213,0.000163962,0.000261125,0.000212544,0.000327925,0.000376506,0.00061334,0.00108701,0.00278736,0.0278007,
0.0270364,0.935248,0.0231552,0.00245038,0.00118079,0.00083543,0.000605193,0.000526255,0.000506521,0.000858454,0.00138471,0.000467051,0.000388113,0.000312464,0.000302597,0.000312464,0.000440739,0.000424293,0.000884767,0.00268061,
0.00195917,0.0239989,0.944078,0.0214058,0.00257022,0.00113426,0.000580496,0.000408639,0.000244419,0.000225324,0.000813458,0.000175676,0.000126029,6.8743e-05,9.54763e-05,0.000145124,0.000206229,0.000343715,0.000527029,0.000893658,
0.000875594,0.00212644,0.0250283,0.938868,0.0251762,0.00288832,0.00120915,0.000625424,0.000386626,0.000291865,0.000750509,0.000231217,0.000121294,9.09708e-05,0.000132666,0.000140247,0.000178151,0.000227427,0.000257751,0.000394207,
0.000365199,0.000730398,0.00203761,0.0247619,0.937469,0.0283251,0.00262807,0.00115021,0.000518787,0.000314003,0.000552918,9.2153e-05,0.000139936,8.19138e-05,9.89792e-05,8.19138e-05,8.19138e-05,0.00013311,0.000191132,0.000245741,
0.000208906,0.000301071,0.000694306,0.00200919,0.0296739,0.935936,0.0250964,0.0028018,0.00106911,0.000577564,0.000632863,0.000184329,0.000119814,0.00011367,6.75873e-05,0.00012903,7.68037e-05,9.21645e-05,8.90923e-05,0.000125958,
0.000114306,0.000161068,0.000301353,0.000566337,0.00196399,0.0236537,0.93544,0.0318551,0.00309147,0.00105214,0.000727405,0.000322137,0.000166264,0.0001221,8.83277e-05,6.49469e-05,8.57299e-05,5.19575e-05,6.49469e-05,0.000106513,
4.5471e-05,0.000103674,0.000127319,0.000207348,0.000505637,0.0015442,0.0267006,0.92683,0.0391651,0.00280101,0.00106766,0.000314659,0.000167333,0.000114587,6.72971e-05,6.18406e-05,4.18333e-05,4.36522e-05,4.72898e-05,4.36522e-05,
3.23863e-05,4.39529e-05,5.66761e-05,7.86525e-05,0.000156148,0.000379383,0.00128851,0.0304455,0.930952,0.0330815,0.00232835,0.000596834,0.000246368,9.7159e-05,5.55194e-05,3.58563e-05,3.81696e-05,2.77597e-05,2.19764e-05,3.7013e-05,
3.575e-05,2.68125e-05,3.87291e-05,5.85902e-05,7.2493e-05,0.000157896,0.000387291,0.00156704,0.0340568,0.922722,0.0381631,0.00187091,0.000414104,0.000176764,7.14999e-05,5.75972e-05,4.27013e-05,3.6743e-05,1.68819e-05,2.68125e-05,
2.49249e-05,2.11106e-05,1.84954e-05,1.8529e-05,2.09186e-05,3.18292e-05,5.94704e-05,0.000171057,0.000960972,0.0594736,0.93208,0.00621796,0.000593052,0.000118533,4.88848e-05,2.9374e-05,2.66863e-05,2.82171e-05,2.88823e-05,2.76091e-05,
4.69798e-05,6.26397e-05,7.63422e-05,3.91498e-05,9.20021e-05,0.00010962,0.000197707,0.000358221,0.000959171,0.0037486,0.0464904,0.923552,0.0215187,0.00158557,0.000536353,0.000272091,0.000111577,9.20021e-05,7.82996e-05,7.24272e-05,
8.62508e-05,3.8952e-05,8.06862e-05,6.39925e-05,8.06862e-05,9.45976e-05,0.000164155,0.000225365,0.000517505,0.00112126,0.00355854,0.0305161,0.932326,0.0278507,0.00198377,0.000634361,0.000289358,0.000150243,0.000116856,0.000100162,
7.21828e-05,5.99672e-05,5.44147e-05,5.66357e-05,7.44038e-05,7.77353e-05,7.99563e-05,0.000147697,0.000228764,0.000390897,0.00140257,0.00141367,0.0179213,0.958529,0.0176626,0.000913945,0.000400892,0.000206554,0.000187675,0.000118824,
