0.931215,0.0236769,0.00298963,0.00135674,0.000528287,0.000414225,0.000324176,0.000324176,0.000264144,0.000162088,0.000636346,0.000174095,0.00025814,0.00025814,0.000204111,0.000456248,0.00062434,0.00123667,0.00250937,0.0323876,
0.027089,0.949866,0.0147057,0.00153237,0.000780531,0.000436179,0.00033096,0.000239133,0.000216177,0.000206611,0.00122245,0.000164524,0.000132002,0.000105219,0.000166437,0.000181741,0.000223829,0.000401744,0.00062366,0.00137549,
0.00175723,0.0250817,0.947447,0.0180205,0.00231826,0.000873779,0.000541679,0.000409483,0.000203129,0.000154765,0.000767378,0.00018056,0.00013542,0.00013542,0.00013542,0.000203129,0.000170887,0.000248269,0.000438502,0.000777051,
0.00134912,0.00314495,0.0405198,0.927415,0.0181349,0.00267649,0.00134329,0.000864754,0.000613817,0.000390996,0.00104142,0.000224412,0.000163932,0.000164993,0.000165524,0.000185683,0.000225473,0.000305051,0.000403729,0.000666338,
0.000377469,0.000722888,0.00226481,0.0298414,0.934637,0.02544,0.00290936,0.00109323,0.000619618,0.000345419,0.000505666,0.000153124,0.00013888,0.000110392,8.19036e-05,0.000110392,0.000128197,0.000117514,0.000185173,0.000217223,
0.000305875,0.000503657,0.0010371,0.00356174,0.0854894,0.887443,0.015362,0.00272042,0.0011723,0.000595352,0.000591671,0.000219869,0.000148587,0.000118803,0.000102405,0.000103074,9.23649e-05,0.00011211,0.00014591,0.00017469,
0.000238601,0.000306898,0.000569141,0.00145525,0.00526762,0.0765508,0.886607,0.0200797,0.00429351,0.00194471,0.00107261,0.000436487,0.000232034,0.00017118,0.000126087,0.000110326,0.00010945,0.000112077,0.000135718,0.000180812,
6.88236e-05,6.70125e-05,0.000128592,0.000239072,0.000507121,0.00144892,0.0325155,0.927809,0.0323851,0.00297572,0.000925497,0.000364041,0.000184737,9.05574e-05,7.78794e-05,5.43344e-05,3.26007e-05,2.89784e-05,5.25233e-05,4.34676e-05,
4.45681e-05,4.34253e-05,6.51379e-05,8.45651e-05,0.000159988,0.000381686,0.0012639,0.0378806,0.929417,0.0272585,0.00227526,0.000537102,0.000225126,0.000124562,5.4853e-05,5.37102e-05,3.65687e-05,3.19976e-05,3.54259e-05,2.62837e-05,
8.76585e-05,0.000109771,0.000127342,0.000188545,0.000355372,0.000662967,0.00189433,0.00849596,0.0708656,0.893811,0.0195457,0.00205445,0.000766617,0.000356952,0.000213618,0.000130501,9.93068e-05,8.25253e-05,7.89716e-05,7.32462e-05,
0.00011239,0.000116701,0.000121332,0.000125422,0.000154024,0.00023047,0.0004078,0.00122003,0.00688646,0.0594324,0.923736,0.0055388,0.000811609,0.000322387,0.000189599,0.000134882,0.000120643,0.00011234,0.000108694,0.000118031,
5.57181e-05,4.61115e-05,4.41902e-05,8.26165e-05,6.53247e-05,0.000113358,0.000178682,0.000393869,0.00100485,0.00352561,0.0570669,0.916469,0.0181545,0.00175608,0.000472643,0.000226715,0.000130649,9.03018e-05,6.14821e-05,6.14821e-05,
0.000271105,0.000210443,0.000167239,0.000145872,0.000166509,0.000227641,0.000385499,0.000859022,0.00227865,0.00807776,0.0208833,0.0728779,0.873123,0.0159237,0.00200035,0.000864181,0.00048603,0.000383727,0.000347038,0.000321084,
0.000270515,0.000226711,0.000178521,0.000159353,0.000155978,0.000194314,0.000283068,0.000501478,0.00108179,0.00278344,0.00570335,0.00761997,0.0430915,0.91927,0.0150909,0.00138234,0.000753432,0.000506877,0.00040422,0.00034253,
0.000290946,0.000232773,0.000189142,0.000161385,0.000157006,0.000177727,0.000228941,0.000338486,0.000612778,0.00128451,0.00295552,0.00253204,0.00341989,0.0337397,0.935815,0.0150539,0.00125151,0.000722948,0.00046922,0.000366947,
0.000385685,0.000287357,0.000224588,0.000185937,0.000179547,0.000190472,0.000255509,0.000348271,0.000536064,0.000906701,0.00229298,0.00137062,0.00176403,0.00258436,0.0340946,0.935522,0.0161321,0.00147183,0.000750654,0.000516377,
0.000606803,0.000427268,0.00032789,0.000281903,0.00025955,0.000302832,0.000387403,0.000471547,0.000697781,0.00110682,0.00265231,0.00124208,0.00126401,0.00163959,0.00292154,0.0236171,0.938593,0.0202086,0.00204024,0.000951494,
0.000804479,0.000522415,0.000369048,0.000292746,0.000230433,0.000225346,0.000255612,0.000308769,0.000373881,0.000488588,0.00185084,0.000588035,0.000679598,0.00081745,0.0013536,0.00275654,0.0235713,0.945657,0.0172321,0.00162193,
0.00198129,0.00108924,0.000596264,0.000361514,0.000248834,0.000220665,0.000239444,0.00022536,0.000291089,0.000248834,0.00110802,0.00020658,0.000408464,0.000399074,0.000582179,0.00115027,0.00239444,0.0256487,0.942496,0.0201039,
0.0273791,0.00311971,0.00128255,0.000708124,0.000475384,0.000534807,0.000514999,0.000510047,0.000579374,0.00103,0.00189658,0.000812114,0.000727932,0.000727932,0.000609086,0.000812114,0.00123798,0.003605,0.0313555,0.922082,


0.931004,0.024027,0.00299511,0.00131713,0.000805913,0.000390928,0.000354842,0.000282671,0.000222528,0.000222528,0.000709685,0.000228543,0.0002105,0.0002526,0.000246585,0.000517228,0.000625485,0.00119684,0.00268237,0.0317073,
0.0270505,0.946154,0.0149953,0.00154009,0.000921033,0.000629655,0.000525256,0.00041474,0.000412905,0.000503031,0.00162858,0.000281183,0.000247335,0.000212876,0.000218381,0.00025488,0.0003552,0.000528722,0.000888205,0.00223805,
0.00217544,0.0259548,0.944705,0.0185158,0.00241098,0.00110571,0.0005365,0.00043836,0.00031732,0.00021918,0.000994488,0.00012104,0.000153753,0.000114497,0.000202823,0.000173381,0.000199552,0.000291149,0.000552857,0.000817835,
0.00104323,0.00217976,0.0291892,0.934815,0.0246007,0.00312121,0.00117469,0.000678524,0.000390151,0.000313817,0.000759099,0.000186594,0.000114501,0.000106019,0.000118742,0.000101779,0.000156909,0.000199316,0.000262928,0.000487689,
0.000242454,0.000366283,0.000757539,0.0177397,0.962343,0.0142673,0.00116024,0.000557749,0.000323619,0.00023413,0.00123204,0.000120707,7.59621e-05,5.30694e-05,6.1394e-05,7.38809e-05,8.63678e-05,7.90838e-05,9.26113e-05,0.000133194,
0.000215705,0.000346435,0.000719015,0.00209822,0.0358266,0.930435,0.023721,0.0030885,0.00126808,0.000620968,0.000611163,0.000202632,0.000143803,8.17063e-05,8.49745e-05,0.000111121,8.49745e-05,7.8438e-05,0.000114389,0.000147071,
0.000134127,0.000198611,0.000306944,0.000590674,0.00178234,0.0278597,0.93565,0.0276327,0.00303333,0.00109881,0.000683531,0.000304365,0.000216666,0.000103174,6.4484e-05,6.19046e-05,6.19046e-05,5.67459e-05,6.96427e-05,9.02776e-05,
5.97172e-05,6.33364e-05,0.000128482,0.000262394,0.000508501,0.00151645,0.0319776,0.928272,0.0325531,0.00285919,0.000910234,0.000340207,0.000173723,9.04805e-05,7.60037e-05,6.15268e-05,3.2573e-05,2.71442e-05,4.1621e-05,4.52403e-05,
3.10777e-05,5.06451e-05,7.36656e-05,7.36656e-05,0.000165748,0.000392499,0.00133289,0.0367016,0.929837,0.027948,0.00227558,0.000572059,0.000204882,0.000103592,7.36656e-05,4.7192e-05,3.56818e-05,2.53225e-05,2.53225e-05,2.99266e-05,
3.64973e-05,1.38098e-05,4.24158e-05,6.80626e-05,8.77909e-05,0.00017065,0.000412321,0.00154966,0.0416326,0.921087,0.0322153,0.0018081,0.000435009,0.000164731,8.68044e-05,5.52392e-05,4.73479e-05,3.15653e-05,2.95924e-05,2.56468e-05,
5.3868e-05,5.83571e-05,6.66938e-05,8.08021e-05,8.59324e-05,0.000117997,0.000170582,0.000349501,0.00132875,0.0367156,0.94769,0.0116977,0.000815075,0.000254591,0.000140442,0.00010453,7.75956e-05,7.37479e-05,5.06616e-05,6.79763e-05,
0.000206324,0.000165862,0.000133397,0.00012641,0.000149154,0.000245388,0.000533023,0.00134304,0.00502841,0.0320216,0.134743,0.80157,0.018568,0.00289697,0.000862546,0.000382799,0.000257845,0.00025178,0.000265723,0.000249223,
5.25228e-05,4.6994e-05,6.63445e-05,8.01663e-05,6.63445e-05,0.000132689,0.000168626,0.000276436,0.000572222,0.00116103,0.00355773,0.0348834,0.93164,0.0239366,0.0019544,0.000713204,0.000259849,0.000185212,0.000146511,9.95168e-05,
0.000137974,0.000100956,6.73043e-05,0.000104322,7.73999e-05,0.000100956,0.000117782,0.000235565,0.000306234,0.000487956,0.00157829,0.00332147,0.0404128,0.923647,0.0257708,0.00201913,0.000736982,0.000326426,0.000218739,0.0002322,
0.000146444,8.85474e-05,8.85474e-05,9.53588e-05,8.51417e-05,8.17361e-05,9.87644e-05,0.000153255,0.000173689,0.000326944,0.000882068,0.000984239,0.00269388,0.0337298,0.930535,0.0266119,0.0019242,0.000687945,0.000412086,0.000200935,
0.000266142,0.00019536,9.34328e-05,7.92763e-05,8.21076e-05,8.21076e-05,8.21076e-05,0.000121746,0.000135902,0.000209516,0.000758788,0.000475658,0.000908846,0.00229335,0.0339642,0.940141,0.0177692,0.00151191,0.000518127,0.000311443,
0.000381018,0.00020321,0.000180631,0.00014394,7.9026e-05,0.000101605,8.18483e-05,0.000107249,0.000174986,0.000152407,0.000928555,0.000307637,0.00044311,0.00079026,0.00228611,0.0239562,0.949827,0.0177498,0.00148456,0.000620918,
0.000724002,0.000413715,0.000310286,0.000214814,0.000193597,0.000257246,0.00024929,0.000259898,0.000381891,0.00047206,0.00147452,0.000506536,0.000535708,0.000594053,0.000946771,0.00211366,0.0235367,0.946583,0.0183599,0.00187233,
0.00192073,0.000879689,0.000546519,0.000404137,0.000354834,0.00038083,0.000468978,0.000566539,0.000775106,0.00121286,0.0029316,0.00107406,0.000803344,0.000773314,0.000816491,0.0011274,0.00240435,0.025192,0.937328,0.0200391,
0.021894,0.00267464,0.00133879,0.000864756,0.00066294,0.000550886,0.000525072,0.000499845,0.000562032,0.000703421,0.00168258,0.000591366,0.000579633,0.000573766,0.000729821,0.00103254,0.00186151,0.00392719,0.0378064,0.920939,


0.930552,0.0244997,0.00311719,0.00116165,0.000723842,0.000519532,0.000315222,0.000180961,0.000256847,0.000256847,0.000624606,0.000169286,0.000169286,0.000198473,0.00027436,0.000391108,0.000636281,0.00124921,0.00287786,0.0318257,
0.0274071,0.93761,0.0212622,0.002382,0.00102937,0.000558624,0.000458197,0.000439367,0.000489581,0.000759478,0.00170098,0.000486442,0.000357771,0.000332664,0.000323249,0.000345217,0.000376601,0.000577454,0.000916395,0.00218742,
0.0018575,0.0250611,0.946921,0.0181152,0.00233863,0.000986608,0.000584656,0.000401951,0.000249697,0.000152254,0.00122108,0.000112668,0.000100488,9.43976e-05,0.000112668,0.000164435,0.000188795,0.000258832,0.000362365,0.000715595,
0.000885736,0.00215472,0.0299447,0.933979,0.0248602,0.00317247,0.00130731,0.000557843,0.000430093,0.000323634,0.000753727,0.000140525,0.000149042,0.00012775,7.66502e-05,0.000119234,0.000136267,0.000166075,0.000272534,0.000442868,
0.000544104,0.00100955,0.00277195,0.0562933,0.915498,0.0168517,0.00238126,0.00119452,0.000649121,0.000449026,0.000740741,0.000219975,0.000170708,0.000117551,0.000124897,0.000136566,0.000136566,0.000152989,0.000241152,0.000315917,
0.000189943,0.000330763,0.000749947,0.0019682,0.0355717,0.931103,0.0237461,0.00305219,0.00112656,0.000605852,0.000556729,0.000183393,0.000153919,0.000111346,6.22227e-05,8.18719e-05,6.54975e-05,0.000101521,7.8597e-05,0.000160469,
0.000108976,0.000152566,0.00028818,0.000593312,0.00180415,0.0288907,0.935474,0.0271083,0.0029593,0.00104375,0.000641746,0.000234903,0.000154988,0.000116241,6.05421e-05,7.26505e-05,5.81204e-05,7.74938e-05,7.74938e-05,8.23372e-05,
6.15812e-05,7.2138e-05,0.000151314,0.000216414,0.000519042,0.00156592,0.0314082,0.927471,0.0338257,0.00278699,0.000974743,0.000346614,0.000174187,0.000109087,6.15812e-05,6.51002e-05,5.80623e-05,3.87082e-05,3.87082e-05,5.45434e-05,
3.68555e-05,3.4552e-05,6.10419e-05,8.63801e-05,0.000167001,0.0003985,0.00130607,0.0359583,0.929938,0.0285676,0.00237372,0.000548225,0.000191188,0.000124387,4.95246e-05,4.49176e-05,3.80072e-05,2.07312e-05,1.84277e-05,3.68555e-05,
3.15792e-05,2.86187e-05,4.14477e-05,6.6119e-05,8.88165e-05,0.000155922,0.000380924,0.00155429,0.0405082,0.921692,0.0328513,0.0017408,0.000440135,0.000148028,7.99349e-05,6.01979e-05,3.75003e-05,3.25661e-05,2.26976e-05,3.84872e-05,
4.49807e-05,5.46194e-05,5.46194e-05,7.0684e-05,9.18891e-05,0.000117592,0.000179923,0.000394545,0.00133143,0.0360141,0.948212,0.0118884,0.000787162,0.000282093,0.000138155,9.63872e-05,6.87562e-05,6.87562e-05,5.65472e-05,4.69084e-05,
5.33121e-05,4.56961e-05,3.61761e-05,6.09281e-05,8.75842e-05,0.000127568,0.000156128,0.000335105,0.000953906,0.00373375,0.0543479,0.918217,0.0190077,0.00172122,0.000506465,0.000226576,0.000146608,9.71042e-05,8.18722e-05,5.71201e-05,
6.89389e-05,5.79087e-05,6.89389e-05,8.27267e-05,7.16964e-05,0.000143393,0.00013512,0.000272998,0.00051842,0.00116645,0.00373097,0.034133,0.931171,0.0250772,0.00194683,0.000645268,0.000317119,0.000176484,0.00012409,9.09993e-05,
0.000127109,0.000120419,0.000113729,8.69693e-05,9.70042e-05,9.03143e-05,0.000137144,0.000257563,0.000377982,0.000786069,0.00167918,0.00337842,0.0385742,0.924996,0.0255857,0.00206719,0.000705789,0.000381327,0.000274288,0.000163904,
0.000108663,0.000101872,9.50803e-05,9.16846e-05,8.48931e-05,9.50803e-05,0.000115455,0.000132433,0.000247888,0.000332781,0.000852327,0.00109682,0.0027777,0.0353121,0.928354,0.0272371,0.00178955,0.000618022,0.000342968,0.000213931,
0.000177537,0.000149357,0.00011554,8.73596e-05,0.000121176,9.01777e-05,7.60874e-05,9.58138e-05,0.000169083,0.000236716,0.00105677,0.00053543,0.000848234,0.00236153,0.034059,0.939093,0.0182779,0.00152738,0.00062279,0.000298714,
0.000362334,0.000298563,0.000165224,0.000104352,0.000101453,0.000127541,0.000101453,9.56561e-05,0.000124643,0.000153629,0.00117396,0.000350739,0.000446395,0.000831918,0.00210733,0.0236763,0.950001,0.0176181,0.00156238,0.000597126,
0.000777183,0.000485739,0.00030803,0.000172971,0.000156384,0.000149276,0.000234577,0.000236946,0.000289074,0.000412286,0.001552,0.000490478,0.00044072,0.000635015,0.000867223,0.00222255,0.0235453,0.946201,0.018913,0.00190979,
0.00217161,0.00101733,0.000528228,0.000352152,0.000224986,0.000210313,0.000205422,0.000171185,0.000166294,0.000161403,0.00119341,0.000273896,0.000366825,0.000381498,0.000645613,0.00112493,0.0027194,0.0317231,0.93449,0.0218726,
0.0275225,0.00342831,0.00116678,0.000677019,0.000475354,0.000408132,0.00049456,0.000465751,0.000854676,0.00107075,0.00208868,0.000797058,0.000744241,0.000701027,0.000585789,0.000830668,0.00147888,0.00357716,0.0308212,0.921812,


0.931459,0.0242564,0.00345746,0.00134323,0.000554157,0.000457782,0.000283102,0.000228891,0.000204797,0.000222867,0.00071679,0.00015661,0.00015661,0.000138539,0.000216844,0.000289125,0.000638485,0.00133118,0.00276476,0.0311231,
0.0270618,0.952505,0.0133461,0.00111561,0.000645208,0.000480353,0.000318341,0.000186172,0.000136432,0.000160591,0.00126341,9.80603e-05,9.80603e-05,0.000125062,0.000136432,0.000147801,0.000214596,0.000375187,0.000484617,0.0011014,
0.00181926,0.0246394,0.951863,0.0140648,0.00146788,0.000840211,0.000554192,0.000399593,0.000274198,0.000248471,0.00138907,0.000167347,0.000125626,0.000130957,0.000151817,0.000153903,0.000210227,0.000292741,0.000450817,0.000756537,
0.00104017,0.00216738,0.0286547,0.935031,0.0248596,0.00314227,0.00125778,0.00063977,0.0004004,0.000326413,0.000774688,0.000152326,0.000126213,0.0001001,0.000113157,0.000169735,0.000161031,0.000169735,0.000274187,0.00043957,
0.000363917,0.000685019,0.00198727,0.0282749,0.934474,0.0273366,0.00305761,0.00114883,0.000674316,0.000328239,0.000560146,0.000149848,0.00011417,0.000117738,6.77884e-05,7.13562e-05,8.56274e-05,0.000110602,0.000199797,0.000192662,
0.00015036,0.0003236,0.00074853,0.00200698,0.0343082,0.931648,0.024404,0.00289279,0.00131074,0.000578558,0.000539334,0.000222271,0.000140554,0.000107867,0.000114404,0.000101329,9.4792e-05,9.4792e-05,0.000114404,9.80607e-05,
0.000144455,0.000141875,0.000296648,0.000613932,0.00184696,0.0268686,0.935478,0.0289141,0.00302323,0.00107825,0.00062683,0.000257955,0.000131557,0.000134136,5.675e-05,8.25455e-05,6.44887e-05,4.90114e-05,8.5125e-05,0.000105761,
6.3376e-05,6.68018e-05,0.000138742,0.000272346,0.00050187,0.00156898,0.0312135,0.92751,0.0339045,0.00279197,0.00105855,0.000313454,0.000152445,0.000118188,8.05047e-05,5.1386e-05,3.42573e-05,4.96731e-05,5.1386e-05,5.82374e-05,
4.25314e-05,4.02324e-05,4.36809e-05,8.85112e-05,0.00016093,0.000400025,0.0012656,0.0349424,0.930541,0.0290662,0.00229325,0.000566702,0.000219554,9.19597e-05,5.74748e-05,4.13819e-05,2.87374e-05,4.02324e-05,2.87374e-05,4.13819e-05,
3.75064e-05,4.83635e-05,3.05973e-05,6.41556e-05,8.98179e-05,0.000179636,0.000359272,0.00162067,0.039357,0.922231,0.0334281,0.00173911,0.00036322,0.000167792,8.38958e-05,5.62596e-05,3.75064e-05,3.75064e-05,3.45453e-05,3.45453e-05,
7.43738e-05,5.8345e-05,6.92446e-05,7.88619e-05,7.9503e-05,0.000121819,0.00018337,0.000381486,0.00132655,0.0348262,0.948927,0.0122832,0.000809777,0.000263514,0.000129513,9.16849e-05,8.46323e-05,8.71969e-05,6.02684e-05,6.34742e-05,
5.22786e-05,4.06611e-05,5.80873e-05,5.03423e-05,7.1641e-05,0.000110366,0.000182007,0.00038144,0.000999102,0.00369435,0.0529756,0.919414,0.0190875,0.00171551,0.000507296,0.000236222,0.000183943,0.000104557,8.32585e-05,5.22786e-05,
7.17439e-05,8.55408e-05,6.07064e-05,7.17439e-05,8.83002e-05,0.000102097,0.000160044,0.000281457,0.000562914,0.00118653,0.00345751,0.0332285,0.931755,0.0255243,0.00208057,0.00062638,0.000289735,0.00017936,9.3819e-05,9.3819e-05,
0.000114432,7.74101e-05,0.000117798,0.000117798,6.05818e-05,0.000124529,0.000185111,0.000205305,0.000282715,0.000491386,0.00139675,0.00329834,0.0389608,0.924532,0.0265819,0.00203286,0.000733713,0.00030964,0.000242327,0.000134626,
0.000172294,6.54716e-05,8.61469e-05,5.16881e-05,6.89175e-05,6.54716e-05,8.2701e-05,0.00017574,0.000223982,0.000303237,0.000720188,0.000971737,0.00258785,0.0325635,0.930293,0.0285146,0.00178841,0.000654716,0.000427289,0.000182631,
0.000142178,0.000160328,8.16766e-05,7.86516e-05,7.26014e-05,0.000121002,7.26014e-05,0.000114952,0.000181504,0.000260155,0.000744165,0.000408383,0.000919618,0.00243517,0.0336084,0.938903,0.0191305,0.00164261,0.000577786,0.000344857,
0.000380522,0.000282419,0.000199179,9.21577e-05,9.81033e-05,8.6212e-05,7.13479e-05,0.000104049,0.000130804,0.000193234,0.00118913,0.000365658,0.000508354,0.000814555,0.00199774,0.0244039,0.948424,0.018598,0.00137642,0.00068375,
0.000935363,0.000497534,0.000341166,0.000281462,0.000210386,0.000247345,0.000244502,0.00029852,0.000369596,0.000653901,0.00176838,0.000636843,0.000599883,0.000651058,0.00115144,0.00238248,0.0235177,0.94437,0.0189973,0.00184514,
0.00215846,0.000996214,0.000488619,0.000270401,0.000185011,0.000260913,0.000142316,0.000132829,0.000199243,0.000185011,0.00113379,0.000213475,0.000308352,0.000436437,0.000687862,0.00105788,0.00284158,0.0251426,0.942405,0.0207545,
0.0138077,0.000895055,0.000463404,0.000298638,0.000258305,0.000184503,0.000142454,0.000170773,0.000165624,0.000240283,0.00163908,0.000203383,0.000201666,0.000195659,0.00032095,0.000325241,0.000470269,0.000949119,0.0144299,0.964638,


0.915484,0.0194219,0.00254505,0.00127135,0.000838648,0.000647867,0.000508224,0.000488556,0.000523565,0.000623872,0.00129259,0.000401229,0.000360713,0.000351272,0.000420897,0.000566835,0.000832747,0.00135631,0.00363034,0.0484343,
0.0271097,0.941868,0.0187574,0.00199584,0.00093849,0.000500198,0.000465531,0.000416006,0.000428387,0.000579437,0.00174079,0.000341719,0.000279814,0.000314481,0.000215432,0.000269909,0.000383815,0.000510103,0.000859251,0.00202555,
0.0013479,0.0248284,0.951283,0.016068,0.00170037,0.000685701,0.000435773,0.000273426,0.000241384,0.000130305,0.00111293,0.000104671,6.62204e-05,7.47649e-05,0.000106807,0.000115352,0.000181572,0.000277698,0.000331102,0.000634434,
0.00082414,0.00216643,0.0273598,0.936402,0.024765,0.00306809,0.00140757,0.000628305,0.00041207,0.000236634,0.000856779,0.000159116,0.000171356,0.000175436,0.000138717,0.000101998,0.000191755,0.000191755,0.000261114,0.000481428,
0.000374961,0.000864196,0.00194266,0.0276543,0.935082,0.0274329,0.00294612,0.00110703,0.000614222,0.000360677,0.000532088,0.000178553,0.000121416,0.000110703,8.21343e-05,0.000110703,6.0708e-05,0.000103561,0.000142842,0.000178553,
0.000206428,0.0003506,0.000632391,0.00208722,0.0333365,0.932426,0.0242963,0.00316851,0.00123529,0.000530815,0.000655327,0.000212981,0.000167108,9.82991e-05,0.000111406,8.84692e-05,5.89795e-05,0.000108129,0.000121236,0.000108129,
9.81225e-05,0.000170423,0.000338264,0.00060681,0.00185916,0.0259173,0.935552,0.0297647,0.0029979,0.0010432,0.000676529,0.000253053,0.000157512,0.00011878,5.42256e-05,7.74651e-05,5.16434e-05,8.00473e-05,0.000100705,8.26295e-05,
8.00799e-05,8.71981e-05,0.000115671,0.000270492,0.000501834,0.00147881,0.0301492,0.927376,0.0352369,0.00282059,0.00095562,0.000347013,0.000202869,9.60958e-05,5.87252e-05,3.20319e-05,4.44888e-05,5.69457e-05,4.09297e-05,4.80479e-05,
3.68457e-05,3.45428e-05,5.41171e-05,9.67199e-05,0.00016926,0.000365003,0.00130342,0.034042,0.930508,0.0298968,0.00235467,0.000565351,0.00019344,0.000117446,6.10257e-05,5.06628e-05,5.18142e-05,2.418e-05,3.79971e-05,3.68457e-05,
2.17156e-05,3.55346e-05,4.54053e-05,6.81079e-05,8.2914e-05,0.000180634,0.000396803,0.00154871,0.0382767,0.922252,0.0343975,0.00184878,0.000373113,0.000189518,8.19269e-05,5.72501e-05,3.94829e-05,3.84958e-05,2.46768e-05,4.04699e-05,
5.3279e-05,5.77724e-05,5.64885e-05,7.25364e-05,8.47328e-05,0.000127099,0.000182946,0.00034856,0.00134545,0.0338636,0.9499,0.0123582,0.000766447,0.000286294,0.000125173,0.000107842,7.89556e-05,7.70298e-05,5.39209e-05,5.39209e-05,
3.50816e-05,3.89795e-05,6.43162e-05,7.60101e-05,6.23672e-05,0.000111092,0.00017151,0.000385897,0.00097059,0.00360171,0.0526496,0.919638,0.0193962,0.00171315,0.000504785,0.000194898,0.000150071,9.54998e-05,8.3806e-05,5.65203e-05,
7.70685e-05,7.43161e-05,8.25734e-05,5.78014e-05,7.9821e-05,0.000104593,0.000165147,0.000255978,0.000487183,0.00124411,0.00369103,0.0331092,0.931467,0.025829,0.00184414,0.000699122,0.000363323,0.000165147,0.000115603,8.80783e-05,
0.000127829,9.41895e-05,9.75534e-05,7.4006e-05,8.40978e-05,0.000127829,0.000134556,0.000188379,0.000329663,0.000578593,0.00144648,0.00316544,0.0373159,0.925129,0.0276143,0.00209572,0.000686238,0.000373394,0.000198471,0.00013792,
0.000151586,6.54577e-05,6.20125e-05,6.54577e-05,7.57931e-05,8.26833e-05,0.000110244,0.000175702,0.000234269,0.000261831,0.000809608,0.00105077,0.00265965,0.0326806,0.929292,0.0289323,0.00197751,0.000709699,0.000334179,0.000268721,
0.000225526,0.000123576,7.72349e-05,8.34137e-05,9.88606e-05,8.65031e-05,9.57712e-05,0.000105039,0.000163738,0.00025333,0.000642594,0.000506661,0.000979338,0.00246843,0.0340451,0.937773,0.0195281,0.00169917,0.000636415,0.0004078,
0.000338589,0.000263709,0.000175806,9.44143e-05,0.00012046,0.000126971,9.76699e-05,0.000100926,0.000149761,0.000136738,0.00105809,0.000387424,0.000481838,0.00101902,0.00227245,0.0237501,0.947297,0.019674,0.00170922,0.000745547,
0.00090392,0.00048696,0.000280002,0.00029522,0.000210002,0.000219132,0.000210002,0.000246524,0.000429134,0.000678701,0.0017561,0.000544787,0.000563048,0.000690875,0.000949572,0.00246828,0.0236115,0.941114,0.0222358,0.0021061,
0.00235597,0.00107412,0.000547193,0.000420528,0.000227997,0.000187464,0.000141865,0.000116532,0.000187464,0.000167198,0.00101839,0.00028373,0.000374928,0.000461061,0.000638392,0.00116532,0.00270556,0.0256117,0.940918,0.0213963,
0.0265927,0.00324352,0.00133089,0.000740778,0.000506408,0.000468741,0.000552445,0.000565,0.00057337,0.00089563,0.00203819,0.000870519,0.000657074,0.00055663,0.000644519,0.000774259,0.0013267,0.00341093,0.0371268,0.917125,


0.931994,0.0252648,0.00289361,0.00138652,0.000741486,0.000476239,0.000271276,0.000210992,0.000210992,0.000192907,0.000723401,0.00018085,0.000192907,0.000186879,0.000271276,0.000409927,0.000572693,0.00119964,0.00267659,0.0299428,
0.0271067,0.943365,0.0181389,0.00179403,0.000900399,0.00057093,0.000412965,0.000412965,0.000428761,0.000602522,0.00168345,0.000367832,0.000236947,0.000239204,0.000255,0.000207611,0.000300133,0.000485177,0.000665708,0.00182562,
0.00214908,0.0249167,0.942714,0.0214554,0.00266768,0.00120615,0.000640401,0.000369311,0.000302521,0.00023573,0.000868274,0.000192513,0.000137509,0.000125723,0.000121794,0.000196442,0.000196442,0.000259303,0.000408599,0.000836843,
0.00105019,0.00254726,0.0374678,0.925701,0.0252417,0.00292339,0.00113211,0.000722468,0.000443163,0.000264408,0.000588402,0.000156411,0.000130342,0.000134066,0.000126618,0.000152687,0.000148962,0.00023834,0.000331442,0.000499024,
0.000374469,0.000702575,0.00204353,0.0274325,0.934475,0.0281957,0.00306708,0.0012411,0.000563487,0.000303142,0.000577752,0.000135522,0.000114124,9.27257e-05,6.77611e-05,8.55929e-05,7.13274e-05,0.000139089,0.000103425,0.000213982,
0.000211681,0.000400565,0.000687149,0.00202562,0.0326151,0.932526,0.025063,0.00302866,0.00121472,0.000612246,0.00060899,0.000192141,0.000146548,0.000153062,9.44422e-05,8.46723e-05,7.81591e-05,6.1876e-05,8.7929e-05,0.000107469,
9.55936e-05,0.000183436,0.00027903,0.000599398,0.00163801,0.0261462,0.934934,0.0304582,0.00297632,0.00109287,0.000705326,0.000235109,0.000173102,8.78428e-05,6.97575e-05,5.42559e-05,3.87542e-05,6.97575e-05,7.75084e-05,8.52592e-05,
3.97642e-05,7.7721e-05,0.000148212,0.000253045,0.000565737,0.00153273,0.0288146,0.92749,0.0361529,0.00292809,0.00106098,0.000327151,0.000180747,0.000126523,6.50687e-05,5.96464e-05,2.3497e-05,3.25344e-05,5.96464e-05,6.14538e-05,
2.99598e-05,3.68736e-05,4.49397e-05,0.000106012,0.000206262,0.000410219,0.00135395,0.0332496,0.93032,0.030756,0.00237143,0.000580759,0.000220089,0.000106012,6.45288e-05,4.03305e-05,3.91782e-05,2.76552e-05,1.84368e-05,1.72845e-05,
3.54889e-05,3.05599e-05,4.33753e-05,6.30914e-05,9.16796e-05,0.000155757,0.000403193,0.00156743,0.0371293,0.922641,0.0351606,0.00183852,0.000397278,0.000176459,8.28074e-05,5.12617e-05,4.73185e-05,3.15457e-05,3.15457e-05,2.16877e-05,
5.77972e-05,5.26596e-05,6.42191e-05,7.25675e-05,7.83473e-05,0.000116237,0.000186235,0.000338434,0.00132163,0.0327138,0.950739,0.012612,0.000866957,0.000273573,0.000138713,9.31176e-05,8.02738e-05,7.83473e-05,5.77972e-05,5.84393e-05,
5.26944e-05,6.6356e-05,5.46461e-05,5.65977e-05,7.61142e-05,0.000111244,0.000197116,0.000431314,0.000958258,0.00368276,0.0508365,0.920798,0.019899,0.00161596,0.000540606,0.000224439,0.000158083,0.000107341,6.44043e-05,6.83076e-05,
7.17338e-05,6.89748e-05,6.89748e-05,8.00108e-05,7.72518e-05,0.000124155,0.000173817,0.000286935,0.000502137,0.00124707,0.00364187,0.0319298,0.931616,0.026856,0.00189543,0.000640087,0.000311766,0.00016554,0.000124155,0.000118637,
0.000130536,7.36357e-05,0.000127189,8.7024e-05,6.02474e-05,0.000120495,0.000133883,0.000187436,0.000371526,0.000639292,0.00168358,0.00367175,0.0370522,0.924189,0.0278879,0.00212205,0.000743051,0.000368179,0.000227601,0.000123842,
0.000104598,7.29547e-05,5.44962e-05,3.0764e-05,5.88911e-05,7.20757e-05,7.64705e-05,7.11967e-05,0.000127451,0.000212711,0.00122001,0.000492224,0.00101609,0.0156149,0.963129,0.0162997,0.000642528,0.000334888,0.000230291,0.000138878,
0.000197534,0.000116012,0.000119147,7.21155e-05,8.15218e-05,8.77927e-05,0.00010347,0.000125418,0.000147366,0.000184992,0.000877927,0.000426422,0.00086225,0.00248642,0.033587,0.938106,0.0198662,0.00165238,0.000611414,0.000288462,
0.000391033,0.000272737,0.00019716,0.00014787,0.00011501,9.20078e-05,7.88638e-05,8.87218e-05,0.000111724,0.000157728,0.00115996,0.000322027,0.000417321,0.00094308,0.00240863,0.0237282,0.94721,0.0198474,0.00157399,0.000736062,
0.000889047,0.000402123,0.00031185,0.000251669,0.000196958,0.000186016,0.000246198,0.000388445,0.000421271,0.000547106,0.00177536,0.000601816,0.000492395,0.000735857,0.0011161,0.00254404,0.0234845,0.943424,0.0200596,0.00192581,
0.00228344,0.000999006,0.000570861,0.000346594,0.00021917,0.000188588,0.000193685,0.000163103,0.000101939,0.000254849,0.000953133,0.000214073,0.000331303,0.000479115,0.000728867,0.00112643,0.00279314,0.0252708,0.940508,0.0222738,
0.0272993,0.0028578,0.0013817,0.000553539,0.000459137,0.000420518,0.0004291,0.000424809,0.000583576,0.000789544,0.00179364,0.000553539,0.000459137,0.000562121,0.000510629,0.000755216,0.00121864,0.00287926,0.0280545,0.928014,


0.930938,0.0259488,0.00310664,0.00143291,0.000752577,0.000451546,0.000313072,0.000264907,0.000240825,0.000228783,0.000614103,0.000240825,0.00019266,0.000180618,0.000282969,0.000343175,0.000602061,0.00120412,0.00279959,0.0298622,
0.0269036,0.940927,0.0193276,0.00214375,0.000970412,0.000699841,0.000442279,0.000359026,0.000478702,0.00060358,0.00168846,0.000483905,0.000304392,0.000299189,0.000254961,0.000265367,0.000353823,0.000546344,0.000819516,0.00212814,
0.00146598,0.0246762,0.950122,0.0165424,0.00183593,0.000928338,0.00049788,0.000299074,0.000212636,0.000169417,0.0011064,0.000133114,0.000122741,0.00012447,0.000126199,0.000155587,0.000184976,0.000293887,0.000394155,0.00060852,
0.000800838,0.00218109,0.0279666,0.9359,0.0252504,0.0027974,0.00122156,0.000686433,0.000453931,0.00029524,0.000845124,0.000114405,0.000125477,0.000103334,9.96435e-05,0.000129167,0.000125477,0.000177144,0.000317383,0.000409645,
0.00034596,0.000784652,0.0020829,0.0263429,0.935202,0.0286969,0.00283188,0.00109851,0.000691921,0.000313861,0.000495758,0.00018903,8.55984e-05,7.48986e-05,7.48986e-05,0.000103431,0.000110565,8.9165e-05,0.000124831,0.000260362,
0.000181457,0.000292878,0.000732195,0.00197374,0.0316754,0.933622,0.0250984,0.00306567,0.00122563,0.000528454,0.000646242,0.000213292,0.000117788,9.86871e-05,8.59533e-05,5.41188e-05,7.95864e-05,7.95864e-05,8.91368e-05,0.000140072,
0.000112243,0.000174334,0.000305682,0.000628081,0.00173379,0.026303,0.934703,0.0302816,0.00303533,0.00106033,0.000659126,0.000291353,0.000152841,0.000100302,7.64205e-05,8.11967e-05,5.01509e-05,7.16442e-05,7.40323e-05,0.000105078,
8.93898e-05,0.000120332,0.000182447,0.0003257,0.00079236,0.00262531,0.0701664,0.901845,0.0179449,0.00324439,0.00136766,0.000459555,0.000238831,0.000147149,8.80145e-05,7.51791e-05,6.57817e-05,6.64693e-05,7.40331e-05,8.068e-05,
3.93562e-05,4.85088e-05,4.75936e-05,9.97634e-05,0.000169323,0.000417359,0.00145618,0.0344632,0.931205,0.0286577,0.00222774,0.000566546,0.000234307,0.000124475,6.58988e-05,4.02715e-05,4.5763e-05,3.02036e-05,2.83731e-05,3.20341e-05,
3.05874e-05,2.76273e-05,4.04543e-05,5.32812e-05,0.000103602,0.000166751,0.000370995,0.00151753,0.0360586,0.922423,0.0365105,0.00182242,0.000463744,0.000148003,8.18952e-05,5.13079e-05,3.45341e-05,3.45341e-05,2.36805e-05,3.74942e-05,
5.38481e-05,5.19249e-05,5.38481e-05,7.43616e-05,9.42342e-05,0.000112825,0.000165391,0.000359628,0.001318,0.0318043,0.951325,0.0129716,0.00083721,0.00026283,0.000136543,0.00011026,8.01311e-05,7.75669e-05,6.21817e-05,4.87197e-05,
4.88174e-05,4.68647e-05,7.0297e-05,6.24862e-05,5.077e-05,0.000132783,0.000165979,0.00034758,0.000923624,0.00378823,0.0494637,0.921982,0.0201323,0.00164417,0.000548707,0.000228465,0.000136689,9.37293e-05,6.24862e-05,7.0297e-05,
9.95997e-05,8.29997e-05,4.97998e-05,6.08665e-05,5.80998e-05,0.000105133,0.000138333,0.000271132,0.000531198,0.0012201,0.00365199,0.0314043,0.93196,0.0270911,0.00192283,0.000589298,0.000356899,0.000190899,0.000130033,8.57664e-05,
0.000121595,9.11965e-05,8.10636e-05,6.07977e-05,8.10636e-05,9.11965e-05,9.11965e-05,0.000222925,0.000337765,0.000621487,0.00154696,0.00321552,0.0361138,0.925121,0.0286188,0.00216845,0.000729572,0.000358031,0.000175638,0.000151994,
0.000110133,7.22747e-05,9.63663e-05,8.9483e-05,6.88331e-05,7.22747e-05,8.60413e-05,0.000110133,0.000234032,0.000330399,0.000767489,0.0010497,0.00272923,0.0307581,0.929436,0.0307649,0.0020409,0.000678006,0.00031319,0.000192733,
0.00022324,0.00011162,0.000121469,0.000105054,9.84882e-05,8.86394e-05,8.20735e-05,0.000134601,0.000157581,0.000236372,0.000741944,0.000535119,0.000925789,0.00272484,0.0341754,0.935947,0.0207712,0.0018286,0.000643456,0.000347992,
0.000470247,0.000251452,0.000143687,0.000111031,0.000130624,0.000130624,0.000124093,0.000140421,0.000124093,0.000153483,0.000940494,0.000414732,0.000529028,0.000966619,0.00231531,0.0237736,0.946918,0.0200737,0.00160668,0.000682511,
0.000989123,0.000583489,0.000383792,0.00023402,0.000165374,0.000174735,0.00024338,0.000349469,0.000386912,0.000661495,0.00177855,0.000589729,0.00059285,0.000708299,0.00102033,0.00250869,0.0244316,0.940353,0.0218262,0.00201881,
0.00219992,0.00114289,0.00064388,0.000445351,0.000273649,0.000193164,0.000246821,0.000139507,0.000182433,0.000219992,0.000949724,0.000279015,0.000418522,0.000418522,0.000600955,0.00121264,0.00279015,0.0254172,0.938703,0.0235231,
0.0274331,0.00278634,0.00118908,0.000820818,0.000399317,0.000399317,0.000452559,0.000483617,0.000607849,0.00103822,0.00207645,0.000696586,0.000572354,0.000527985,0.000576791,0.000758702,0.00126007,0.00313685,0.0277658,0.927018,


0.931815,0.025838,0.00325604,0.00119548,0.000738916,0.000450559,0.00025832,0.000222276,0.000180223,0.000240298,0.000624775,0.000168209,0.000192238,0.000228283,0.00028235,0.000372462,0.000720894,0.00113541,0.00282951,0.0292503,
0.0268205,0.935861,0.0220666,0.00238663,0.00118041,0.000732114,0.000557955,0.00056118,0.000580531,0.000932075,0.00208991,0.000496676,0.000399921,0.000296716,0.00027414,0.000296716,0.000428948,0.00064826,0.000977227,0.00241243,
0.00185848,0.0249014,0.942383,0.0219604,0.00265775,0.00107474,0.000609148,0.000403512,0.000279355,0.000259955,0.000997141,0.000147437,9.69981e-05,0.000147437,0.000162957,0.000147437,0.000182356,0.000356953,0.000484991,0.000888503,
0.00084832,0.00205525,0.0252067,0.93869,0.0254265,0.00289971,0.00103726,0.000690224,0.000304624,0.000316192,0.000821328,0.000150384,9.64e-05,0.000131104,0.000127248,0.000131104,0.000123392,0.00021208,0.00032776,0.00040488,
0.000363602,0.000730571,0.00180454,0.0256205,0.936949,0.0281657,0.00263275,0.00112111,0.000585803,0.000336669,0.000572337,0.000151501,9.42672e-05,9.09005e-05,7.40671e-05,8.75338e-05,0.000114467,0.000111101,0.000117834,0.000276068,
0.000200842,0.000359082,0.000642087,0.00205711,0.0299864,0.935417,0.0249197,0.00297612,0.00113506,0.000569053,0.000727293,0.000264747,0.000127809,0.000115636,7.30336e-05,6.99905e-05,8.82489e-05,7.60766e-05,9.1292e-05,0.000103464,
0.000116096,0.000172855,0.00033281,0.00062692,0.00172597,0.0250046,0.935216,0.0313899,0.00280953,0.000988109,0.00064756,0.000239933,0.000193494,0.000136736,7.48177e-05,7.22377e-05,5.67582e-05,6.19181e-05,6.70779e-05,6.70779e-05,
6.95058e-05,8.37634e-05,0.000139012,0.00025129,0.000506145,0.00148279,0.0274726,0.926932,0.0382407,0.00294241,0.000924962,0.000338618,0.00019426,0.000108714,7.30702e-05,5.16838e-05,4.63372e-05,4.81194e-05,4.99016e-05,4.4555e-05,
3.78106e-05,5.29348e-05,5.07742e-05,9.93878e-05,0.000158804,0.000369463,0.00124883,0.0322892,0.9316,0.0307087,0.00226647,0.000566078,0.000208498,0.00010587,6.58984e-05,4.21318e-05,3.99712e-05,2.1606e-05,3.45697e-05,3.34894e-05,
2.07314e-05,1.62341e-05,2.56675e-05,3.22489e-05,5.95618e-05,0.000114846,0.00030099,0.00130718,0.0706232,0.916176,0.0100781,0.000816314,0.000199636,8.73134e-05,4.29986e-05,2.80807e-05,2.21574e-05,1.72214e-05,1.45888e-05,1.7002e-05,
5.13822e-05,5.84473e-05,6.23009e-05,7.25774e-05,9.05612e-05,0.000120106,0.000163139,0.000370594,0.0013096,0.0309552,0.951786,0.0133639,0.000820831,0.000280033,0.000148366,9.63417e-05,7.32197e-05,6.03741e-05,6.42278e-05,5.3309e-05,
1.28389e-05,1.34809e-05,1.25179e-05,1.52783e-05,1.82313e-05,2.8695e-05,4.62201e-05,9.37241e-05,0.000299211,0.00128267,0.0712533,0.91936,0.00653636,0.000683737,0.000177434,7.51719e-05,3.55638e-05,2.29175e-05,1.913e-05,1.34167e-05,
7.16787e-05,7.99493e-05,6.06512e-05,6.61649e-05,8.82199e-05,0.000137844,0.000168169,0.000237091,0.00053759,0.0011634,0.00358118,0.0312629,0.931737,0.0274584,0.00195462,0.000658892,0.000294985,0.000173683,0.000162655,0.000104761,
0.000130066,0.000103386,0.000130066,9.6716e-05,0.000103386,0.000156747,0.000176757,0.000203437,0.000360184,0.000800408,0.00155413,0.00365186,0.0346877,0.925445,0.0290682,0.00190764,0.000690352,0.000340173,0.000236787,0.000156747,
0.000147732,0.000113376,0.000120247,8.93262e-05,6.87125e-05,0.00010994,8.93262e-05,0.000116811,0.000213009,0.00032982,0.000889826,0.00110971,0.00272445,0.0306526,0.928828,0.0312642,0.00193082,0.000649333,0.000340127,0.000213009,
0.000136225,7.94958e-05,6.99787e-05,6.75528e-05,6.7926e-05,6.4567e-05,6.6993e-05,8.90129e-05,0.000109727,0.000171868,0.000711357,0.000343549,0.000588568,0.00169796,0.0341009,0.946715,0.0133894,0.000916628,0.000375646,0.000237554,
0.000377257,0.000191997,0.000117893,0.000124629,0.000138103,0.00014484,0.000124629,0.000111156,0.00014484,0.000245891,0.000997036,0.00039073,0.000474939,0.000872406,0.00258354,0.0236493,0.945598,0.0212679,0.00171787,0.000727567,
0.000599339,0.000356043,0.000307582,0.000210659,0.000202747,0.000193846,0.000223516,0.00032934,0.000375823,0.000489559,0.00173769,0.000601317,0.000563735,0.000676482,0.000829778,0.00197406,0.0234959,0.947037,0.0182482,0.0015478,
0.00213655,0.00113326,0.000613414,0.000410675,0.000259921,0.00019754,0.000176746,0.000187143,0.000103968,0.000207937,0.000904526,0.000187143,0.000317104,0.000384683,0.000670597,0.00115925,0.00272917,0.0253111,0.939901,0.0230082,
0.0275934,0.00311608,0.00124029,0.000749087,0.000491204,0.000417524,0.000491204,0.000552605,0.000675406,0.000988549,0.00201087,0.000887238,0.000675406,0.000641636,0.000607865,0.000758297,0.00115433,0.00333712,0.035379,0.918233,


0.932114,0.0266975,0.00323441,0.00139654,0.000689201,0.000507832,0.000320418,0.000253916,0.000205551,0.000235779,0.000713383,0.000157186,0.000259962,0.000217642,0.000332509,0.000380874,0.000610608,0.00107612,0.00277494,0.0278219,
0.027106,0.935197,0.0231443,0.00244572,0.00117866,0.00083816,0.000605701,0.00052385,0.000504206,0.000857804,0.00141767,0.000464917,0.000386339,0.000311036,0.000304488,0.000311036,0.000438724,0.000422354,0.000880723,0.00266181,
0.00194092,0.0241533,0.944021,0.0213501,0.00255624,0.00113569,0.000581137,0.000406416,0.00024309,0.000224099,0.00081663,0.000174721,0.000129142,6.45708e-05,9.4957e-05,0.000144335,0.000205107,0.000345644,0.000524163,0.000888798,
0.0008642,0.00210414,0.0251294,0.938924,0.0250768,0.00287065,0.00120237,0.000627485,0.000383254,0.000289319,0.000762751,0.000229201,0.000120237,9.01774e-05,0.000131509,0.000139024,0.000176597,0.000229201,0.00025926,0.000390769,
0.000366853,0.000733706,0.00203467,0.0250309,0.937261,0.0282545,0.00262232,0.00114811,0.000523105,0.000315901,0.000567263,9.17132e-05,0.000139268,8.15228e-05,0.000101904,8.15228e-05,8.15228e-05,0.000132475,0.000186823,0.000244569,
0.000207854,0.000302611,0.000690808,0.00199601,0.0297323,0.935926,0.0250647,0.0027938,0.00106984,0.000574655,0.000648015,0.0001834,0.00011921,0.000113097,6.72468e-05,0.00012838,7.64168e-05,9.17002e-05,8.86435e-05,0.000125324,
0.000113696,0.000160208,0.000304912,0.00056848,0.00195867,0.0237986,0.935302,0.0318555,0.00308271,0.00104652,0.00073644,0.000323,0.00016796,0.000121448,9.044e-05,6.46e-05,8.2688e-05,5.168e-05,6.46e-05,0.000105944,
4.5275e-05,0.000103227,0.00012677,0.000208265,0.000503458,0.00153573,0.0269477,0.926703,0.0390524,0.00279075,0.00107211,0.000313303,0.000168423,0.000115904,6.7007e-05,6.1574e-05,4.5275e-05,4.5275e-05,4.8897e-05,4.5275e-05,
3.22346e-05,4.25957e-05,5.75618e-05,7.94353e-05,0.000157719,0.000377605,0.00128478,0.0304364,0.930968,0.0330808,0.00232665,0.000594038,0.000247516,9.7855e-05,5.52593e-05,3.56883e-05,3.9142e-05,2.76297e-05,2.18735e-05,3.68395e-05,
3.55485e-05,2.66614e-05,3.85109e-05,5.82601e-05,7.20845e-05,0.000157006,0.000388071,0.00156117,0.0342283,0.92271,0.0380192,0.00186136,0.000413745,0.000177743,7.20845e-05,5.72726e-05,4.24607e-05,3.6536e-05,1.67868e-05,2.76489e-05,
2.49235e-05,2.11386e-05,1.85188e-05,1.85777e-05,2.09601e-05,3.18923e-05,5.9545e-05,0.000171099,0.000960918,0.0594645,0.932089,0.00621769,0.000593012,0.000118592,4.89429e-05,2.94274e-05,2.67486e-05,2.82808e-05,2.89138e-05,2.7609e-05,
4.68087e-05,6.24116e-05,7.60642e-05,4.09576e-05,9.16671e-05,0.000111171,0.000196987,0.000358867,0.000957628,0.0037369,0.0465259,0.923542,0.0215047,0.00158369,0.0005344,0.000275001,0.000113121,9.16671e-05,7.80145e-05,7.21634e-05,
8.56514e-05,3.86813e-05,8.01256e-05,6.35479e-05,8.01256e-05,9.67032e-05,0.000165777,0.000229325,0.000522198,0.00111347,0.00355039,0.0304505,0.932217,0.0280439,0.00197275,0.000635478,0.000287347,0.000149199,0.000116044,0.000102229,
7.43396e-05,5.90344e-05,5.57547e-05,5.79412e-05,7.43396e-05,7.76193e-05,8.19922e-05,0.000146493,0.000228485,0.000393563,0.00141464,0.00140152,0.0184756,0.957893,0.0177562,0.000900821,0.000397936,0.000207714,0.000185849,0.000116976,
