0.931209,0.0237246,0.00300242,0.00137185,0.000523469,0.000427199,0.000330929,0.000324912,0.000264743,0.000162456,0.00063779,0.000180506,0.000252709,0.000258726,0.000204574,0.000451266,0.000619739,0.00123948,0.00252107,0.0322926,
0.0269958,0.949936,0.0147281,0.00153753,0.000779295,0.000438473,0.000333163,0.000235512,0.000218279,0.000208706,0.00121968,0.000164667,0.000132116,0.00010531,0.000164667,0.000181899,0.000222109,0.000404008,0.000622287,0.00137286,
0.00176061,0.024836,0.947656,0.0180584,0.00231626,0.000875462,0.000539491,0.000407041,0.000203521,0.000155063,0.000765625,0.000180907,0.00013568,0.00013245,0.00013245,0.000203521,0.000171216,0.000248747,0.000445807,0.000775316,
0.00135077,0.00314702,0.04052,0.927395,0.0181489,0.00267765,0.0013444,0.000864409,0.00061167,0.000390789,0.00104387,0.000224598,0.000163537,0.00016513,0.00016513,0.000186368,0.00022566,0.000305304,0.000403532,0.000666359,
0.00037544,0.000729426,0.00228482,0.0291484,0.935199,0.0255371,0.00291413,0.00109414,0.000622157,0.00035041,0.000493435,0.000153752,0.000139449,0.00011442,8.22392e-05,0.000110844,0.000128722,0.000117995,0.000185932,0.000218113,
0.000305785,0.000504059,0.00103759,0.00356358,0.085458,0.887467,0.0153673,0.00272125,0.00117156,0.000596163,0.000589465,0.000220379,0.000148371,0.000118563,0.000102486,0.000102821,9.24388e-05,0.000112199,0.000146026,0.00017483,
0.00023849,0.000307758,0.000569483,0.00145768,0.00527309,0.0764291,0.886703,0.0200994,0.00429546,0.00194475,0.00107014,0.000436209,0.000232791,0.000170977,0.00012626,0.000108724,0.000109162,0.000111354,0.000135904,0.000180621,
6.90478e-05,6.72308e-05,0.00012901,0.000241667,0.000506957,0.00144819,0.0319455,0.928276,0.0324725,0.00297996,0.000930329,0.000367044,0.000185339,8.90354e-05,7.81331e-05,5.45115e-05,3.27069e-05,2.90728e-05,5.45115e-05,4.36092e-05,
4.47084e-05,4.47084e-05,6.53431e-05,8.71241e-05,0.000160492,0.000382887,0.00126674,0.0378141,0.929417,0.0273134,0.00228242,0.000538794,0.000223542,0.000122662,5.50257e-05,5.38794e-05,3.66838e-05,2.86592e-05,3.55375e-05,2.63665e-05,
8.75214e-05,0.000109846,0.00012743,0.000188675,0.000355617,0.000664017,0.00189544,0.00850222,0.0707835,0.893868,0.0195582,0.00205606,0.000767541,0.000357395,0.000213766,0.000130591,9.93753e-05,8.23847e-05,7.90261e-05,7.32967e-05,
0.000112386,0.000116648,0.00012133,0.000125396,0.00015388,0.000230463,0.000407826,0.00122018,0.00688765,0.0594386,0.923728,0.00553964,0.000811561,0.000322298,0.000189634,0.000134981,0.000120566,0.000112262,0.000108739,0.000118028,
5.57488e-05,4.61369e-05,4.22922e-05,8.26619e-05,6.53606e-05,0.00011342,0.00017878,0.000394086,0.00100348,0.00352178,0.0569291,0.916613,0.018151,0.00175705,0.000474826,0.000224917,0.000132644,9.03514e-05,6.15159e-05,6.15159e-05,
0.000271174,0.000210455,0.000167249,0.00014588,0.000166519,0.000227655,0.000385418,0.000859125,0.00227858,0.0080782,0.0208843,0.0728794,0.873119,0.0159239,0.00200047,0.000864233,0.000486268,0.00038375,0.000347059,0.000320999,
0.000270562,0.000226943,0.000178597,0.000159353,0.000156247,0.0001946,0.000283122,0.000501489,0.00108198,0.00278483,0.00570571,0.00762301,0.0429375,0.919408,0.0150974,0.00138293,0.000753686,0.000507026,0.000404324,0.000342609,
0.000291036,0.000232782,0.000189072,0.00016147,0.000157013,0.000177656,0.000228951,0.000338421,0.000612802,0.00128448,0.00295587,0.00253206,0.00341987,0.0337342,0.935818,0.0150549,0.00125203,0.000723055,0.000469239,0.000366884,
0.000385802,0.00028747,0.000224596,0.000185944,0.000179656,0.000190479,0.000255518,0.00034818,0.000536082,0.000906835,0.00229348,0.00137035,0.00176399,0.00258455,0.0340891,0.935524,0.0161344,0.00147188,0.000751092,0.000516601,
0.000606872,0.000427743,0.00032807,0.000281935,0.000259722,0.000302724,0.000387447,0.0004716,0.00069786,0.00110723,0.00265289,0.00124208,0.00126387,0.00163964,0.00292187,0.0236073,0.938596,0.0202119,0.00204146,0.000952171,
0.000805065,0.000522885,0.000368437,0.000293121,0.000231036,0.000225439,0.000255718,0.000308642,0.00037378,0.000488789,0.00184905,0.000588278,0.000679878,0.000817533,0.00135416,0.00275742,0.0235545,0.945668,0.0172356,0.00162285,
0.0019906,0.00108964,0.000599068,0.000363214,0.000250005,0.000216985,0.000240571,0.000226419,0.000292458,0.000245288,0.00108493,0.000198117,0.000405668,0.000396234,0.0005802,0.00115568,0.00239627,0.0247222,0.943381,0.0201655,
0.0274272,0.00312461,0.00128952,0.000704278,0.000476131,0.000540608,0.000520769,0.00050093,0.000580285,0.00103162,0.00189957,0.000813391,0.000729076,0.000729076,0.000610043,0.000818351,0.00123993,0.0036057,0.0311767,0.922182,


0.931043,0.0240485,0.00300756,0.00133201,0.000801615,0.00038574,0.000355604,0.000283278,0.000216979,0.000223006,0.000723262,0.000229033,0.000210951,0.000241087,0.000241087,0.000524365,0.0006208,0.00120544,0.0026821,0.0316246,
0.0270506,0.94615,0.0149969,0.00154021,0.000920698,0.000629908,0.000525093,0.000414569,0.000413141,0.000502866,0.00163034,0.000281409,0.000247151,0.000212892,0.000218398,0.0002549,0.000355024,0.000528764,0.000888478,0.00223822,
0.00218493,0.0250938,0.945436,0.0185916,0.00242843,0.00111221,0.000539651,0.000440935,0.000319184,0.000210596,0.00100033,0.000125041,0.000154656,0.000115169,0.000204014,0.000171109,0.000207305,0.000286278,0.000552813,0.00082593,
0.00106384,0.00219605,0.0288605,0.934926,0.0247717,0.00314453,0.00118774,0.000666504,0.000388794,0.000316162,0.000734864,0.000183716,0.000115357,0.000106812,0.000119629,0.000102539,0.000158081,0.000196533,0.000264893,0.000495606,
0.000243643,0.000365987,0.00075707,0.0167371,0.963286,0.014332,0.00116384,0.000559437,0.000321023,0.000231094,0.00122344,0.000122344,7.63344e-05,5.33295e-05,6.16949e-05,7.4243e-05,8.67911e-05,7.738e-05,9.30652e-05,0.000133847,
0.000216329,0.000347437,0.000721096,0.00210101,0.035609,0.930572,0.0237896,0.00310071,0.00127175,0.000619487,0.000603099,0.000203218,0.000144219,8.19428e-05,8.84982e-05,0.000108164,8.52205e-05,7.86651e-05,0.000111442,0.000147497,
0.000134619,0.000201928,0.000302892,0.000590252,0.00178629,0.0276745,0.935769,0.027703,0.00303928,0.00110025,0.000667916,0.000305481,0.000214872,0.000103553,6.47206e-05,6.21317e-05,6.47206e-05,5.43653e-05,6.98982e-05,9.06088e-05,
5.99063e-05,6.3537e-05,0.000128889,0.000263225,0.000506481,0.00151944,0.031498,0.928657,0.0326399,0.00286461,0.000907672,0.000341285,0.000174273,9.07672e-05,7.80598e-05,6.17217e-05,3.26762e-05,2.72301e-05,4.17529e-05,4.35682e-05,
3.11865e-05,5.08225e-05,7.50786e-05,7.39236e-05,0.000167483,0.000389254,0.00133409,0.0366234,0.929849,0.028017,0.00227199,0.000572908,0.00020329,0.000103955,7.62337e-05,4.62022e-05,3.58067e-05,2.42562e-05,2.54112e-05,2.88764e-05,
3.66292e-05,1.38597e-05,4.25691e-05,6.83085e-05,8.71181e-05,0.000170276,0.000409851,0.0015513,0.0411732,0.921432,0.0323228,0.00181661,0.000436581,0.000164336,8.61281e-05,5.54388e-05,4.7519e-05,2.96994e-05,2.96994e-05,2.57394e-05,
5.41372e-05,5.73597e-05,6.76716e-05,7.60499e-05,8.24949e-05,0.000117942,0.000169501,0.000349314,0.00132701,0.0367914,0.947576,0.0117497,0.000821082,0.000254574,0.000136632,0.00010183,8.05614e-05,6.89605e-05,5.15593e-05,6.63826e-05,
0.000206353,0.000165885,0.000133416,0.000126428,0.000149175,0.000245364,0.000533069,0.00134332,0.0050291,0.0320259,0.134735,0.80157,0.0185699,0.00289724,0.000862669,0.000382824,0.000257793,0.000251816,0.000265761,0.000249229,
5.2616e-05,4.70775e-05,6.64623e-05,8.03086e-05,6.64623e-05,0.000132925,0.000171694,0.000274157,0.000570468,0.00116309,0.00355296,0.0350007,0.931538,0.0239209,0.0019551,0.000717239,0.000260311,0.000185541,0.000144002,9.96934e-05,
0.000138596,0.000104792,7.43688e-05,0.000104792,7.77492e-05,0.000101412,0.000114934,0.000236628,0.000300856,0.000493538,0.00159217,0.00333307,0.0397569,0.924198,0.025833,0.0020181,0.000736927,0.000327899,0.000219726,0.000236628,
0.000146756,8.87363e-05,8.19104e-05,9.55622e-05,8.53234e-05,8.19104e-05,9.89751e-05,0.000153582,0.00017406,0.000334468,0.000887363,0.000979512,0.00269622,0.0335253,0.93067,0.0266755,0.00192489,0.000686,0.000412965,0.000201363,
0.000269347,0.000192796,9.35626e-05,7.65512e-05,8.22217e-05,8.22217e-05,7.93865e-05,0.000121915,0.000136091,0.000206972,0.000762677,0.000470648,0.000907274,0.00229654,0.033847,0.940242,0.0177882,0.00151118,0.000521682,0.000311875,
0.000381966,0.000203715,0.00018108,0.000141469,7.92225e-05,0.000104687,8.20519e-05,0.000107516,0.000172592,0.000152786,0.000939352,0.000305572,0.000447041,0.000786566,0.00227765,0.0237809,0.949965,0.0177854,0.00148825,0.000616804,
0.000721672,0.000415427,0.000308907,0.000218366,0.00018641,0.000258311,0.000250322,0.000258311,0.000383471,0.000474013,0.00144867,0.000513958,0.000535262,0.000593848,0.000940037,0.00212241,0.0233252,0.946753,0.0184146,0.00187741,
0.00192324,0.000880775,0.000546786,0.000404224,0.00035506,0.000380912,0.000469079,0.00056681,0.000775274,0.00121327,0.00293119,0.00107415,0.000803368,0.000773181,0.000816817,0.00112839,0.00240577,0.0251723,0.937332,0.0200477,
0.0219147,0.00267785,0.00133981,0.000863823,0.000662852,0.000551201,0.000525345,0.000500077,0.000562366,0.000704574,0.00168005,0.000592923,0.000579408,0.000575294,0.000731017,0.00103365,0.00186339,0.00393304,0.0377067,0.921002,


0.930659,0.0245464,0.00312314,0.00115802,0.00073692,0.000520523,0.000309974,0.000175457,0.000251488,0.000257337,0.000637494,0.000169608,0.000169608,0.000198851,0.000269034,0.000391854,0.000637494,0.00126329,0.0028775,0.0316466,
0.0270277,0.937917,0.0213033,0.00239119,0.0010428,0.00056078,0.000456815,0.000434762,0.00049147,0.000759258,0.00170439,0.00048832,0.000356001,0.000330797,0.000324496,0.000343399,0.000378054,0.000582833,0.000919931,0.00218641,
0.00185739,0.0249086,0.947051,0.0181439,0.00233623,0.000985119,0.000588632,0.000402588,0.000250092,0.000152495,0.00120471,0.000112847,9.7597e-05,9.45471e-05,0.000112847,0.000164695,0.000192144,0.000262292,0.000365989,0.000716728,
0.000892834,0.00217199,0.0295665,0.934158,0.0249994,0.00318931,0.00131779,0.000545144,0.00043354,0.000326228,0.000751183,0.000137359,0.000150237,0.000133067,7.72645e-05,0.000120189,0.000137359,0.000171699,0.000274718,0.000446417,
0.000544169,0.00101091,0.00277275,0.0560352,0.915743,0.0168671,0.00238171,0.00119648,0.000649716,0.000448572,0.000734931,0.000220177,0.000170864,0.000118091,0.000125012,0.000136259,0.000135826,0.000152696,0.000241372,0.000314909,
0.000190516,0.000325192,0.000752211,0.00197086,0.0354229,0.931194,0.0237981,0.0030614,0.0011201,0.000607681,0.00055184,0.000190516,0.000151099,0.000111682,6.24105e-05,8.21191e-05,6.56953e-05,0.000101828,7.88343e-05,0.000160953,
0.000106925,0.000153097,0.000289183,0.000597807,0.00181043,0.0286267,0.935648,0.0271759,0.00296473,0.00105224,0.000643979,0.000235721,0.000155527,0.000116645,5.83226e-05,7.29033e-05,5.83226e-05,7.53334e-05,7.77635e-05,8.01936e-05,
6.17718e-05,7.05963e-05,0.000151782,0.000217084,0.000520648,0.001569,0.0309547,0.927821,0.0339198,0.00279208,0.000981288,0.000344157,0.000174726,0.000107659,6.17718e-05,6.53016e-05,5.82419e-05,3.70631e-05,3.70631e-05,5.47121e-05,
3.69803e-05,3.46691e-05,6.12487e-05,8.66726e-05,0.000167567,0.000397539,0.0013128,0.0358374,0.929977,0.0286424,0.00237367,0.000550082,0.00019068,0.000123653,5.08479e-05,4.27585e-05,3.8136e-05,2.08014e-05,1.84902e-05,3.69803e-05,
3.16993e-05,2.87275e-05,4.06148e-05,6.63705e-05,8.71732e-05,0.000154534,0.000382373,0.00155723,0.0401492,0.921946,0.0329515,0.00174346,0.000441809,0.000149581,7.82577e-05,6.04268e-05,3.66524e-05,3.26899e-05,2.27839e-05,3.86336e-05,
4.52062e-05,5.68306e-05,5.42474e-05,7.29757e-05,8.71833e-05,0.000118182,0.000180825,0.000388127,0.00133423,0.0360978,0.948077,0.0119377,0.000789816,0.000282216,0.000140139,9.8162e-05,6.71635e-05,6.91009e-05,5.5539e-05,4.71436e-05,
5.33307e-05,4.5712e-05,3.61887e-05,6.09494e-05,8.76147e-05,0.000125708,0.000156183,0.000335221,0.000952334,0.00373315,0.0542335,0.91832,0.0190162,0.00172563,0.000508546,0.000226655,0.000146659,9.7138e-05,8.19007e-05,5.714e-05,
6.90831e-05,6.07931e-05,6.63198e-05,8.28997e-05,7.18464e-05,0.000143693,0.000135403,0.000270806,0.000519505,0.00117441,0.00372496,0.0342155,0.931108,0.0250551,0.00195367,0.000641091,0.000317782,0.000176853,0.000121586,9.11897e-05,
0.00012428,0.000117562,0.000114204,8.73321e-05,9.74089e-05,9.405e-05,0.000137716,0.000255279,0.000379559,0.000792707,0.00167275,0.00338916,0.0381977,0.925297,0.0256421,0.00207918,0.000708734,0.000372841,0.000275432,0.000164587,
0.000110064,9.97451e-05,9.97451e-05,7.91082e-05,8.25477e-05,9.63056e-05,0.000116943,0.00013414,0.000247643,0.000330191,0.000825477,0.00110751,0.0028135,0.0337517,0.929549,0.0275606,0.00180917,0.000622547,0.000347388,0.000216688,
0.000177759,0.000146722,0.000115685,8.74688e-05,0.000121328,8.74688e-05,7.61825e-05,9.59335e-05,0.000169294,0.000234191,0.00105527,0.000536099,0.000846472,0.00236166,0.0339689,0.939192,0.0182838,0.00152365,0.000623568,0.000296265,
0.000363351,0.000299401,0.000165688,0.000104645,0.000101738,0.0001279,0.000101738,9.59247e-05,0.0001279,0.000156968,0.00116854,0.000351724,0.000441835,0.000840067,0.00210453,0.0233068,0.95036,0.0176182,0.00156386,0.000598802,
0.000780298,0.000492444,0.000309265,0.000171285,0.000157011,0.000149874,0.000235517,0.000235517,0.000290233,0.000413939,0.00153919,0.000492444,0.000444865,0.000637561,0.000865941,0.00222433,0.0234589,0.946238,0.0189484,0.00191506,
0.00224563,0.00105887,0.000531994,0.000352957,0.000235305,0.000219959,0.000199498,0.000173921,0.00016369,0.000143229,0.00107422,0.000281343,0.000363188,0.000383649,0.000639416,0.00115095,0.00280831,0.0251265,0.940299,0.0225484,
0.0275767,0.00343867,0.00116867,0.000678116,0.000480933,0.000408793,0.000495361,0.000466505,0.000846443,0.00107248,0.00210168,0.000798349,0.000750256,0.000697353,0.000581929,0.000832015,0.00148127,0.00358295,0.0306306,0.921911,


0.931498,0.0242651,0.00346558,0.00134035,0.000561496,0.000458857,0.000283767,0.000235466,0.000211316,0.000217353,0.00070036,0.000156977,0.000156977,0.000138865,0.000217353,0.000289804,0.000633947,0.00134035,0.00276522,0.0310634,
0.0269903,0.952563,0.0133565,0.00111351,0.000644217,0.000480674,0.000321398,0.000186297,0.000136523,0.000160699,0.00126852,9.67037e-05,9.81258e-05,0.000125146,0.000136523,0.0001479,0.000214739,0.000374016,0.000482096,0.00110356,
0.00182355,0.02468,0.951804,0.0140708,0.0014696,0.000840962,0.00055446,0.000399155,0.000274448,0.000248951,0.00138986,0.000167358,0.000125634,0.000130734,0.000151827,0.000154145,0.00021024,0.000293456,0.000451542,0.000758905,
0.00105285,0.00218905,0.0285673,0.934951,0.024992,0.00315855,0.00126342,0.000640483,0.000394818,0.000329015,0.000736994,0.00015354,0.000127219,0.000105285,0.000114059,0.000171088,0.000162314,0.000171088,0.000276373,0.000443074,
0.000361888,0.000698694,0.00198859,0.0276289,0.935021,0.0274103,0.00307067,0.00115374,0.000677196,0.000336806,0.00054104,0.000150488,0.000114658,0.000118241,6.80779e-05,7.1661e-05,8.59931e-05,0.000107491,0.000200651,0.000193485,
0.000154068,0.000324525,0.00075067,0.00201599,0.0340915,0.931791,0.0244443,0.00290106,0.00131121,0.000580212,0.000544153,0.000226184,0.000140955,0.000108175,0.000114731,9.8341e-05,9.5063e-05,9.5063e-05,0.000114731,9.8341e-05,
0.000147534,0.000144946,0.000300245,0.000618608,0.00185324,0.0267037,0.935559,0.0289633,0.00303351,0.00108451,0.000621197,0.000256244,0.000132004,0.000134593,5.95314e-05,8.28262e-05,6.4708e-05,4.91781e-05,8.54146e-05,0.000106121,
6.35728e-05,6.70092e-05,0.000137455,0.000273191,0.000503428,0.00157214,0.0308294,0.927816,0.0339805,0.00279548,0.00104981,0.000314428,0.000154637,0.000121991,8.07546e-05,5.15455e-05,3.43637e-05,4.6391e-05,5.15455e-05,5.67001e-05,
4.26668e-05,4.03605e-05,4.382e-05,8.87932e-05,0.000162595,0.000397839,0.00126847,0.0348865,0.930549,0.0291184,0.00228671,0.000567354,0.0002191,9.10995e-05,5.76579e-05,4.15137e-05,2.76758e-05,4.03605e-05,2.88289e-05,4.15137e-05,
3.76351e-05,4.65486e-05,2.97119e-05,6.43757e-05,8.91357e-05,0.000180252,0.000359514,0.00162425,0.0390068,0.922477,0.033518,0.00174706,0.000363475,0.000170348,8.41837e-05,5.64526e-05,3.76351e-05,3.86255e-05,3.46639e-05,3.46639e-05,
7.40987e-05,5.92789e-05,7.15213e-05,7.21656e-05,7.92533e-05,0.000123713,0.00017977,0.00037887,0.00132604,0.0348992,0.948805,0.0123377,0.00080993,0.000266111,0.000128867,9.27844e-05,8.4408e-05,8.50524e-05,6.31449e-05,6.31449e-05,
5.22973e-05,4.06757e-05,5.81081e-05,5.03604e-05,6.97297e-05,0.000110405,0.000182072,0.000381577,0.000995586,0.00370149,0.052921,0.919478,0.0190808,0.00171613,0.000505541,0.000234369,0.000182072,0.000104595,8.32883e-05,5.22973e-05,
7.18766e-05,8.5699e-05,6.08187e-05,7.18766e-05,8.84635e-05,0.000102286,0.00016034,0.000281977,0.000563955,0.00118873,0.00345561,0.0333148,0.931681,0.0255079,0.00208166,0.000627538,0.000290271,0.000179692,9.1228e-05,9.39925e-05,
0.000111594,7.77779e-05,0.000121739,0.000118358,6.08696e-05,0.000121739,0.000182609,0.00020628,0.000280677,0.000490339,0.0014,0.00331401,0.0384865,0.924887,0.026671,0.00204251,0.000737199,0.000311111,0.000243478,0.000135266,
0.000172712,6.56304e-05,8.29016e-05,5.18135e-05,6.90846e-05,6.56304e-05,8.29016e-05,0.000176166,0.000221071,0.00029361,0.000701209,0.000967185,0.00258722,0.0323558,0.930549,0.0285147,0.00178584,0.000656304,0.000421416,0.00017962,
0.000142357,0.00016053,8.17793e-05,7.87504e-05,7.26927e-05,0.000121154,7.57216e-05,0.000118126,0.000181732,0.000257453,0.000732985,0.000411925,0.000926832,0.00243823,0.0335356,0.938987,0.0191182,0.00163861,0.000575484,0.00034529,
0.000380885,0.000282688,0.000196394,9.22457e-05,9.8197e-05,8.33187e-05,7.1416e-05,0.000101173,0.000124978,0.000193418,0.00116051,0.000366007,0.000514791,0.000815333,0.00200262,0.024341,0.948515,0.0186009,0.00137178,0.000687379,
0.000936731,0.000496924,0.000348418,0.000282733,0.000205624,0.000245606,0.000245606,0.000302724,0.000362698,0.00065971,0.00174209,0.000639719,0.000602592,0.000651142,0.00115092,0.00239038,0.0234183,0.94445,0.0190145,0.00185347,
0.00216803,0.00100539,0.000490785,0.000271599,0.000181066,0.000257305,0.000142947,0.000133417,0.000190596,0.000176301,0.00108163,0.000204891,0.000300189,0.000438371,0.000686146,0.00106257,0.00285417,0.0246202,0.942902,0.0208321,
0.0138243,0.000896913,0.000463505,0.000298398,0.000258841,0.000183166,0.000141889,0.000169407,0.000165108,0.000239922,0.0016313,0.000202945,0.000202945,0.000196065,0.000320756,0.000324196,0.000466945,0.000950229,0.0140625,0.965001,


0.915491,0.0194331,0.00254749,0.00127256,0.000839316,0.000649082,0.00050808,0.000488781,0.000523834,0.000624269,0.00129226,0.000401344,0.000360776,0.000350142,0.000421431,0.000567159,0.000834196,0.00135724,0.00363336,0.0484043,
0.0270519,0.9419,0.0187809,0.00199585,0.000939663,0.000498344,0.000463633,0.000416526,0.000428923,0.000580161,0.00173801,0.000342146,0.000280163,0.000314874,0.00021818,0.000270246,0.000384295,0.00051322,0.000857846,0.00202561,
0.00134973,0.0247208,0.951405,0.0160599,0.00170267,0.00068449,0.000434224,0.000267379,0.000239572,0.000130481,0.00111444,0.000102674,6.631e-05,7.05881e-05,0.000109091,0.000115508,0.000183957,0.000278074,0.000329411,0.000635293,
0.000830159,0.00218225,0.0271199,0.936485,0.0249048,0.0030946,0.00140963,0.000624674,0.000415079,0.000242472,0.00081372,0.000160278,0.000172607,0.000172607,0.00013973,0.000102742,0.000189046,0.000193156,0.000263021,0.000484944,
0.00038003,0.000864032,0.00195393,0.0272439,0.935398,0.0275164,0.0029542,0.00111141,0.000616653,0.000358519,0.000512683,0.00017926,0.000125482,0.000111141,7.88742e-05,0.000111141,6.09483e-05,0.000100385,0.000143408,0.00017926,
0.00021034,0.000351663,0.000634307,0.00208368,0.0331516,0.932553,0.0243436,0.00317811,0.00123904,0.000538997,0.000644167,0.000207054,0.000167615,9.8597e-05,0.000111743,8.54507e-05,5.91582e-05,0.000111743,0.000121603,0.000108457,
0.000101072,0.000171046,0.0003395,0.000609026,0.00186077,0.0258408,0.935586,0.0298008,0.00300107,0.00104701,0.000668633,0.000251385,0.000152904,0.000119214,5.44236e-05,7.7748e-05,5.1832e-05,8.03396e-05,0.000103664,8.29312e-05,
8.03263e-05,8.74664e-05,0.000114242,0.000269539,0.000501593,0.00148157,0.0298457,0.927587,0.0353382,0.00282927,0.000942495,0.000344511,0.000203493,9.46065e-05,5.8906e-05,3.03455e-05,4.46257e-05,5.71209e-05,4.10557e-05,4.81958e-05,
3.69646e-05,3.46543e-05,5.42918e-05,9.70321e-05,0.000169806,0.000367336,0.00130647,0.033989,0.930474,0.0299679,0.00236227,0.000567176,0.000195219,0.00011667,6.12226e-05,5.08263e-05,5.19815e-05,2.19477e-05,3.81197e-05,3.69646e-05,
2.17978e-05,3.56692e-05,4.55773e-05,6.8366e-05,8.32281e-05,0.000180328,0.000398306,0.00155161,0.0379946,0.922434,0.0344891,0.00185282,0.000373536,0.000189245,8.22373e-05,5.74671e-05,4.06233e-05,3.56692e-05,2.47703e-05,4.06233e-05,
5.35519e-05,5.74232e-05,5.54876e-05,6.9682e-05,8.45217e-05,0.000125815,0.000178722,0.000349055,0.00134202,0.0339171,0.949809,0.0124086,0.000763922,0.000287116,0.00012517,0.000109685,7.67793e-05,7.61341e-05,5.48424e-05,5.54876e-05,
3.51003e-05,3.70503e-05,6.43506e-05,7.60507e-05,6.04505e-05,0.000111151,0.000175502,0.000384153,0.000973059,0.00360558,0.0525354,0.919728,0.0194124,0.00171407,0.000507004,0.000195002,0.000150151,9.55508e-05,8.19007e-05,5.85005e-05,
7.72412e-05,7.44826e-05,8.27584e-05,5.79309e-05,7.99998e-05,0.000104827,0.000165517,0.000264827,0.000488275,0.00125517,0.00370482,0.033142,0.931418,0.0258096,0.00184827,0.000697929,0.000361378,0.000165517,0.000113103,8.82756e-05,
0.000128354,9.45767e-05,9.79544e-05,7.43103e-05,8.44435e-05,0.000128354,0.00013511,0.000185776,0.000337774,0.000580971,0.00144905,0.00318859,0.0369558,0.925362,0.0276907,0.00210433,0.000689059,0.000374929,0.000199287,0.000138487,
0.000151921,6.56023e-05,6.21495e-05,6.21495e-05,7.25078e-05,8.28661e-05,0.000110488,0.00017609,0.000234787,0.000262409,0.000807944,0.00104618,0.00266553,0.0325767,0.929319,0.0290031,0.00198879,0.000711267,0.000334917,0.000265862,
0.00022898,0.000123773,7.73579e-05,8.35466e-05,9.90182e-05,8.66409e-05,9.28295e-05,0.000105207,0.000163999,0.000256828,0.000628147,0.000507468,0.000980899,0.00246617,0.0339601,0.937885,0.0195128,0.00169569,0.000640524,0.000405356,
0.00033946,0.000264387,0.000176258,9.46571e-05,0.000120769,0.000130562,9.79211e-05,9.79211e-05,0.000146882,0.00013709,0.00102491,0.000388421,0.000483078,0.00102164,0.00227503,0.0235402,0.947482,0.0197148,0.00171362,0.000750729,
0.00090811,0.000489217,0.0002813,0.00029353,0.00020486,0.00021709,0.000207917,0.000247666,0.000431123,0.000675731,0.00173672,0.000544254,0.000568715,0.000694077,0.000950916,0.00247361,0.0235008,0.941175,0.0222839,0.00211587,
0.00236179,0.001074,0.000549727,0.000417386,0.000229053,0.000188333,0.000137432,0.000111982,0.000183242,0.000162882,0.00104346,0.000285044,0.000371575,0.000463196,0.000636259,0.00117072,0.0027181,0.0250177,0.941418,0.0214597,
0.0266451,0.00325308,0.00133309,0.000742005,0.000503054,0.000469517,0.000553359,0.000561744,0.00057432,0.000901305,0.00203737,0.000876152,0.000658162,0.000557551,0.000645586,0.000779734,0.00133309,0.00342077,0.0370248,0.91713,


0.9319,0.0252704,0.00289839,0.00138881,0.000748752,0.000483066,0.000271724,0.000211341,0.000211341,0.000193226,0.00075479,0.00018115,0.000193226,0.000187188,0.000271724,0.000416644,0.000579679,0.00119559,0.00268101,0.0299621,
0.027052,0.943381,0.0181605,0.00180317,0.000888025,0.00057168,0.000413508,0.000413508,0.000427066,0.000596536,0.00169922,0.000368316,0.000237259,0.000239518,0.000255336,0.000207884,0.000302787,0.000483556,0.000673363,0.00182576,
0.00215383,0.0248931,0.942685,0.021495,0.00266965,0.0012167,0.000633943,0.000366191,0.00030319,0.00024019,0.00086232,0.000192939,0.000137814,0.000129939,0.000122064,0.000200814,0.000196877,0.00025594,0.000401629,0.000842632,
0.00105679,0.00255577,0.0375009,0.925587,0.0253179,0.00293052,0.00114298,0.000723261,0.000445948,0.000262323,0.000550877,0.000153646,0.000131161,0.000134909,0.000127414,0.000157394,0.000149899,0.000239838,0.000333524,0.000498413,
0.000376114,0.000705661,0.00205251,0.0269763,0.934811,0.0283124,0.00307339,0.00124297,0.000565961,0.000293727,0.000569543,0.000136117,0.000114625,9.31329e-05,6.80586e-05,8.59688e-05,7.16407e-05,0.000136117,0.000103879,0.00021134,
0.000212307,0.000401749,0.000692446,0.00201855,0.0324862,0.932601,0.0251273,0.00303109,0.00121505,0.000617322,0.000591192,0.000189443,0.000146981,0.000153514,9.47214e-05,8.49226e-05,7.83901e-05,6.20589e-05,8.81889e-05,0.000107786,
9.59461e-05,0.00018152,0.000280059,0.000604201,0.00163886,0.0260844,0.934954,0.0305005,0.00298211,0.00108912,0.000692368,0.000233383,0.00017374,8.81667e-05,7.00148e-05,5.44559e-05,4.14902e-05,7.00148e-05,8.03873e-05,8.55736e-05,
4.16987e-05,7.79584e-05,0.000146852,0.000252005,0.000567465,0.0015356,0.0285364,0.927682,0.0362398,0.00293704,0.00104972,0.000328151,0.000179486,0.000125096,6.52675e-05,5.98286e-05,2.35688e-05,3.26338e-05,5.80156e-05,6.16415e-05,
3.00606e-05,3.69976e-05,4.50909e-05,0.000105212,0.000206956,0.000410443,0.00135735,0.0332459,0.930263,0.0308063,0.00237594,0.000583869,0.000218517,0.000107524,6.47459e-05,3.931e-05,3.931e-05,2.77482e-05,1.84988e-05,1.73426e-05,
3.56216e-05,3.06741e-05,4.35375e-05,6.33273e-05,9.20224e-05,0.00015535,0.000403711,0.00157032,0.0368644,0.922796,0.0352634,0.00184441,0.000395795,0.000177118,8.11381e-05,5.14534e-05,4.74955e-05,3.16636e-05,3.16636e-05,2.07793e-05,
6.00177e-05,5.35642e-05,6.64712e-05,7.1634e-05,7.61515e-05,0.000116163,0.000185216,0.00033881,0.00132684,0.032791,0.950611,0.0126618,0.000868643,0.000270402,0.000140041,9.03492e-05,8.00236e-05,7.42154e-05,5.80816e-05,5.93723e-05,
5.27301e-05,6.44478e-05,5.4683e-05,5.6636e-05,7.61656e-05,0.000111319,0.000201155,0.000431605,0.000956953,0.00368524,0.0507458,0.920887,0.019889,0.00161705,0.000542924,0.000228497,0.000156237,0.000109366,6.44478e-05,6.83538e-05,
7.18828e-05,6.91181e-05,6.91181e-05,8.01769e-05,7.74122e-05,0.000124413,0.000171413,0.000287531,0.000503179,0.0012386,0.00366602,0.0319712,0.931653,0.0267597,0.00189107,0.00064418,0.000312414,0.000165883,0.000124413,0.000118883,
0.000131121,7.39655e-05,0.000127759,8.40517e-05,6.05172e-05,0.000121034,0.000131121,0.000188276,0.000376552,0.000645517,0.00166422,0.00368819,0.0367138,0.924397,0.0280027,0.00213155,0.000743017,0.000369827,0.000228621,0.000121034,
0.00010297,7.30472e-05,5.45654e-05,2.90429e-05,5.80857e-05,7.21671e-05,7.65675e-05,7.1287e-05,0.000127613,0.000211221,0.00122156,0.000493728,0.00101562,0.0155335,0.963209,0.0163054,0.000643343,0.000334433,0.000227942,0.000139054,
0.000197771,0.000116151,0.000119291,7.22022e-05,8.16198e-05,8.78983e-05,0.000103594,0.000125569,0.000147544,0.000182075,0.000872704,0.000433213,0.000863287,0.00248627,0.0335269,0.938167,0.0198619,0.00165437,0.000612149,0.000288809,
0.000392135,0.000276801,0.000197715,0.000144991,0.000118629,9.55623e-05,7.9086e-05,8.89718e-05,0.000115334,0.000158172,0.00115004,0.000319639,0.000418497,0.000952328,0.00241871,0.0236006,0.947266,0.0198901,0.00157843,0.000738136,
0.000892759,0.000403802,0.000310405,0.000255466,0.000192287,0.000186793,0.000244479,0.000390067,0.000420283,0.000546643,0.00175255,0.000604329,0.000494451,0.000736183,0.00111252,0.00254917,0.0233903,0.943534,0.0200527,0.00193111,
0.00230425,0.00100363,0.000578624,0.000343078,0.000220184,0.000189461,0.000204823,0.000163858,0.000102411,0.000256028,0.000978028,0.000220184,0.000317475,0.000481333,0.000732241,0.00113677,0.00281119,0.0249269,0.940683,0.0223461,
0.0272755,0.00286205,0.00137946,0.000554362,0.000464117,0.000421143,0.000429738,0.000421143,0.000584444,0.00078642,0.00177911,0.000554362,0.00045982,0.000562957,0.000507091,0.000752041,0.00121186,0.00287924,0.0278814,0.928234,


0.930965,0.0259628,0.00311795,0.00142931,0.000759888,0.000464376,0.000307574,0.000265358,0.000241234,0.000229172,0.000603085,0.000241234,0.000192987,0.000180926,0.00028345,0.000343759,0.000609116,0.00121823,0.00280435,0.0297804,
0.0268295,0.940981,0.0193265,0.00214595,0.000979218,0.000703162,0.000437523,0.000359394,0.000479192,0.000604198,0.00169801,0.0004844,0.000304703,0.000299495,0.000255222,0.000263035,0.000356789,0.000546903,0.000815147,0.00213032,
0.00146752,0.0246416,0.950151,0.0165512,0.00183786,0.000927584,0.000500134,0.000295927,0.00021286,0.000169596,0.00110756,0.000129793,0.00012114,0.000124601,0.000126331,0.000155751,0.000186901,0.000289005,0.000392839,0.00061089,
0.000802154,0.00219478,0.0279417,0.935861,0.0252976,0.00281497,0.00123294,0.000672175,0.000460496,0.000297094,0.000817009,0.000118838,0.000126265,0.000100269,0.000100269,0.000129979,0.000126265,0.000178256,0.000319376,0.000408504,
0.000343776,0.000787819,0.00208772,0.0259837,0.935453,0.0288019,0.00284689,0.00109937,0.000694713,0.000315128,0.000479853,0.000189793,8.59439e-05,6.80389e-05,7.16199e-05,0.000103849,0.000111011,8.95249e-05,0.000125335,0.000261413,
0.000185201,0.000293767,0.000734418,0.00198293,0.0315928,0.933653,0.0251427,0.0030654,0.00122935,0.000530058,0.000632238,0.000213939,0.000118146,9.89868e-05,8.62143e-05,5.109e-05,7.98281e-05,7.98281e-05,8.94075e-05,0.000140497,
0.000107809,0.000174891,0.000306658,0.000625295,0.00173214,0.0262073,0.934787,0.0302945,0.00304502,0.00106132,0.000649253,0.000289888,0.000155725,0.000103018,7.66645e-05,8.1456e-05,5.03111e-05,7.1873e-05,7.42688e-05,0.000105414,
8.92793e-05,0.000120493,0.00018246,0.000326133,0.000793186,0.00262835,0.0701044,0.901888,0.0179591,0.00324825,0.00136466,0.000459708,0.00023892,0.000146657,8.81317e-05,7.52792e-05,6.54103e-05,6.63283e-05,7.41316e-05,8.05579e-05,
3.85439e-05,4.86388e-05,4.68033e-05,0.000100031,0.000170695,0.000414806,0.00146008,0.0344509,0.931164,0.0287033,0.00223096,0.000567146,0.000235852,0.000125727,6.51576e-05,4.03793e-05,4.58856e-05,2.93668e-05,2.84491e-05,3.30376e-05,
3.06927e-05,2.77224e-05,4.05936e-05,5.34647e-05,0.000104949,0.000166335,0.000371283,0.00152275,0.0358085,0.922568,0.0365986,0.00182869,0.000467321,0.000148513,8.21772e-05,5.04945e-05,3.46531e-05,3.3663e-05,2.37621e-05,3.76233e-05,
5.34824e-05,5.15493e-05,5.41268e-05,7.15247e-05,9.53662e-05,0.000114053,0.000161736,0.000357623,0.00131773,0.0319039,0.951184,0.0130284,0.000842831,0.000262257,0.000138539,0.000103743,7.86127e-05,7.15247e-05,5.99261e-05,4.89718e-05,
4.88483e-05,4.88483e-05,6.83876e-05,6.25258e-05,5.27561e-05,0.000130913,0.000166084,0.000345846,0.000924209,0.00378867,0.0493836,0.92205,0.0201431,0.0016413,0.000549054,0.00022861,0.000136775,9.57426e-05,6.25258e-05,7.22954e-05,
9.97808e-05,8.31506e-05,4.98904e-05,6.09771e-05,5.82054e-05,0.000105324,0.000141356,0.000268854,0.000526621,0.00121954,0.00365863,0.0314753,0.931927,0.0270489,0.00192355,0.00059037,0.000360319,0.000191246,0.000124726,8.59223e-05,
0.000122101,9.15754e-05,8.14004e-05,6.10503e-05,8.14004e-05,9.15754e-05,9.15754e-05,0.000223851,0.000339168,0.000617286,0.00154661,0.00322549,0.0358094,0.925332,0.0286868,0.00217746,0.000742778,0.000359518,0.000172976,0.000145842,
0.000110405,7.24535e-05,9.66047e-05,8.97044e-05,6.90033e-05,7.24535e-05,8.62542e-05,0.000110405,0.000231161,0.000334666,0.000755587,0.0010523,0.00273943,0.0306961,0.929479,0.030772,0.0020425,0.000679683,0.000313965,0.00019666,
0.000230054,0.00011174,0.0001216,0.000105167,9.85944e-05,8.87349e-05,8.2162e-05,0.000131459,0.000157751,0.000236626,0.000719739,0.000535696,0.000916928,0.00273435,0.0340775,0.936068,0.0207673,0.00182728,0.00064415,0.00034508,
0.000471641,0.000252197,0.000150663,0.00011136,0.000127736,0.000131011,0.000121186,0.000140837,0.000124461,0.000153938,0.000943282,0.000415961,0.000530596,0.000972759,0.0023189,0.0235591,0.947114,0.0200611,0.00161472,0.000684534,
0.000997909,0.000589242,0.000383324,0.000228094,0.00017107,0.000174238,0.000243933,0.000351644,0.000392828,0.000662105,0.00174238,0.000595578,0.000605081,0.00071596,0.00102325,0.00253754,0.0237597,0.940883,0.0219033,0.00204017,
0.00220553,0.00115399,0.000647099,0.000436792,0.000269625,0.00019413,0.000248055,0.000134812,0.000177952,0.000221092,0.000932901,0.00028041,0.000420614,0.000415222,0.000603959,0.00121331,0.0027987,0.0248648,0.93921,0.0235706,
0.0274167,0.00278965,0.00118604,0.000817349,0.00039979,0.00039979,0.000453096,0.000484191,0.00060857,0.00103945,0.00206558,0.000697412,0.000573033,0.00052417,0.000573033,0.000764044,0.00125712,0.00314058,0.0276655,0.927145,


0.931932,0.0257864,0.00326768,0.00119755,0.000740192,0.000439301,0.000258766,0.00022266,0.000186553,0.000240713,0.000631872,0.000168499,0.00019257,0.00022266,0.000282838,0.000379123,0.000722139,0.00113737,0.00282236,0.0291684,
0.0267547,0.935895,0.0221158,0.00239054,0.00117589,0.000730085,0.000552409,0.00055564,0.000584714,0.000933604,0.00208365,0.000497492,0.000397347,0.000297203,0.000274589,0.000297203,0.000429652,0.000642862,0.000978831,0.00241316,
0.00186301,0.0248336,0.94243,0.0219633,0.00266811,0.00107736,0.000610631,0.000396716,0.000280035,0.000264477,0.000999568,0.000147796,9.72343e-05,0.000147796,0.000163354,0.000147796,0.00018669,0.000353933,0.000478393,0.000890666,
0.000850165,0.00206136,0.0251866,0.938644,0.0254778,0.00291541,0.00104038,0.00068712,0.000306681,0.000314445,0.000803581,0.000155281,0.000100933,0.000131989,0.000124225,0.000128107,0.000128107,0.000213512,0.000326091,0.000403731,
0.000364946,0.000736651,0.00180446,0.0253435,0.937158,0.028236,0.00263234,0.00111511,0.00058459,0.000341292,0.000560936,0.000152061,9.46157e-05,9.12366e-05,7.43409e-05,8.78574e-05,0.000111511,0.000111511,0.00011827,0.000280468,
0.000204499,0.000360162,0.000644019,0.00205415,0.0299423,0.935464,0.0249122,0.00298202,0.00113543,0.000570766,0.00071422,0.000268596,0.000128193,0.000115984,7.32534e-05,7.02011e-05,8.85145e-05,7.63056e-05,9.15667e-05,0.000103776,
0.000124266,0.000173455,0.000333965,0.000623919,0.00173196,0.0249464,0.935193,0.031429,0.00282188,0.00099154,0.000652397,0.000243354,0.000194166,0.00013721,7.50774e-05,6.98997e-05,5.95442e-05,6.2133e-05,6.98997e-05,6.73108e-05,
6.97223e-05,8.22365e-05,0.000139445,0.000252073,0.000505934,0.00148741,0.0272507,0.927078,0.0383151,0.00295158,0.000913541,0.000339673,0.000194865,0.000109053,7.32978e-05,5.18448e-05,4.46938e-05,4.82693e-05,5.0057e-05,4.2906e-05,
3.79254e-05,5.30955e-05,4.98448e-05,9.96896e-05,0.000159287,0.000371669,0.00125262,0.0322853,0.931606,0.0307011,0.0022701,0.000568881,0.000205881,0.000104024,6.50149e-05,4.22597e-05,4.00925e-05,1.95045e-05,3.46746e-05,3.25075e-05,
2.07397e-05,1.61308e-05,2.56777e-05,3.23714e-05,5.93659e-05,0.000114781,0.000301329,0.00130781,0.0706173,0.916178,0.0100799,0.000817077,0.000199715,8.75674e-05,4.30156e-05,2.79821e-05,2.20565e-05,1.72282e-05,1.45946e-05,1.70087e-05,
5.29283e-05,6.06739e-05,6.00284e-05,7.16468e-05,8.58471e-05,0.000120057,0.000163303,0.000369852,0.00131417,0.0310327,0.951665,0.0134096,0.000817161,0.00028336,0.000146521,9.87564e-05,7.10013e-05,6.06739e-05,6.58376e-05,5.09919e-05,
1.29034e-05,1.34811e-05,1.25182e-05,1.52786e-05,1.81674e-05,2.86314e-05,4.6221e-05,9.38544e-05,0.000299089,0.0012827,0.0712546,0.919359,0.00653617,0.000683814,0.000177437,7.51092e-05,3.55645e-05,2.29821e-05,1.91304e-05,1.34169e-05,
7.18359e-05,8.01247e-05,6.07842e-05,6.9073e-05,9.11763e-05,0.00013262,0.000168538,0.000237611,0.000541532,0.00117148,0.00359456,0.0313729,0.931684,0.0273805,0.00195338,0.000657575,0.000295632,0.000174064,0.000160249,0.000102228,
0.000127288,0.00010384,0.000127288,9.7141e-05,0.000100491,0.000157435,0.000177534,0.000204331,0.000361767,0.000797226,0.00155426,0.00366791,0.0345253,0.925523,0.0291323,0.00191602,0.000690036,0.000341668,0.000237828,0.000157435,
0.000151517,0.000113638,0.000117082,8.95329e-05,6.88715e-05,0.000106751,8.95329e-05,0.000117082,0.000213502,0.000334027,0.000843676,0.00111227,0.00272731,0.0305824,0.92889,0.0312986,0.00193529,0.000647392,0.000347801,0.000213502,
0.000136297,7.9351e-05,7.00156e-05,6.77751e-05,6.79618e-05,6.44144e-05,6.68416e-05,8.86865e-05,0.000109411,0.000171212,0.000710799,0.00034373,0.000588318,0.00169867,0.0340711,0.946747,0.0133885,0.000917298,0.000375657,0.000237306,
0.000375054,0.000195974,0.000121639,0.000128397,0.000138534,0.000145291,0.00011826,0.000108124,0.000145291,0.0002399,0.000993388,0.000385191,0.000473042,0.000871748,0.00259159,0.0235507,0.945725,0.021243,0.00172322,0.000726457,
0.000601349,0.000355658,0.000309095,0.000211017,0.000202101,0.000194175,0.000222905,0.000331881,0.000375471,0.000491382,0.00172083,0.000602339,0.000564693,0.000677632,0.000828216,0.00197841,0.0234892,0.94707,0.0182227,0.00155043,
0.00215254,0.00113374,0.000616503,0.000412744,0.00026123,0.000198535,0.000177637,0.000182861,0.000104492,0.000208984,0.000914306,0.000188086,0.000323926,0.000386621,0.000673974,0.00116509,0.00274292,0.0250677,0.940074,0.0230144,
0.027626,0.00311976,0.00123253,0.000746897,0.00048871,0.000418017,0.000491784,0.000553257,0.000676203,0.000992789,0.00201939,0.000894432,0.000676203,0.000642393,0.000611657,0.000756118,0.00115569,0.00333798,0.0353132,0.918247,


0.93212,0.0267513,0.00325084,0.00139841,0.00070223,0.000514565,0.000320847,0.000254256,0.000205826,0.000230041,0.000665908,0.00016345,0.000260309,0.00021188,0.0003269,0.00037533,0.000611425,0.00107756,0.00277865,0.0277805,
0.0271554,0.935176,0.0231168,0.00243627,0.00117726,0.000837162,0.00060498,0.000529767,0.000503605,0.000856783,0.00140617,0.000467634,0.000385879,0.000313936,0.000304125,0.000310666,0.000441472,0.000431662,0.000882944,0.00266191,
0.00194471,0.0240824,0.944075,0.0213462,0.00256504,0.0011341,0.000578466,0.00040721,0.000243565,0.000224536,0.00082203,0.000175062,0.000125588,6.46968e-05,9.89481e-05,0.000144616,0.000205508,0.000342513,0.000525186,0.000894339,
0.000874133,0.00211911,0.0250963,0.938864,0.0251417,0.00287972,0.00120714,0.00062438,0.000389765,0.000295162,0.000745472,0.000230832,0.000117308,9.0819e-05,0.000132444,0.000140013,0.00017407,0.000227047,0.00025732,0.000393549,
0.00036482,0.00073646,0.00202867,0.0247532,0.93749,0.028306,0.00262534,0.00115242,0.000521659,0.000320496,0.000552345,9.5467e-05,0.000139791,8.18289e-05,9.88766e-05,8.18289e-05,8.18289e-05,0.000132972,0.000187525,0.000248896,
0.000214626,0.000303543,0.000692937,0.00200216,0.0297104,0.935916,0.0250745,0.00279934,0.00107007,0.000576425,0.000643879,0.000183966,0.000119578,0.000113445,6.7454e-05,0.000128776,7.66523e-05,9.19828e-05,8.89167e-05,0.00012571,
0.000114116,0.000163394,0.000300852,0.000565394,0.00196072,0.0237232,0.935426,0.0318203,0.00308632,0.00104779,0.000721007,0.0003216,0.000168581,0.000121897,8.81807e-05,6.48387e-05,8.29936e-05,5.1871e-05,6.48387e-05,0.000106336,
4.54239e-05,0.000103567,0.000127187,0.000207133,0.000505114,0.00154078,0.0267074,0.926869,0.03913,0.0027963,0.00106474,0.00031615,0.000165343,0.000116285,6.72274e-05,6.17765e-05,4.179e-05,4.36069e-05,4.72409e-05,4.36069e-05,
3.23352e-05,4.27286e-05,5.65866e-05,7.85283e-05,0.000155902,0.000378784,0.00128532,0.0304574,0.930962,0.0330696,0.00232582,0.000595891,0.000245978,9.70055e-05,5.54317e-05,3.57997e-05,3.81093e-05,2.77159e-05,2.19417e-05,3.69545e-05,
3.56741e-05,2.77465e-05,3.86469e-05,5.94568e-05,7.23391e-05,0.000157561,0.000388451,0.00156867,0.0340757,0.922749,0.0381178,0.00186793,0.000412234,0.000176389,7.13482e-05,5.74749e-05,4.36017e-05,3.6665e-05,1.68461e-05,2.67556e-05,
2.49354e-05,2.11112e-05,1.84995e-05,1.85281e-05,2.09091e-05,3.18428e-05,5.9496e-05,0.000171072,0.00096104,0.0594717,0.932082,0.006218,0.000593052,0.000118552,4.88957e-05,2.94011e-05,2.67018e-05,2.8224e-05,2.8901e-05,2.76111e-05,
4.68312e-05,6.24416e-05,7.61007e-05,3.9026e-05,9.17111e-05,0.000109273,0.000197081,0.000359039,0.000958088,0.00373869,0.0464839,0.923558,0.0215365,0.00158055,0.000538559,0.000271231,0.000111224,9.17111e-05,7.8052e-05,7.21981e-05,
8.5839e-05,3.8766e-05,8.0301e-05,6.3687e-05,8.0301e-05,9.69151e-05,0.000163371,0.000224289,0.000520572,0.00111868,0.0035554,0.0305255,0.93222,0.0279669,0.0019743,0.000631332,0.000287976,0.000149526,0.000116298,9.96841e-05,
7.19902e-05,5.98072e-05,5.53771e-05,5.64846e-05,7.42053e-05,7.75279e-05,7.9743e-05,0.000149518,0.000231476,0.00039207,0.0014099,0.0014099,0.017982,0.958456,0.0176653,0.000913721,0.000403145,0.000206003,0.000187174,0.000118507,
