0.931161,0.02371,0.00300058,0.00136499,0.000523148,0.00041491,0.000324712,0.000324712,0.000258567,0.000162356,0.000625372,0.000174383,0.00026458,0.000258567,0.000204449,0.000450989,0.000619359,0.00125074,0.0025075,0.0323991,
0.026976,0.949966,0.0147265,0.00153262,0.000779719,0.000436796,0.000333344,0.000237556,0.000216482,0.000206903,0.00121651,0.000164756,0.000132188,0.000105367,0.000164756,0.000181998,0.000222229,0.000402312,0.000622626,0.00137552,
0.001762,0.0246971,0.947787,0.0180662,0.00232132,0.000876152,0.000539917,0.000407362,0.000203681,0.000158419,0.000750064,0.000184283,0.000135787,0.000135787,0.000132554,0.000203681,0.000171351,0.000248944,0.000442926,0.000775928,
0.00134944,0.00314533,0.0405155,0.927405,0.0181452,0.00267658,0.00134307,0.000865297,0.000612609,0.000391773,0.00104101,0.000224553,0.000163504,0.000165627,0.000165097,0.0001858,0.000225614,0.000305774,0.000405044,0.000668349,
0.000374772,0.000720991,0.00227005,0.0292822,0.935136,0.0255059,0.00290895,0.00108862,0.000617482,0.000346218,0.000499697,0.000157047,0.000139201,0.000110647,8.2093e-05,0.000110647,0.000128493,0.000117786,0.000185602,0.000217725,
0.00030573,0.000503969,0.00103741,0.00356294,0.0854711,0.887459,0.0153645,0.00272043,0.00117169,0.000596391,0.000589024,0.000220005,0.000148679,0.000118542,0.000102468,0.000102803,9.24222e-05,0.000112179,0.000146,0.000174799,
0.000238346,0.000307134,0.00056914,0.0014568,0.00527079,0.0765232,0.886626,0.020089,0.00429374,0.00194445,0.00107081,0.000435946,0.000232213,0.000170873,0.000126183,0.000108658,0.000109096,0.000111287,0.000136261,0.000180512,
6.8929e-05,6.71151e-05,0.000126974,0.000237624,0.000506084,0.00144751,0.0319413,0.928328,0.0324402,0.00297664,0.000930541,0.000364598,0.000183206,8.70682e-05,7.79986e-05,5.44176e-05,3.26506e-05,2.90227e-05,5.62315e-05,4.35341e-05,
4.45925e-05,4.34491e-05,6.51736e-05,8.57548e-05,0.000160076,0.000384181,0.00126345,0.0379974,0.92929,0.027262,0.00228336,0.00053854,0.000221819,0.000123487,5.60264e-05,5.37397e-05,3.65887e-05,2.85849e-05,3.54453e-05,2.62981e-05,
8.72381e-05,0.000109738,0.000127304,0.000188687,0.000355268,0.00066297,0.00189378,0.00849506,0.0709263,0.893759,0.01954,0.00205345,0.000766393,0.000357242,0.000213556,0.00013066,9.92777e-05,8.23038e-05,7.89485e-05,7.32247e-05,
0.000112379,0.000116666,0.000121372,0.000125413,0.000153896,0.00023045,0.000407802,0.00122008,0.00688727,0.0594369,0.923731,0.00553907,0.000811686,0.000322329,0.000189549,0.000134924,0.00012051,0.000112256,0.000108806,0.000118046,
5.76961e-05,4.61569e-05,4.23105e-05,8.46209e-05,6.53889e-05,0.000113469,0.000178858,0.00039618,0.00100776,0.00352331,0.0569518,0.916568,0.018155,0.00176358,0.000475031,0.000225015,0.000130778,9.23137e-05,6.15425e-05,6.15425e-05,
0.000271123,0.000210457,0.000167198,0.000145881,0.000166468,0.000227656,0.000385472,0.000859026,0.00227859,0.0080784,0.0208847,0.0728795,0.873119,0.0159239,0.00200038,0.000864238,0.000486062,0.000383805,0.000347061,0.000321001,
0.000270637,0.000226813,0.000178534,0.000159424,0.000156048,0.000194267,0.000282993,0.000501704,0.00108241,0.00278483,0.00570551,0.0076234,0.0429105,0.919434,0.015098,0.00138276,0.000753704,0.000507106,0.000404267,0.00034282,
0.000290996,0.000232985,0.000189124,0.000161369,0.000156991,0.00017771,0.000229076,0.000338375,0.000612797,0.00128447,0.00295539,0.00253164,0.00341956,0.0337495,0.935807,0.015053,0.00125147,0.000722956,0.000469175,0.000366756,
0.000385699,0.000287367,0.000224699,0.000185944,0.000179656,0.000190376,0.000255724,0.000348284,0.000536495,0.000906836,0.00229296,0.00137036,0.00176409,0.00258445,0.0340899,0.935526,0.0161327,0.00147168,0.000750577,0.000516396,
0.000606774,0.000427348,0.000327951,0.000281955,0.000259741,0.000302746,0.00038719,0.000471634,0.000698196,0.0011076,0.00265252,0.00124217,0.00126396,0.00163976,0.00292194,0.0235975,0.938608,0.0202108,0.00204076,0.000951528,
0.00080476,0.000522344,0.000368414,0.000293357,0.000230513,0.000225679,0.000255702,0.000309132,0.000373757,0.000488759,0.00184945,0.000588241,0.000679835,0.000817991,0.00135433,0.00275725,0.0235497,0.945673,0.017235,0.0016225,
0.00197823,0.00108544,0.000601459,0.000361815,0.00025374,0.000216149,0.000239644,0.000225547,0.00029603,0.000244343,0.00111834,0.000202052,0.000404105,0.000394707,0.000577964,0.00116533,0.00239174,0.0249981,0.943129,0.020116,
0.027332,0.00312041,0.0012808,0.000702216,0.000479683,0.000539025,0.000514299,0.000499463,0.000583532,0.0010286,0.00190884,0.000815955,0.000726942,0.000726942,0.000618148,0.000815955,0.0012363,0.00360009,0.0317827,0.921688,


0.931032,0.0240456,0.00299967,0.00131913,0.000801118,0.000391524,0.000355383,0.000283102,0.000222867,0.000222867,0.00073486,0.000228891,0.000210821,0.000240938,0.000240938,0.000518016,0.000620415,0.00120469,0.00267441,0.0316532,
0.0270725,0.946134,0.0149941,0.00153992,0.000920731,0.00062918,0.0005252,0.000414696,0.000413065,0.000502773,0.00162963,0.000281357,0.000246901,0.000212853,0.000218358,0.000255056,0.000354958,0.000528666,0.000888314,0.00223822,
0.00218464,0.0251793,0.945358,0.0186056,0.00241166,0.00110877,0.00053629,0.000440876,0.000319142,0.000220438,0.000996907,0.000121735,0.000154636,0.000118444,0.000203988,0.000174377,0.000200698,0.000286241,0.000552741,0.000825821,
0.00105073,0.00219542,0.0287839,0.93503,0.0247561,0.0031479,0.00119168,0.000666314,0.000388683,0.000324614,0.000726111,0.000183663,0.000115324,0.000106781,0.000119595,0.00010251,0.000158036,0.000196477,0.000264817,0.000491193,
0.000245247,0.000367348,0.000757656,0.0169492,0.963091,0.0143078,0.00116153,0.000560415,0.000320386,0.00023168,0.00123041,0.000121058,7.6183e-05,5.32237e-05,6.26162e-05,7.40958e-05,8.6619e-05,7.72266e-05,9.28806e-05,0.000133581,
0.000215985,0.000346885,0.000719949,0.00210094,0.0358044,0.930433,0.0237518,0.00309578,0.00126318,0.000621775,0.000605412,0.000199622,0.00014399,8.18124e-05,8.50849e-05,0.000107992,8.50849e-05,7.85399e-05,0.000111265,0.000147262,
0.000134589,0.000199296,0.000300238,0.000592711,0.00178331,0.0276866,0.935765,0.0277021,0.00303862,0.0011026,0.000665183,0.000308003,0.000214826,0.00010353,6.47065e-05,6.21182e-05,6.21182e-05,5.43535e-05,6.9883e-05,9.05891e-05,
5.98079e-05,6.16202e-05,0.000128678,0.000262792,0.000505648,0.00152057,0.0314843,0.928709,0.0326007,0.00286715,0.000911617,0.000340724,0.000172174,9.0618e-05,7.61191e-05,6.34326e-05,3.26225e-05,2.71854e-05,4.16843e-05,4.34966e-05,
3.11029e-05,5.29902e-05,7.48775e-05,7.37255e-05,0.000167034,0.000388211,0.00133282,0.0367545,0.929779,0.0279604,0.00226936,0.000573677,0.000202745,0.000103676,7.48775e-05,4.60784e-05,3.57108e-05,2.41912e-05,2.53431e-05,2.9951e-05,
3.65217e-05,1.3819e-05,4.24441e-05,6.81081e-05,8.68624e-05,0.000170764,0.000409635,0.00155365,0.0415795,0.921133,0.032221,0.00180931,0.000435299,0.000164841,8.78495e-05,5.62632e-05,4.73795e-05,2.96122e-05,2.96122e-05,2.46768e-05,
5.40493e-05,5.72665e-05,6.88485e-05,7.85001e-05,8.23608e-05,0.00011582,0.000167939,0.000351964,0.00133193,0.0367818,0.947598,0.0117274,0.00082039,0.000254804,0.00013834,0.000101021,7.91436e-05,7.20657e-05,5.0832e-05,6.75616e-05,
0.000206348,0.000165881,0.000133442,0.000126396,0.00014926,0.000245388,0.000533086,0.00134323,0.00502913,0.0320254,0.134738,0.801567,0.0185697,0.00289723,0.000862559,0.000382785,0.000257846,0.00025184,0.000265755,0.000249194,
5.26478e-05,4.71059e-05,6.65024e-05,8.03571e-05,6.65024e-05,0.000133005,0.000169027,0.000277094,0.0005625,0.00116379,0.00355234,0.0348944,0.931619,0.0239464,0.00195628,0.000717672,0.000263239,0.000188424,0.000144089,9.97537e-05,
0.000138267,0.000104543,6.74473e-05,0.000104543,7.75643e-05,0.000101171,0.000118033,0.000229321,0.000303513,0.000488993,0.00157152,0.00333189,0.0398647,0.924183,0.0257682,0.00201667,0.000738547,0.000333864,0.000219204,0.000239438,
0.000149902,8.85782e-05,8.17645e-05,9.53919e-05,8.51713e-05,8.17645e-05,9.87987e-05,0.000153308,0.000177156,0.000327058,0.000906223,0.000981174,0.00269141,0.0338062,0.930439,0.0266143,0.00192487,0.000684778,0.000412229,0.000201004,
0.000267051,0.000193186,9.37519e-05,7.67061e-05,8.2388e-05,8.2388e-05,7.9547e-05,0.000122162,0.000136366,0.00020455,0.000750015,0.0004716,0.00091195,0.00230118,0.0337535,0.940314,0.01781,0.00151423,0.000519897,0.000315347,
0.000379765,0.000204053,0.00018138,0.000141703,7.93538e-05,0.000102026,8.21879e-05,0.000107694,0.000172878,0.000155874,0.000915403,0.000303245,0.000444948,0.00078787,0.00228426,0.0235369,0.950188,0.0178206,0.00149355,0.000617826,
0.000721009,0.000415046,0.000311284,0.000215505,0.000188899,0.000258073,0.000250092,0.000258073,0.000383119,0.000470918,0.00146064,0.000510826,0.000534771,0.000598624,0.000944496,0.00212046,0.0233117,0.946786,0.0183871,0.00187303,
0.00192102,0.00087967,0.0005466,0.000404496,0.000355036,0.000381036,0.000468898,0.000566474,0.000775222,0.00121319,0.00293129,0.00107407,0.000803164,0.000772831,0.000816762,0.00112772,0.00240486,0.0251718,0.937345,0.0200413,
0.0219138,0.00267775,0.00134034,0.00086614,0.000662826,0.000552355,0.000525913,0.000500645,0.000562344,0.000704546,0.00168351,0.000592313,0.000579973,0.000574684,0.000730989,0.00103302,0.00186449,0.00393347,0.0377053,0.920996,


0.930615,0.0245194,0.00312118,0.00116314,0.000724769,0.000514352,0.00030978,0.000175347,0.000251331,0.000257176,0.00065463,0.000169502,0.000169502,0.000198727,0.000268866,0.000391609,0.000637095,0.00125081,0.0028757,0.031732,
0.0269994,0.937932,0.0213328,0.00238397,0.00103747,0.000561305,0.000457243,0.000435169,0.00049193,0.000763123,0.00169022,0.000488777,0.000356334,0.000331107,0.0003248,0.000343721,0.000384715,0.000580226,0.000920793,0.00218531,
0.00185582,0.0247636,0.947179,0.0181553,0.00234419,0.000985904,0.000589101,0.000405961,0.000253344,0.000152617,0.00120567,0.000112936,9.76747e-05,9.46224e-05,0.000112936,0.000164826,0.000189245,0.000259449,0.00036628,0.000711194,
0.000892351,0.00217082,0.0295591,0.934211,0.0249858,0.00319187,0.00131708,0.000544849,0.000429015,0.000321761,0.000742196,0.000137285,0.000150155,0.000128705,7.72227e-05,0.000120124,0.000137285,0.000167316,0.00027028,0.000446176,
0.000544128,0.00101077,0.00277518,0.0559872,0.915779,0.0168775,0.00238343,0.00119561,0.00064975,0.000448895,0.000733728,0.000220335,0.000170987,0.000117743,0.000125102,0.000136357,0.000135491,0.000152373,0.000241546,0.000315135,
0.000190231,0.000327984,0.000754363,0.00197118,0.035501,0.931127,0.0237854,0.00305353,0.00111843,0.00060677,0.000560853,0.000186951,0.000150873,0.000111515,6.23169e-05,8.1996e-05,6.88766e-05,0.000101675,7.87161e-05,0.000160712,
0.000106911,0.000153077,0.000289146,0.00059773,0.00180777,0.0286935,0.935586,0.02717,0.00296435,0.0010521,0.000641466,0.00024298,0.000155507,0.00011906,5.83151e-05,7.04641e-05,5.83151e-05,7.53237e-05,7.77535e-05,8.01833e-05,
6.16654e-05,7.04748e-05,0.000151521,0.000218472,0.000519751,0.00156806,0.030986,0.927839,0.0338825,0.00278904,0.000974314,0.000343565,0.000174425,0.000107474,6.16654e-05,6.51892e-05,5.81417e-05,3.69993e-05,3.69993e-05,5.46179e-05,
3.68837e-05,3.45785e-05,6.10886e-05,8.64462e-05,0.000165977,0.0003965,0.00130591,0.0359812,0.929876,0.0286045,0.00237554,0.000553255,0.000191334,0.00012333,5.07151e-05,4.26468e-05,3.80363e-05,2.07471e-05,1.84418e-05,3.68837e-05,
3.16032e-05,2.86404e-05,4.04916e-05,6.61692e-05,8.69088e-05,0.000154066,0.000381213,0.00155349,0.0405696,0.92163,0.0328634,0.00173916,0.000438494,0.000147152,7.9008e-05,6.02436e-05,3.65412e-05,3.25908e-05,2.27148e-05,3.85164e-05,
4.44782e-05,5.60812e-05,5.67258e-05,6.9618e-05,8.89564e-05,0.00011603,0.000179202,0.000387412,0.00133112,0.0360705,0.948115,0.0119324,0.000789649,0.000282984,0.000139881,9.66917e-05,6.83288e-05,6.89734e-05,5.8015e-05,4.83459e-05,
5.33495e-05,4.57281e-05,3.62014e-05,6.09708e-05,8.76456e-05,0.000125752,0.000156238,0.00033915,0.000952669,0.00373256,0.054266,0.918288,0.0190115,0.00172624,0.00050682,0.000228641,0.000146711,9.71723e-05,8.19296e-05,5.71602e-05,
6.9111e-05,5.80532e-05,6.63465e-05,8.29332e-05,7.18754e-05,0.000143751,0.000135458,0.000270915,0.000522479,0.00116383,0.00372646,0.0341408,0.931165,0.025079,0.00195169,0.00064135,0.000317911,0.000179689,0.000121635,9.12265e-05,
0.000123989,0.000117287,0.000113936,8.71276e-05,9.71808e-05,9.04786e-05,0.000140745,0.000258032,0.000382021,0.00079085,0.00167553,0.00339462,0.0381485,0.925379,0.0256055,0.00207096,0.000707074,0.000375319,0.000274787,0.000167553,
0.000109307,9.90596e-05,9.56438e-05,7.85645e-05,8.19804e-05,9.56438e-05,0.000116139,0.000133218,0.000252773,0.000331337,0.000843715,0.00111357,0.00279416,0.0344283,0.929019,0.027419,0.00180357,0.000618269,0.000345001,0.00022203,
0.000178124,0.000147023,0.000115922,8.48208e-05,0.000121576,8.76481e-05,7.63387e-05,9.61302e-05,0.000169642,0.000234671,0.00104612,0.000537198,0.000842553,0.00236367,0.0338237,0.939333,0.018293,0.00152677,0.000624846,0.000296873,
0.000363928,0.000299876,0.000165951,0.000104811,0.0001019,0.000128102,0.0001019,9.31654e-05,0.000125191,0.000154305,0.00117039,0.000352282,0.000439624,0.000838489,0.00210787,0.0231516,0.950494,0.0176403,0.00156634,0.000599753,
0.000781989,0.000489634,0.00031137,0.000171134,0.000156873,0.000147366,0.000237687,0.00023531,0.000289978,0.000413575,0.00155209,0.000492011,0.000446851,0.000639377,0.000860426,0.00222237,0.0234288,0.946264,0.0189436,0.00191575,
0.00220923,0.00104409,0.000534654,0.000363161,0.000226976,0.000221932,0.0002068,0.000176537,0.000161405,0.000141229,0.00114497,0.000277415,0.000363161,0.000368205,0.000640576,0.00113992,0.00278424,0.0270303,0.938646,0.0223193,
0.0275051,0.00341896,0.00117002,0.00067612,0.000474722,0.000402795,0.000503493,0.000465132,0.000848746,0.00106932,0.00211467,0.000795999,0.000743252,0.0006953,0.000580216,0.000829565,0.00147212,0.0035724,0.0311495,0.921513,


0.931331,0.0242567,0.00347386,0.00134491,0.000554852,0.000464387,0.000283457,0.000235209,0.000205054,0.000217116,0.000693565,0.000156806,0.000156806,0.000138713,0.000217116,0.000283457,0.000645317,0.00133285,0.00276823,0.0312406,
0.0269924,0.952561,0.0133546,0.00111395,0.000645894,0.000479441,0.000317256,0.000187793,0.000137999,0.000160762,0.00126902,9.67418e-05,9.81645e-05,0.000128041,0.000136577,0.000147958,0.000214824,0.000374163,0.000480864,0.00110257,
0.00181956,0.0246564,0.951839,0.0140673,0.00146858,0.000840812,0.000554282,0.000399195,0.000274939,0.000248743,0.0013893,0.000167606,0.000125647,0.000130747,0.000151842,0.000154161,0.000210261,0.000292557,0.000451586,0.000757125,
0.001048,0.00218369,0.0285239,0.934985,0.0249897,0.00315715,0.00125847,0.000640199,0.000394643,0.000328869,0.000758592,0.000153472,0.000131548,0.000100853,0.000114008,0.000171012,0.000166627,0.000171012,0.00027625,0.000447262,
0.000361186,0.000683036,0.00198474,0.0277005,0.935001,0.0273822,0.00306472,0.00115508,0.000672307,0.000329001,0.000557872,0.000150196,0.000114435,0.000118011,6.7946e-05,7.15221e-05,8.58265e-05,0.000107283,0.000200262,0.00019311,
0.000150536,0.00032398,0.000746137,0.00200933,0.0341554,0.931787,0.0244033,0.00289946,0.00131228,0.000579238,0.000536695,0.000225805,0.000140719,0.000107993,0.000114539,9.81759e-05,9.49034e-05,9.49034e-05,0.000114539,0.000104721,
0.000144944,0.000144944,0.00030024,0.000616011,0.0018558,0.0267162,0.935544,0.028968,0.00303605,0.0010819,0.000623775,0.00025624,0.000132002,0.000134591,5.69422e-05,8.2825e-05,6.4707e-05,4.91773e-05,8.54132e-05,0.000106119,
6.34791e-05,6.69104e-05,0.000138968,0.000272789,0.000502686,0.00156982,0.0307977,0.927881,0.0339562,0.0027948,0.00104998,0.000313964,0.000152693,0.00011838,8.06356e-05,5.14695e-05,3.4313e-05,4.63226e-05,5.14695e-05,5.66165e-05,
4.25616e-05,4.02609e-05,4.37119e-05,8.85741e-05,0.000161044,0.000395707,0.00126649,0.034981,0.930481,0.0290983,0.00228797,0.000567104,0.000218559,9.08747e-05,5.75156e-05,4.14113e-05,2.76075e-05,4.02609e-05,2.87578e-05,4.14113e-05,
3.75271e-05,4.64151e-05,2.96266e-05,6.41911e-05,8.88799e-05,0.000180723,0.000360458,0.00162058,0.0392938,0.922291,0.0334307,0.0017381,0.00036342,0.000168872,8.39422e-05,5.62906e-05,3.75271e-05,3.75271e-05,3.5552e-05,3.45644e-05,
7.33314e-05,5.78932e-05,7.07584e-05,7.14016e-05,8.04073e-05,0.000126079,0.000178182,0.000382095,0.00133026,0.0349019,0.948817,0.0123184,0.000811148,0.000264379,0.000130581,8.94129e-05,8.2337e-05,8.81264e-05,6.30393e-05,6.30393e-05,
5.23263e-05,4.06982e-05,5.81403e-05,5.03883e-05,6.97684e-05,0.000110467,0.000182173,0.000385664,0.000998076,0.00369966,0.0529251,0.919447,0.019103,0.00171514,0.000505821,0.000234499,0.000182173,0.000104653,8.33345e-05,5.23263e-05,
7.19154e-05,8.57453e-05,6.08515e-05,7.46814e-05,8.85112e-05,0.000102341,0.000160427,0.000287662,0.000561493,0.0011866,0.00345747,0.0333107,0.931711,0.0254774,0.00208278,0.000625111,0.000290428,0.000179788,9.12772e-05,9.40432e-05,
0.000111306,7.75769e-05,0.000121425,0.000118052,6.07124e-05,0.000121425,0.000182137,0.000205747,0.000286697,0.000489072,0.00138627,0.00330882,0.0385827,0.924838,0.0266527,0.00203724,0.000731921,0.000310308,0.000242849,0.000134916,
0.000172375,6.55023e-05,8.61873e-05,5.17124e-05,6.89498e-05,6.55023e-05,8.27398e-05,0.000175822,0.000230982,0.000293037,0.000703288,0.000968745,0.00258562,0.0325133,0.930433,0.0284625,0.00178235,0.000658471,0.000420594,0.00017927,
0.000139647,0.000160898,8.19667e-05,7.89309e-05,7.28593e-05,0.000121432,7.28593e-05,0.000118396,0.000182148,0.000261079,0.00071645,0.000412869,0.000922885,0.00244079,0.0334667,0.939044,0.0191407,0.00164237,0.000576803,0.000346082,
0.000384314,0.000285233,0.000198162,9.3076e-05,9.90809e-05,8.40687e-05,7.50613e-05,0.000102083,0.000126103,0.000195159,0.00114393,0.000369302,0.000510417,0.000813665,0.00201465,0.0235753,0.949153,0.0186963,0.00138713,0.000693567,
0.000935966,0.000496519,0.000342427,0.000282502,0.000205456,0.000245406,0.000245406,0.000299623,0.000362402,0.000656318,0.00177777,0.000639196,0.000599247,0.000653464,0.00114428,0.00239413,0.0233564,0.94451,0.0190018,0.00185196,
0.00216025,0.000997037,0.000493771,0.000270624,0.000180416,0.000256381,0.000142434,0.000132938,0.000189912,0.000175668,0.00112048,0.000204155,0.000299111,0.000441545,0.000678935,0.00106351,0.00284393,0.0247503,0.942775,0.0208238,
0.0137701,0.000894408,0.00046516,0.000300986,0.000258232,0.000182986,0.000141942,0.000169305,0.000165029,0.000238566,0.00165884,0.000203508,0.000201798,0.000196667,0.000323218,0.000323218,0.000466871,0.000949988,0.0148886,0.964201,


0.915479,0.0194183,0.00254554,0.001271,0.000839467,0.000647892,0.000507456,0.000488574,0.000523192,0.000624289,0.001295,0.000401245,0.000360333,0.000350106,0.00042052,0.000566463,0.000833173,0.00135636,0.00363087,0.0484416,
0.0270284,0.941921,0.0187757,0.00199494,0.0009404,0.000493772,0.000468959,0.000416853,0.000429259,0.000580616,0.00173441,0.000344896,0.000280383,0.000315121,0.00021587,0.000275421,0.000384596,0.000511141,0.000860999,0.00202719,
0.00134588,0.0247073,0.951414,0.0160586,0.00170107,0.000688988,0.000434362,0.000267464,0.000239648,0.000132662,0.00111907,0.000102706,6.63312e-05,7.06106e-05,0.000109125,0.000119824,0.000181876,0.000280303,0.000327376,0.000633356,
0.000825652,0.00217709,0.0270576,0.936519,0.0249092,0.0030849,0.00142127,0.000628481,0.00041488,0.000242356,0.000842083,0.000160201,0.000168417,0.000172524,0.00014377,0.000102693,0.000188955,0.000197171,0.000262894,0.000480603,
0.000375756,0.00085887,0.00194677,0.027287,0.935434,0.0274659,0.00294879,0.00110937,0.000611945,0.000357862,0.000515322,0.000175353,0.000125252,0.000114516,7.87297e-05,0.000110937,6.08366e-05,0.000100201,0.000143145,0.000178931,
0.000209993,0.000351082,0.00063326,0.00208024,0.0332314,0.932559,0.0242903,0.00317286,0.00122715,0.000531545,0.000643104,0.000209993,0.000167338,9.84342e-05,0.000111559,8.53097e-05,5.90605e-05,0.000108278,0.000121402,0.000108278,
9.84632e-05,0.000171015,0.000344621,0.000606326,0.00186303,0.025857,0.935561,0.0298084,0.00300054,0.00104941,0.000665922,0.00025134,0.000155468,0.000119192,5.44139e-05,7.77341e-05,5.18227e-05,8.03252e-05,0.000101054,8.29164e-05,
8.1979e-05,8.73255e-05,0.000114058,0.000269105,0.000500785,0.00147919,0.0298047,0.927675,0.0352813,0.00283006,0.00095167,0.00034752,0.000203165,9.44541e-05,5.88111e-05,3.02966e-05,4.45538e-05,5.70289e-05,4.09895e-05,4.81181e-05,
3.68697e-05,3.45653e-05,5.41523e-05,9.67829e-05,0.000170522,0.000366392,0.00130311,0.0341206,0.93038,0.0299451,0.0023539,0.000564567,0.000194718,0.000117522,6.22176e-05,5.06958e-05,5.1848e-05,2.18914e-05,3.80219e-05,3.68697e-05,
2.27185e-05,3.65472e-05,4.54371e-05,7.01311e-05,8.29721e-05,0.000179773,0.000397081,0.00155079,0.0382995,0.922222,0.0343988,0.00184909,0.000373374,0.000188663,8.29721e-05,5.72902e-05,3.95105e-05,3.7535e-05,2.56818e-05,4.04983e-05,
5.34654e-05,5.66862e-05,5.66862e-05,6.89253e-05,8.43851e-05,0.000129476,0.000177789,0.000351712,0.00133857,0.0338964,0.949841,0.0123956,0.000767196,0.000288584,0.000121102,0.000106931,7.6011e-05,7.92319e-05,5.47537e-05,5.53979e-05,
3.51131e-05,3.70638e-05,6.4374e-05,7.60784e-05,6.04726e-05,0.000111192,0.000173615,0.000384294,0.000971463,0.0036069,0.0526111,0.919651,0.0194176,0.00171469,0.000505239,0.000197024,0.000148255,9.55857e-05,8.19306e-05,5.65711e-05,
7.72785e-05,7.45185e-05,8.27984e-05,5.79589e-05,8.00384e-05,0.000104878,0.000165597,0.000256675,0.00049127,0.00125026,0.00370109,0.0330448,0.931512,0.0258193,0.00184916,0.000698266,0.000361553,0.000168357,0.000115918,8.83183e-05,
0.000128112,9.43985e-05,0.000101141,7.75416e-05,8.42843e-05,0.000128112,0.000134855,0.000185426,0.000330395,0.000583248,0.00143283,0.00317246,0.0368828,0.925496,0.0276689,0.00210037,0.00068776,0.000374222,0.000198911,0.000138226,
0.00015168,6.5498e-05,6.20508e-05,6.20508e-05,7.23926e-05,8.27344e-05,0.000110312,0.000175811,0.000230967,0.000261992,0.000820449,0.00104452,0.00266474,0.0327421,0.929235,0.0289295,0.00198218,0.000706689,0.000334385,0.000265439,
0.000226384,0.000124046,7.75288e-05,8.37311e-05,9.92368e-05,8.68322e-05,9.30345e-05,0.000105439,0.000164361,0.000254294,0.000610927,0.000508589,0.000983065,0.00247162,0.0338832,0.937965,0.0195186,0.00169943,0.000638837,0.000406251,
0.000340165,0.000264936,0.000176624,9.48537e-05,0.00012102,0.000127562,9.81245e-05,9.81245e-05,0.000147187,0.000137374,0.00103031,0.000385956,0.000477539,0.00101722,0.00228303,0.0233373,0.947628,0.0197655,0.00171718,0.000752288,
0.000907239,0.000485693,0.00028103,0.000293249,0.000204663,0.000219937,0.000207718,0.000247429,0.000430709,0.000675083,0.001732,0.000546787,0.000571224,0.000693411,0.000950004,0.00247123,0.0234752,0.941213,0.0222839,0.00211078,
0.00235688,0.0010644,0.000552472,0.000415621,0.000228085,0.000187536,0.000136851,0.000111508,0.000182468,0.000162194,0.00103905,0.000283839,0.000375073,0.000466307,0.000633569,0.0011759,0.00271674,0.025216,0.941225,0.0214704,
0.0265519,0.00323956,0.00132926,0.000744054,0.000501609,0.000468169,0.00055177,0.00056013,0.000572671,0.000894537,0.0020357,0.000869456,0.000660452,0.00055595,0.000643732,0.000777494,0.00132508,0.0034193,0.0373114,0.916988,


0.931889,0.0252513,0.00289759,0.00139446,0.000748544,0.000476895,0.000265612,0.000217319,0.000211282,0.000193173,0.000724397,0.000181099,0.000193173,0.000187136,0.000271649,0.000416528,0.000573481,0.00119526,0.00267423,0.0300383,
0.0270188,0.943444,0.0181504,0.00179718,0.000895201,0.000571934,0.000413691,0.000413691,0.000427255,0.0005968,0.00168189,0.000368479,0.000237364,0.000239624,0.000257709,0.000210236,0.000300661,0.00048377,0.000664619,0.00182657,
0.00215584,0.0247626,0.942809,0.0214993,0.0026682,0.00120995,0.000638476,0.000366533,0.000307415,0.000236473,0.000867067,0.000193119,0.000137942,0.000126119,0.000126119,0.000197061,0.000201002,0.000256179,0.000402004,0.000839478,
0.00105276,0.00255135,0.0374422,0.925651,0.0253186,0.00292974,0.00113518,0.000719322,0.000449576,0.000265999,0.000554477,0.000153605,0.000134873,0.000134873,0.000131126,0.000153605,0.000149859,0.000239774,0.000333436,0.00049828,
0.000378902,0.00070776,0.00204821,0.0269985,0.934854,0.0282425,0.00307053,0.00124752,0.000564778,0.000293113,0.000571927,0.000135833,0.000114385,9.29381e-05,6.79163e-05,8.5789e-05,7.14909e-05,0.000135833,0.000107236,0.000210898,
0.000212002,0.000401173,0.000688191,0.00201565,0.0325244,0.932629,0.0250782,0.00302674,0.00121004,0.000613175,0.000593605,0.000189171,0.000146771,0.000153294,9.45855e-05,8.48008e-05,7.82776e-05,6.19698e-05,8.80623e-05,0.000110893,
9.59429e-05,0.000181514,0.00028005,0.000601588,0.0016414,0.0260991,0.934935,0.0304917,0.0029846,0.00109427,0.000692345,0.000235968,0.000173734,9.59429e-05,7.00124e-05,5.44541e-05,3.88958e-05,7.00124e-05,7.77915e-05,8.55707e-05,
3.98217e-05,7.96435e-05,0.000146616,0.000251601,0.000566555,0.00153495,0.0285232,0.927704,0.0362378,0.00293414,0.00104804,0.000325814,0.000179198,0.000124895,6.51629e-05,5.97326e-05,2.3531e-05,3.62016e-05,5.79225e-05,6.15427e-05,
2.99817e-05,3.69005e-05,4.49725e-05,0.000104936,0.000205259,0.000409365,0.00135725,0.0333373,0.930206,0.0307819,0.00237316,0.000578877,0.00022025,0.000107242,6.45759e-05,3.92068e-05,3.92068e-05,2.76754e-05,1.84502e-05,1.72971e-05,
3.5518e-05,3.0585e-05,4.34109e-05,6.31431e-05,9.17549e-05,0.000154898,0.000402538,0.00156773,0.0371173,0.922645,0.0351727,0.00184003,0.000394645,0.00017759,8.09022e-05,5.13038e-05,4.73574e-05,3.15716e-05,3.15716e-05,2.07188e-05,
6.0563e-05,5.21873e-05,6.63616e-05,7.02273e-05,8.18245e-05,0.000115972,0.000187488,0.00033503,0.00132917,0.0327685,0.950651,0.012639,0.000867211,0.000270601,0.000138522,8.76231e-05,7.98917e-05,7.73145e-05,5.99187e-05,6.18516e-05,
5.27477e-05,6.44694e-05,5.47013e-05,5.66549e-05,7.81447e-05,0.000111356,0.000197315,0.000429796,0.000959226,0.00368452,0.0508175,0.920804,0.0199035,0.00161955,0.000543106,0.00022662,0.000156289,0.000107449,6.44694e-05,6.83766e-05,
7.46904e-05,7.19241e-05,6.91578e-05,8.02231e-05,7.74568e-05,0.000124484,0.000171511,0.000287697,0.000503469,0.00123654,0.0036626,0.0319952,0.931611,0.0267724,0.00189492,0.000641785,0.000312593,0.000168745,0.000124484,0.000118951,
0.000134172,7.37948e-05,0.000127464,8.38577e-05,6.03776e-05,0.000120755,0.000134172,0.000187841,0.000372328,0.000647382,0.00167715,0.00367632,0.0367364,0.924424,0.0279548,0.00211992,0.000744657,0.000372328,0.000231447,0.000120755,
0.000102838,7.29536e-05,5.44954e-05,2.98846e-05,5.88902e-05,7.20746e-05,7.64694e-05,7.11956e-05,0.000127449,0.000211829,0.00121912,0.000492217,0.00101344,0.015598,0.963158,0.0162977,0.00064164,0.000334883,0.00022765,0.000138875,
0.000198227,0.000116419,0.000119565,7.23685e-05,8.18078e-05,8.81007e-05,0.000103833,0.000125858,0.000147883,0.000182494,0.000871568,0.000431064,0.000865275,0.00249199,0.033472,0.938191,0.0198793,0.00165818,0.000613559,0.000289474,
0.000396169,0.000274017,0.000198085,0.000145262,0.000115549,9.24394e-05,7.92338e-05,8.9138e-05,0.000112248,0.000161769,0.00114229,0.000320237,0.00042258,0.000947504,0.00241993,0.0234928,0.947399,0.0198745,0.00158137,0.000736214,
0.000894695,0.000406181,0.000310124,0.000252491,0.000192112,0.000186623,0.000244257,0.000389714,0.000419903,0.000546148,0.00174822,0.000603782,0.000494003,0.000741005,0.00111425,0.00254961,0.0233581,0.943552,0.0200565,0.00194034,
0.00229516,0.000999668,0.000576339,0.000346824,0.000219315,0.000188713,0.000193813,0.000163211,0.000102007,0.000260118,0.000963966,0.000214215,0.000316222,0.000484533,0.00072935,0.00112208,0.00279499,0.0250733,0.940632,0.0223242,
0.0271875,0.00285711,0.00137501,0.000556857,0.000458336,0.000419785,0.000428352,0.000419785,0.000582558,0.000783884,0.00179479,0.000552574,0.00046262,0.000565424,0.000505455,0.000749616,0.0012208,0.00286567,0.0282798,0.927934,


0.930994,0.0259278,0.00311061,0.00143474,0.000753539,0.000446095,0.000307444,0.000265246,0.000241132,0.000229076,0.000608859,0.000241132,0.000192906,0.000180849,0.000283331,0.000343614,0.000608859,0.00120566,0.00280316,0.029822,
0.0268407,0.940979,0.0193298,0.00214747,0.000977306,0.000701054,0.000440439,0.000357042,0.000479531,0.000604626,0.00168618,0.000484744,0.000304919,0.000299707,0.000255403,0.000263221,0.000354436,0.000547291,0.000815724,0.00213183,
0.00146639,0.0246067,0.950174,0.0165493,0.00183689,0.000926234,0.000498608,0.000296049,0.000214678,0.000171397,0.00112014,0.000131577,0.000121189,0.000124652,0.000126383,0.000155815,0.000186978,0.000289123,0.000393,0.000611141,
0.000801948,0.00219051,0.0278751,0.935922,0.0253059,0.00281424,0.00123262,0.000672003,0.000456665,0.000297018,0.000816799,0.000115094,0.000126233,0.000103956,0.000100244,0.000129945,0.000126233,0.000178211,0.000323007,0.000412112,
0.000343121,0.000786318,0.00208017,0.0260093,0.935493,0.0287506,0.00284504,0.00109727,0.00069339,0.000318101,0.000475365,0.000189431,8.57801e-05,6.79093e-05,7.50576e-05,0.000103651,0.000110799,8.93543e-05,0.000125096,0.000260915,
0.000181714,0.000293293,0.000739607,0.00197972,0.031717,0.933553,0.0251211,0.00306363,0.00122418,0.000529202,0.00064078,0.000213593,0.000117955,0.000102015,8.6075e-05,5.10074e-05,7.96991e-05,7.96991e-05,8.6075e-05,0.00014027,
0.000107788,0.000174855,0.000306596,0.000625168,0.00173179,0.026257,0.934733,0.0302979,0.003042,0.0010635,0.000656306,0.000289829,0.000153298,0.000100602,7.66489e-05,8.14395e-05,5.03008e-05,7.18584e-05,7.42536e-05,0.000105392,
8.92603e-05,0.000120467,0.000182422,0.000326294,0.000792788,0.00262779,0.0700919,0.9019,0.0179597,0.00324871,0.00136598,0.000459381,0.000238869,0.000146626,8.8113e-05,7.54927e-05,6.53964e-05,6.63142e-05,7.41159e-05,8.05408e-05,
3.84636e-05,4.85374e-05,4.67058e-05,9.98222e-05,0.000169423,0.000413941,0.00145704,0.0344908,0.931131,0.028703,0.00223364,0.000565048,0.00023536,0.000124549,6.50218e-05,4.02952e-05,4.76216e-05,2.93056e-05,2.83898e-05,3.2053e-05,
3.06058e-05,2.76439e-05,4.04786e-05,5.33133e-05,0.000104652,0.000167838,0.000371218,0.00151844,0.0360447,0.922428,0.0365127,0.0018245,0.000465997,0.000148092,8.19445e-05,5.03514e-05,3.45549e-05,3.35676e-05,2.36948e-05,3.75167e-05,
5.40315e-05,5.2745e-05,5.5318e-05,7.26852e-05,9.58416e-05,0.000111922,0.000162094,0.000356351,0.00131541,0.0318773,0.951234,0.0130042,0.000840704,0.000261795,0.000137008,0.000102917,7.78311e-05,7.52581e-05,6.368e-05,4.88856e-05,
4.88701e-05,4.69153e-05,6.84182e-05,6.25538e-05,5.08249e-05,0.000130972,0.000168113,0.00034991,0.000922668,0.00378646,0.0493745,0.922044,0.0201579,0.00164399,0.000551255,0.000228712,0.000136836,9.38306e-05,6.25538e-05,7.0373e-05,
9.98206e-05,8.31838e-05,4.99103e-05,6.10015e-05,5.82287e-05,0.000105366,0.00013864,0.000268961,0.000526831,0.00122003,0.00366009,0.0314657,0.931917,0.0270708,0.00192432,0.000590605,0.00035769,0.000191323,0.000124776,8.59566e-05,
0.000121869,9.14021e-05,8.46316e-05,6.09347e-05,8.12463e-05,9.14021e-05,9.47874e-05,0.000226813,0.000341912,0.000622888,0.00155045,0.00321939,0.0358262,0.925311,0.0286935,0.00217334,0.000731217,0.000358838,0.000172648,0.000145566,
0.000110221,7.23327e-05,9.64436e-05,8.95548e-05,6.88883e-05,7.23327e-05,8.61104e-05,0.000110221,0.000230776,0.000330664,0.000781882,0.0010471,0.00273142,0.0307552,0.929469,0.0307139,0.00203909,0.000681994,0.000316886,0.000196332,
0.000224101,0.000112051,0.000121938,0.00010546,9.88683e-05,8.89815e-05,8.23902e-05,0.000131824,0.000158189,0.000237284,0.000708556,0.000537184,0.000919475,0.00273865,0.0340667,0.936118,0.0207228,0.00183565,0.000645939,0.000346039,
0.000469203,0.000252648,0.00014437,0.00011484,0.000127965,0.000131246,0.000121402,0.000141089,0.000124683,0.000154214,0.000931844,0.000413424,0.000528264,0.000967937,0.00231977,0.0235094,0.947141,0.0201003,0.0016176,0.00068904,
0.00100537,0.000596838,0.000382997,0.000229798,0.000169157,0.000172349,0.000245757,0.000360656,0.000395764,0.000667054,0.00175541,0.000596838,0.000606413,0.000721312,0.00103409,0.0025597,0.0235512,0.940961,0.021933,0.00205542,
0.00220074,0.00115405,0.000649487,0.000445516,0.000268383,0.000187868,0.00025228,0.000139559,0.0001825,0.000220074,0.000966178,0.000279118,0.000418677,0.00041331,0.000601178,0.00120772,0.00279118,0.0250294,0.938975,0.0236177,
0.0273706,0.00279066,0.00118271,0.00081948,0.000403095,0.000398666,0.000451821,0.000482829,0.000606858,0.00103653,0.00207749,0.00069545,0.000575851,0.000527125,0.000571421,0.000761895,0.00125801,0.00313174,0.0280439,0.926814,


0.93193,0.0257653,0.00325976,0.00119083,0.000739761,0.000439045,0.000252601,0.000228544,0.000180429,0.000240573,0.000631503,0.000174415,0.000192458,0.00022253,0.000282673,0.000372887,0.000727732,0.00113671,0.00282673,0.0292055,
0.0267223,0.935938,0.0220859,0.00239903,0.00118011,0.000733934,0.000556109,0.000556109,0.000585207,0.000934392,0.00207894,0.000497911,0.000397682,0.000297454,0.000274821,0.000297454,0.000430014,0.000643405,0.000979657,0.00241196,
0.00186866,0.0247403,0.942492,0.0219841,0.00267063,0.00107448,0.000611209,0.000397091,0.000284193,0.000260834,0.000992728,0.000151829,9.73263e-05,0.000147936,0.000163508,0.000147936,0.000182973,0.000354268,0.000482738,0.000895402,
0.000853799,0.00206076,0.0251871,0.938651,0.0254704,0.00291068,0.00104396,0.000690801,0.00030271,0.000318234,0.000807228,0.000151355,9.70226e-05,0.000131951,0.000124189,0.00012807,0.000124189,0.00021345,0.000329877,0.000403614,
0.00036436,0.000732094,0.00180493,0.0253433,0.937202,0.0282008,0.00263149,0.00110995,0.000590398,0.000333997,0.000563409,0.000151817,9.44638e-05,9.109e-05,7.42215e-05,8.77163e-05,0.00011808,0.000111332,0.00011808,0.000276644,
0.000201102,0.000359546,0.00064901,0.00204758,0.0300373,0.935364,0.0249214,0.00297996,0.00113348,0.000569788,0.000722138,0.000265089,0.000127974,0.000115786,7.31279e-05,7.00809e-05,8.83629e-05,7.61749e-05,9.44569e-05,0.000103598,
0.000116493,0.000173446,0.000331359,0.000621298,0.00172928,0.0249736,0.935196,0.0314144,0.00282173,0.000994077,0.000649774,0.000243342,0.000194156,0.000137203,7.50735e-05,6.9896e-05,5.69523e-05,6.47186e-05,6.9896e-05,6.73073e-05,
6.96057e-05,8.2099e-05,0.000139211,0.000251651,0.000505087,0.00148492,0.0272283,0.927107,0.0383081,0.00294664,0.000919152,0.000340889,0.000194539,0.000110655,7.31752e-05,5.17581e-05,4.4619e-05,4.99733e-05,4.99733e-05,4.28343e-05,
3.78331e-05,5.29663e-05,4.97235e-05,9.9447e-05,0.00015998,0.000369683,0.00125282,0.0323268,0.931546,0.0307259,0.00226782,0.000566415,0.000206461,0.000103771,6.48567e-05,4.32378e-05,3.9995e-05,1.9457e-05,3.45903e-05,3.24284e-05,
2.07329e-05,1.61256e-05,2.56694e-05,3.21415e-05,5.93467e-05,0.000114854,0.000301231,0.00130727,0.0706244,0.916176,0.0100766,0.000816593,0.000199651,8.73197e-05,4.30017e-05,2.7973e-05,2.20493e-05,1.72226e-05,1.45898e-05,1.71129e-05,
5.21982e-05,5.7998e-05,5.99313e-05,6.76644e-05,8.63526e-05,0.000120507,0.000161106,0.000371187,0.00131462,0.0310128,0.951718,0.0133872,0.000819705,0.000279679,0.000144995,9.53745e-05,7.21753e-05,6.31534e-05,6.2509e-05,5.28426e-05,
1.28393e-05,1.34813e-05,1.25183e-05,1.52788e-05,1.81676e-05,2.86317e-05,4.61574e-05,9.3727e-05,0.000299092,0.00128278,0.0712548,0.919359,0.00653624,0.000683822,0.000177439,7.511e-05,3.55649e-05,2.29182e-05,1.91306e-05,1.34171e-05,
7.18826e-05,8.01767e-05,6.08237e-05,6.63531e-05,9.12356e-05,0.000132706,0.000168648,0.000235001,0.000539119,0.00116947,0.00358583,0.0313408,0.931717,0.02739,0.00195465,0.000658002,0.000298589,0.000174177,0.000160353,0.000105059,
0.000127001,0.000103606,0.000127001,9.69219e-05,0.000103606,0.00015708,0.000177133,0.00020387,0.000360951,0.000788744,0.00155743,0.00366298,0.0345343,0.925547,0.02911,0.00191839,0.00068848,0.00034424,0.000233949,0.00015708,
0.000144415,0.000113469,0.000116907,9.62765e-05,6.87689e-05,0.000106592,9.28381e-05,0.000116907,0.000213184,0.000330091,0.000845858,0.00111062,0.00272325,0.0306366,0.928951,0.0311936,0.00193585,0.000649866,0.000340406,0.000213184,
0.000136029,7.95992e-05,7.00697e-05,6.76407e-05,6.80144e-05,6.44642e-05,6.68932e-05,8.8755e-05,0.000109122,0.000171344,0.000708172,0.000343435,0.000588959,0.00169961,0.0340653,0.946763,0.0133785,0.000918007,0.000376321,0.000237303,
0.000375759,0.000192957,0.000118483,0.000125253,0.000138794,0.000145564,0.000118483,0.000108327,0.000152335,0.00024035,0.000981713,0.000385915,0.00047393,0.000870001,0.00259985,0.0234663,0.945765,0.0212795,0.00172646,0.000734592,
0.000600117,0.000355515,0.000308971,0.000210932,0.00020202,0.000195088,0.000222816,0.000330758,0.000375321,0.000489204,0.00173103,0.000603088,0.000566447,0.00067835,0.000827884,0.00197662,0.0234749,0.947059,0.0182402,0.00155179,
0.00215256,0.00113347,0.000623931,0.000415954,0.000265171,0.000197578,0.00017678,0.00018198,0.000109188,0.000207977,0.000972292,0.000187179,0.000317165,0.000395156,0.000670726,0.00115947,0.0027349,0.0252068,0.939863,0.0230282,
0.0275937,0.00311299,0.00122986,0.000745278,0.000487651,0.00041711,0.000490718,0.000552057,0.000674737,0.000990637,0.00201501,0.000886359,0.000680871,0.000644067,0.00061033,0.000754479,0.00115319,0.00333075,0.0355157,0.918115,


0.932141,0.0266594,0.00323713,0.00140376,0.000695831,0.000508259,0.000332789,0.00025413,0.000199673,0.000229927,0.000665578,0.000163369,0.00026018,0.000211775,0.000326738,0.000381194,0.000623223,0.00108308,0.00278332,0.0278393,
0.0270501,0.935235,0.0231548,0.00244478,0.00118793,0.000836804,0.000610374,0.000528335,0.000505364,0.000856493,0.00140124,0.000465985,0.000387227,0.000315032,0.000301906,0.00031175,0.000436451,0.000423324,0.000879464,0.00266793,
0.00194644,0.0240391,0.944087,0.0213727,0.00256351,0.0011351,0.000578979,0.000407571,0.000243781,0.000224735,0.000818951,0.000175217,0.000129509,6.47543e-05,9.90359e-05,0.000144745,0.00020569,0.000342817,0.000525652,0.000895132,
0.000869815,0.00211781,0.0250658,0.938894,0.0251452,0.00287795,0.0012064,0.000623998,0.000385744,0.000291199,0.000752579,0.000234472,0.000117236,9.07633e-05,0.000132363,0.000143709,0.000173963,0.000226908,0.000257163,0.000393308,
0.000367577,0.000738557,0.00202848,0.0247706,0.937509,0.0282898,0.00262069,0.00115038,0.000517331,0.000313121,0.000554769,9.18942e-05,0.000139543,8.16838e-05,9.87012e-05,8.16838e-05,8.16838e-05,0.000132736,0.000187192,0.000245051,
0.000208147,0.000299977,0.000691783,0.00200495,0.0297283,0.935937,0.0250572,0.00279468,0.00106522,0.000575466,0.000642807,0.000183659,0.000119378,0.000113257,6.73417e-05,0.000128561,7.65247e-05,9.18296e-05,8.87686e-05,0.0001255,
0.000114085,0.000160757,0.000300771,0.000562648,0.00196279,0.0237349,0.935407,0.0318117,0.00308549,0.0010501,0.000736369,0.000321513,0.000165942,0.000124457,8.81569e-05,6.48213e-05,8.29712e-05,5.1857e-05,6.48213e-05,0.0001089,
4.53481e-05,0.000103394,0.000126975,0.000210415,0.000507899,0.00153821,0.0266919,0.926901,0.0391136,0.00279526,0.00106477,0.000315623,0.000165067,0.000114277,6.71152e-05,6.16734e-05,4.17203e-05,4.35342e-05,4.89759e-05,4.35342e-05,
3.22517e-05,4.26183e-05,5.64404e-05,7.83255e-05,0.000157803,0.000377805,0.001282,0.0304801,0.930916,0.0330914,0.00232788,0.000595504,0.000245343,9.6755e-05,5.64404e-05,3.68591e-05,3.91627e-05,2.76443e-05,2.18851e-05,3.80109e-05,
3.55664e-05,2.66748e-05,3.85303e-05,5.92774e-05,7.21208e-05,0.000157085,0.000387279,0.00156295,0.0342178,0.922697,0.0380412,0.00186328,0.000412966,0.000176844,7.11328e-05,5.73014e-05,4.24821e-05,3.65544e-05,1.67952e-05,2.66748e-05,
2.49206e-05,2.11118e-05,1.85002e-05,1.85406e-05,2.09401e-05,3.18547e-05,5.94846e-05,0.000171072,0.000961297,0.0594703,0.932083,0.00621783,0.000593032,0.000118573,4.89085e-05,2.93963e-05,2.66988e-05,2.82513e-05,2.89248e-05,2.76232e-05,
4.68594e-05,6.24793e-05,7.61466e-05,3.90495e-05,9.17664e-05,0.000109339,0.0001972,0.000359256,0.000962571,0.00374095,0.0464865,0.923584,0.0214929,0.00158541,0.000534979,0.000273347,0.000113244,9.17664e-05,8.00515e-05,7.22416e-05,
8.59021e-05,4.15655e-05,8.036e-05,6.37338e-05,8.036e-05,9.42152e-05,0.000163491,0.000224454,0.000518184,0.0011195,0.00356632,0.0305008,0.932304,0.027896,0.00197575,0.000631796,0.000288188,0.000149636,0.000116383,9.97573e-05,
7.16437e-05,5.95194e-05,5.40084e-05,5.7315e-05,7.38482e-05,7.71548e-05,8.04614e-05,0.000149901,0.00022926,0.000387978,0.00142185,0.00140973,0.0182107,0.95821,0.0176916,0.000908222,0.000399001,0.000203909,0.000186274,0.000117937,
