0.931237,0.0237173,0.00300226,0.00135974,0.00052344,0.000409126,0.000324894,0.000324894,0.000258712,0.000162447,0.000619705,0.00017448,0.000252695,0.000258712,0.000204563,0.000451242,0.000619705,0.00123941,0.0025089,0.032351,
0.0269846,0.949947,0.0147266,0.00153202,0.000781331,0.000440456,0.000333215,0.000235548,0.000218313,0.000206823,0.00122179,0.000164692,0.000132137,0.000105326,0.000164692,0.000183843,0.000222143,0.000404071,0.000622384,0.00137307,
0.00176258,0.0248993,0.947578,0.0180657,0.00231562,0.000876441,0.000549797,0.000413965,0.000203748,0.000155237,0.000747077,0.00018111,0.000135832,0.000132598,0.000132598,0.000203748,0.000177876,0.00025226,0.000439838,0.000776184,
0.00134992,0.00314697,0.0404821,0.927427,0.0181522,0.00267859,0.00134301,0.000865604,0.000612295,0.00039138,0.0010435,0.000224632,0.000163562,0.000165155,0.000165686,0.000186397,0.000226225,0.000305351,0.000404656,0.000665931,
0.000374969,0.000721369,0.00227124,0.029269,0.935112,0.0255193,0.00291405,0.00109634,0.000617806,0.000353542,0.000496388,0.000153559,0.000139274,0.000110705,8.21361e-05,0.000110705,0.000128561,0.000121419,0.00018927,0.000217839,
0.00030575,0.000504336,0.00103781,0.00356317,0.0854589,0.887465,0.0153672,0.00272094,0.0011721,0.00059576,0.000590402,0.000220689,0.000148689,0.000118549,0.000102475,0.00010281,9.24282e-05,0.000112186,0.00014601,0.000175145,
0.000238466,0.00030685,0.000568987,0.0014571,0.00527255,0.0764301,0.886705,0.0200973,0.00429546,0.00194499,0.00107047,0.000437041,0.000232329,0.000170959,0.000126247,0.000108712,0.000109151,0.000111781,0.000135891,0.000180603,
6.89524e-05,6.89524e-05,0.000127018,0.000237704,0.000506256,0.00144619,0.031934,0.928333,0.032433,0.00298128,0.000932672,0.000364722,0.000185083,9.07268e-05,7.80251e-05,5.44361e-05,3.26617e-05,2.90326e-05,5.26216e-05,4.35489e-05,
4.45968e-05,4.34533e-05,6.51799e-05,8.69065e-05,0.000158947,0.000381931,0.00126701,0.0378992,0.929392,0.0272543,0.0022813,0.000538592,0.000222984,0.000123499,5.71753e-05,5.37448e-05,3.88792e-05,2.85877e-05,3.54487e-05,2.63007e-05,
8.78613e-05,0.000109777,0.00012735,0.000188556,0.000355394,0.000663402,0.00189484,0.00849728,0.0708563,0.893818,0.0195445,0.00205477,0.000766664,0.000356974,0.000213829,0.000130509,9.93129e-05,8.2333e-05,7.89765e-05,7.32507e-05,
0.000112513,0.000116825,0.00012131,0.000125376,0.000153935,0.000230546,0.000407816,0.00122017,0.00688781,0.0594418,0.923724,0.00553972,0.000811616,0.00032231,0.000189567,0.000134863,0.000120472,0.000112143,0.000108694,0.000118033,
5.5789e-05,4.61702e-05,4.23227e-05,8.27216e-05,6.54078e-05,0.000115425,0.000180833,0.00039437,0.00100805,0.00353202,0.0569432,0.916569,0.0181603,0.00175831,0.000475168,0.000227003,0.000130816,9.04166e-05,6.15602e-05,6.15602e-05,
0.000271166,0.000210449,0.000167192,0.000145876,0.000166462,0.0002277,0.000385459,0.000858943,0.00227877,0.00807816,0.0208836,0.0728808,0.87312,0.015923,0.00200036,0.000864155,0.000486097,0.000383739,0.000346996,0.00032099,
0.000270622,0.000226858,0.000178568,0.00015932,0.000156079,0.000194305,0.000283049,0.000501937,0.00108255,0.00278517,0.00570636,0.00762462,0.0428889,0.91945,0.0151009,0.00138303,0.000753716,0.000507137,0.000404345,0.000342684,
0.000290952,0.000232777,0.000189146,0.000161388,0.000157009,0.000177652,0.000228946,0.000338414,0.000612946,0.00128454,0.00295581,0.00253193,0.0034198,0.0337367,0.935817,0.0150544,0.00125154,0.000722962,0.000469229,0.000366798,
0.00038581,0.000287373,0.000224601,0.000185947,0.000179557,0.00019038,0.000255523,0.000348188,0.000536094,0.000906958,0.00229291,0.00137038,0.00176392,0.0025844,0.034088,0.935528,0.0161331,0.0014716,0.000750593,0.000516406,
0.000606799,0.000427365,0.000327965,0.000281967,0.000259752,0.000302759,0.000387206,0.000471654,0.000698082,0.00110708,0.00265249,0.00124222,0.00126401,0.00163982,0.00292192,0.0235947,0.93861,0.0202118,0.0020407,0.000951568,
0.00080485,0.000522402,0.000368455,0.000292881,0.000230539,0.00022545,0.00025573,0.000308657,0.000373799,0.000488814,0.00184813,0.000588307,0.000680166,0.000817573,0.00135422,0.00275731,0.0235503,0.945672,0.017238,0.00162268,
0.00198739,0.00109991,0.00059952,0.000363489,0.000250194,0.000217149,0.000240752,0.00022659,0.000292679,0.000245473,0.00108102,0.000198267,0.000405974,0.000401254,0.000585358,0.00115656,0.0024028,0.0248777,0.943178,0.0201901,
0.0274385,0.00312761,0.00128579,0.000709917,0.000476588,0.000536161,0.000516303,0.00050141,0.000580841,0.00103261,0.00191628,0.000814171,0.000729775,0.000729775,0.000610628,0.000819135,0.00124111,0.00360916,0.0309335,0.922391,


0.931105,0.0240581,0.00300199,0.00132618,0.000801736,0.000385798,0.000355657,0.00028332,0.000217011,0.000229067,0.000717343,0.000229067,0.000210983,0.000241124,0.000247152,0.000524444,0.000620893,0.00119959,0.00267647,0.0315691,
0.0270462,0.946154,0.0149986,0.00153985,0.00092073,0.000629522,0.000525927,0.000414583,0.000413156,0.000502884,0.00162999,0.000281215,0.000246955,0.0002129,0.000218406,0.000255113,0.000355037,0.000528579,0.00088851,0.0022381,
0.00219054,0.0251171,0.945404,0.0186344,0.00242112,0.00111339,0.000540224,0.000441402,0.000319522,0.000210819,0.000975038,0.00012188,0.00015482,0.000115292,0.000204231,0.00017129,0.000200937,0.000286582,0.0005534,0.000823512,
0.00105148,0.00218845,0.0287661,0.935022,0.0247782,0.00315017,0.00118398,0.000666792,0.000388962,0.000316299,0.00074373,0.000183795,0.000115406,0.000106858,0.000119681,0.000102583,0.000158149,0.000196618,0.000269281,0.000491545,
0.000244603,0.000366905,0.000756806,0.0167689,0.963255,0.014327,0.00116239,0.000560287,0.000324047,0.000232059,0.00122302,0.000121256,7.63078e-05,5.33109e-05,6.16734e-05,7.42172e-05,8.67609e-05,7.73531e-05,9.30328e-05,0.000134845,
0.000219404,0.000347116,0.000723705,0.00210235,0.0357333,0.930459,0.0237677,0.00310113,0.0012673,0.000628739,0.000605816,0.00020303,0.000144086,8.18671e-05,8.51418e-05,0.000108065,8.51418e-05,7.85924e-05,0.000111339,0.000147361,
0.000134504,0.000199169,0.000302633,0.000589746,0.00178217,0.0277026,0.935749,0.0276922,0.00304444,0.00110189,0.000672518,0.00030522,0.000214688,0.000103464,6.46652e-05,6.20785e-05,6.20785e-05,5.43187e-05,6.98384e-05,9.31178e-05,
6.16242e-05,6.16242e-05,0.000130498,0.000264622,0.000507494,0.00151704,0.0315661,0.928628,0.0325974,0.00286553,0.000908051,0.000340746,0.000173998,9.24363e-05,7.61241e-05,6.16242e-05,3.44371e-05,2.71872e-05,4.1687e-05,4.34995e-05,
3.11052e-05,5.069e-05,7.37309e-05,7.60349e-05,0.000165894,0.000388239,0.00133292,0.0366938,0.929843,0.0279567,0.00227068,0.000573718,0.000203912,0.000104836,7.48829e-05,4.60818e-05,3.57134e-05,2.41929e-05,2.5345e-05,2.88011e-05,
3.75327e-05,1.38278e-05,4.34589e-05,6.81514e-05,8.79055e-05,0.000170872,0.000410884,0.00155168,0.041603,0.921073,0.0322544,0.00181243,0.000434589,0.000164946,8.69178e-05,5.53113e-05,4.74097e-05,2.96311e-05,2.96311e-05,2.46926e-05,
5.54757e-05,5.80559e-05,6.77319e-05,7.54727e-05,8.57938e-05,0.000117402,0.000168362,0.000351561,0.00133142,0.0368591,0.947493,0.0117634,0.000817299,0.000252221,0.000137399,0.00010192,7.74079e-05,6.96671e-05,5.09602e-05,6.64418e-05,
0.000206342,0.000165906,0.000133409,0.000126422,0.000149256,0.000245351,0.000533159,0.00134333,0.00502937,0.0320244,0.134736,0.801571,0.0185693,0.00289711,0.000862653,0.000382803,0.000257809,0.000251803,0.000265747,0.000249186,
5.55446e-05,4.72129e-05,6.66535e-05,8.05397e-05,6.66535e-05,0.000133307,0.000169411,0.000272169,0.000566555,0.00116644,0.00356596,0.0349875,0.93148,0.0239675,0.00196072,0.000719303,0.00026106,0.000186074,0.000147193,9.99803e-05,
0.000138913,0.000101644,6.77624e-05,0.000105032,7.79267e-05,0.000101644,0.000115196,0.000230392,0.000301543,0.000491277,0.00157209,0.00334407,0.0394309,0.924489,0.0258886,0.00202271,0.00073861,0.000328648,0.000220228,0.00023378,
0.000146822,8.8776e-05,8.19471e-05,9.56049e-05,8.53615e-05,8.19471e-05,9.90194e-05,0.000153651,0.000177552,0.000327788,0.000880931,0.00097995,0.00270084,0.0336256,0.930574,0.0266704,0.00192576,0.000686307,0.000416564,0.000201453,
0.000267162,0.000193266,9.3791e-05,7.67381e-05,8.24224e-05,8.24224e-05,7.95803e-05,0.000122213,0.000136423,0.000204635,0.000744644,0.000471797,0.000909489,0.00230499,0.0337477,0.940315,0.0178203,0.00151487,0.000520114,0.000312637,
0.000380046,0.000204204,0.000181514,0.000141808,7.94126e-05,0.000102102,8.22487e-05,0.000107774,0.000173006,0.000155989,0.000913245,0.000303469,0.000445278,0.000785617,0.00228311,0.0235118,0.950208,0.017831,0.00149182,0.000618284,
0.000724709,0.000412978,0.000311732,0.000215814,0.00018917,0.000258444,0.000250451,0.000258444,0.00038367,0.000471594,0.00144675,0.000508895,0.000538203,0.000596819,0.000940523,0.0021235,0.023244,0.946824,0.0184215,0.00187838,
0.00192136,0.000879974,0.000546696,0.000404268,0.000355098,0.000380953,0.000468981,0.000566573,0.000775357,0.00121325,0.00293105,0.00107426,0.000803604,0.000773115,0.000816606,0.00112762,0.00240483,0.0251582,0.937355,0.0200438,
0.0219266,0.00268027,0.0013416,0.000864223,0.000663159,0.000551457,0.000526177,0.000502072,0.000562627,0.000705488,0.00168553,0.000593198,0.000579676,0.000574385,0.000731356,0.00103354,0.00186425,0.00393427,0.0376131,0.921067,


0.930558,0.024551,0.00312297,0.0011638,0.000725184,0.000526343,0.000315806,0.000175448,0.000251475,0.000257323,0.000649157,0.0001696,0.0001696,0.000198841,0.00026902,0.000391833,0.00063746,0.00125153,0.00287734,0.0317385,
0.0269716,0.93793,0.0213258,0.00238319,0.00103713,0.000564274,0.000457093,0.000438179,0.000491769,0.000762873,0.00170858,0.000491769,0.000356217,0.000334151,0.000327846,0.000343608,0.000381436,0.000580035,0.000923643,0.00219089,
0.00185917,0.0248744,0.947089,0.0181521,0.00233846,0.000983008,0.000592247,0.000402972,0.000250331,0.000152641,0.00119976,0.000112954,9.76902e-05,9.46374e-05,0.000112954,0.000164852,0.000189275,0.00025949,0.000363286,0.000711307,
0.000897408,0.00218126,0.0295672,0.934137,0.0250072,0.0031946,0.0013182,0.000545315,0.000429382,0.00032633,0.000760006,0.000137402,0.000150284,0.000128815,7.72887e-05,0.000120227,0.000137402,0.000167459,0.00027051,0.000446557,
0.000543958,0.00101046,0.00277345,0.0559974,0.915776,0.0168731,0.00238268,0.00119524,0.000650413,0.000449187,0.0007335,0.000220266,0.000170934,0.000117706,0.000125063,0.000136314,0.000135449,0.000152326,0.000241903,0.000315037,
0.00019036,0.000324925,0.000751593,0.00197252,0.0354988,0.931132,0.023795,0.0030556,0.00111919,0.000607183,0.000548105,0.000187078,0.000150975,0.00011159,6.23593e-05,8.53338e-05,6.56413e-05,0.000101744,7.87696e-05,0.000160821,
0.000109276,0.000155415,0.000288975,0.000594948,0.00180913,0.0286376,0.935636,0.0271757,0.00296988,0.00104662,0.000643515,0.000235551,0.000155415,0.00011899,5.82806e-05,7.28507e-05,5.82806e-05,7.52791e-05,7.77074e-05,8.01358e-05,
6.16844e-05,7.04965e-05,0.000151567,0.000220302,0.000519912,0.00156855,0.0310132,0.927797,0.0338824,0.00279166,0.000981664,0.000345433,0.000172716,0.00010927,6.16844e-05,6.52093e-05,5.81596e-05,3.70107e-05,3.70107e-05,5.46348e-05,
3.68887e-05,3.45831e-05,6.10969e-05,8.76106e-05,0.000167152,0.000397706,0.00130609,0.0359077,0.929948,0.0286095,0.00237471,0.000548719,0.000190207,0.000123347,4.95692e-05,4.26525e-05,3.80414e-05,2.07499e-05,1.84443e-05,3.68887e-05,
3.16302e-05,2.86649e-05,4.15147e-05,6.62258e-05,8.79716e-05,0.000154197,0.000380551,0.00155779,0.0404116,0.921751,0.0328895,0.00174164,0.00043887,0.000148267,7.80872e-05,6.2272e-05,3.65725e-05,3.26187e-05,2.27342e-05,3.85494e-05,
4.52412e-05,5.49358e-05,5.55821e-05,6.91545e-05,8.91899e-05,0.000115688,0.000182904,0.000388428,0.0013372,0.0361639,0.948,0.0119514,0.000792368,0.000281788,0.000138955,9.50066e-05,6.52766e-05,6.85082e-05,5.62284e-05,4.84728e-05,
5.33648e-05,4.57413e-05,3.62119e-05,6.09884e-05,8.76708e-05,0.000125789,0.000158189,0.000337342,0.000952944,0.00373935,0.0542949,0.918255,0.0190093,0.00172673,0.000506966,0.000226801,0.000146753,9.72003e-05,8.19532e-05,5.71766e-05,
6.92555e-05,5.81746e-05,6.64853e-05,8.31066e-05,7.75662e-05,0.000146822,0.000135741,0.000274252,0.000520802,0.00116626,0.00373149,0.0342205,0.931041,0.0250982,0.00195578,0.000645462,0.000318575,0.000177294,0.00012189,9.14173e-05,
0.000124576,0.000117842,0.000114475,8.754e-05,9.76408e-05,9.09069e-05,0.000138044,0.000259253,0.000383829,0.000797961,0.00167673,0.00339386,0.0378173,0.925574,0.0257166,0.00208413,0.000710421,0.000373729,0.000276088,0.000164979,
0.000110116,9.97925e-05,9.63514e-05,7.91458e-05,8.25869e-05,9.63514e-05,0.000116998,0.000134204,0.000247761,0.000330348,0.00082931,0.00110804,0.00281828,0.0337092,0.929574,0.0275668,0.00181003,0.000622843,0.000350994,0.000216791,
0.000178194,0.000149909,0.000115968,8.48543e-05,0.000121625,8.76828e-05,7.63689e-05,9.61683e-05,0.000169709,0.000234764,0.00103522,0.000537411,0.000845715,0.00236744,0.0338541,0.939278,0.0183172,0.00152738,0.000625094,0.00029699,
0.000364151,0.000300061,0.000166053,0.000107789,0.000101962,0.000128181,0.000101962,9.32227e-05,0.000125268,0.0001544,0.00116237,0.000352498,0.000439895,0.000833178,0.00210916,0.0231542,0.950493,0.0176453,0.00156439,0.000603034,
0.000780512,0.00048782,0.000309349,0.000171332,0.000157054,0.000147536,0.000235581,0.000240341,0.000290312,0.000414052,0.00154913,0.000492579,0.000442607,0.000637735,0.000861419,0.00222731,0.023432,0.946252,0.018956,0.00191559,
0.00223027,0.00104894,0.000529561,0.000351344,0.000229137,0.000218953,0.000198585,0.000173126,0.000162942,0.000147666,0.00109477,0.000280056,0.000366619,0.000371711,0.000636492,0.00115078,0.00280056,0.0260147,0.939503,0.0224911,
0.0275857,0.00343077,0.00116925,0.000678455,0.000476362,0.000404186,0.000495609,0.000471551,0.000846866,0.00107302,0.00208348,0.000798749,0.00074582,0.000707326,0.000582221,0.000832431,0.00148202,0.00357994,0.0306027,0.921954,


0.931309,0.0242759,0.00347231,0.00134061,0.000561608,0.000458948,0.000283823,0.000229474,0.000211358,0.000217397,0.0007005,0.000157009,0.000169086,0.000138892,0.000217397,0.000283823,0.000628034,0.00133457,0.00277181,0.0312387,
0.0269875,0.952563,0.0133608,0.00111506,0.000644286,0.000480725,0.000317165,0.000186317,0.000136537,0.00016356,0.00126582,9.6714e-05,9.81363e-05,0.000125159,0.000136537,0.000147916,0.000217607,0.000374056,0.000480725,0.00110226,
0.00181961,0.0246383,0.95186,0.014066,0.00146798,0.000840963,0.000554229,0.000399156,0.000273985,0.000248719,0.00139102,0.000167358,0.000125634,0.000130734,0.000152059,0.000153914,0.000210241,0.000292529,0.000451079,0.00075682,
0.00105352,0.00220362,0.0284539,0.935011,0.0250168,0.00316057,0.00125984,0.000645283,0.000395071,0.000329226,0.000741856,0.000153639,0.000127301,0.000100963,0.000114132,0.000171198,0.000166808,0.000175587,0.00027655,0.000443358,
0.000364931,0.000686929,0.00198923,0.0276703,0.934996,0.0273984,0.00306971,0.00115919,0.000672618,0.000332731,0.000543819,0.000150266,0.000118066,0.000118066,6.79773e-05,7.15551e-05,8.58661e-05,0.000107333,0.000203932,0.000193199,
0.000150668,0.000324263,0.000746787,0.00200781,0.034136,0.931757,0.0244311,0.00290199,0.0013167,0.000583018,0.000553539,0.000222726,0.000140841,0.000108088,0.000114638,9.82614e-05,9.4986e-05,9.4986e-05,0.000117914,9.82614e-05,
0.000144863,0.000142277,0.000297487,0.00061567,0.00185218,0.0267273,0.935554,0.0289494,0.00303955,0.00108389,0.00062343,0.000256098,0.000131929,0.000137103,5.69106e-05,8.27791e-05,6.46712e-05,4.91501e-05,8.5366e-05,0.000106061,
6.34864e-05,6.69181e-05,0.000138984,0.00027282,0.000504459,0.00157,0.030875,0.927811,0.0339429,0.00279512,0.00105353,0.000312284,0.000154426,0.000118394,8.06449e-05,5.14755e-05,3.4317e-05,4.63279e-05,5.14755e-05,5.6623e-05,
4.25652e-05,4.02644e-05,4.4866e-05,8.9732e-05,0.000162208,0.000396892,0.00127005,0.0349127,0.930547,0.0290893,0.00228472,0.000569453,0.000218578,9.31832e-05,5.75205e-05,4.25652e-05,2.76098e-05,4.02644e-05,2.87603e-05,4.14148e-05,
3.75587e-05,4.64542e-05,2.96516e-05,6.42452e-05,8.89549e-05,0.000180875,0.000358785,0.00162392,0.0392647,0.922275,0.0334668,0.00174253,0.000363727,0.000169014,8.50013e-05,5.73265e-05,3.85471e-05,3.75587e-05,3.45936e-05,3.45936e-05,
7.41591e-05,5.93273e-05,7.09348e-05,7.09348e-05,8.25423e-05,0.000122524,0.000183141,0.000383693,0.00132648,0.034976,0.948715,0.0123491,0.000808657,0.000265038,0.000129617,8.89909e-05,8.31872e-05,8.57666e-05,6.25516e-05,6.25516e-05,
5.23423e-05,4.07107e-05,5.81581e-05,5.04037e-05,6.97898e-05,0.0001105,0.000182229,0.000379966,0.000998381,0.0037008,0.0528909,0.919494,0.0190933,0.00171373,0.000507914,0.000234571,0.000182229,0.000104685,8.336e-05,5.23423e-05,
7.20681e-05,8.59273e-05,6.09807e-05,7.20681e-05,8.86992e-05,0.000102558,0.000160767,0.000282729,0.000568229,0.00118912,0.00346481,0.0332677,0.931674,0.0255343,0.0020872,0.00062921,0.000291044,0.00018017,9.42429e-05,9.42429e-05,
0.000111814,8.13195e-05,0.000118591,0.000118591,6.09897e-05,0.000121979,0.000182969,0.000206687,0.000284618,0.000487917,0.00138582,0.00332055,0.0383252,0.924996,0.026727,0.00204315,0.000735264,0.000311725,0.000243959,0.000135533,
0.00017274,6.56411e-05,8.63698e-05,5.52767e-05,6.90958e-05,6.56411e-05,8.2915e-05,0.000176194,0.000221107,0.000300567,0.000697868,0.000974251,0.00258764,0.0323956,0.930493,0.0285124,0.00178613,0.000656411,0.000421485,0.000179649,
0.000139723,0.000160986,8.20115e-05,7.89741e-05,7.28991e-05,0.000121499,7.28991e-05,0.000115424,0.00017921,0.000258184,0.000716842,0.000410058,0.000923389,0.00244212,0.0334698,0.939035,0.0191542,0.00164327,0.000577118,0.000346271,
0.00038455,0.000285408,0.000198283,9.31331e-05,9.91417e-05,8.41202e-05,7.2103e-05,0.000102146,0.00012618,0.000201288,0.00114163,0.000366524,0.00051073,0.000814163,0.00201888,0.0236017,0.949119,0.0187077,0.00138197,0.000690987,
0.000940126,0.000502925,0.000342903,0.000282895,0.000208599,0.000245747,0.000245747,0.00030004,0.000365763,0.000660089,0.00174595,0.000640086,0.000600081,0.000651516,0.00114587,0.00239175,0.0233746,0.944481,0.0190197,0.00185453,
0.00217082,0.00100669,0.000486646,0.000271949,0.000181299,0.000257636,0.000143131,0.000133589,0.000190842,0.000176528,0.0010878,0.000205155,0.000300575,0.000438935,0.000677487,0.00106394,0.00285785,0.0246138,0.942872,0.0208637,
0.0138135,0.000896733,0.000462969,0.000297193,0.000257682,0.000183813,0.000141725,0.000169211,0.000164916,0.000239644,0.001638,0.000203569,0.000201851,0.000195838,0.000320385,0.000324679,0.000466404,0.000949128,0.0141682,0.964905,


0.915482,0.0194309,0.00254793,0.0012718,0.000839072,0.000648499,0.000508325,0.000488638,0.000523681,0.000624087,0.00129188,0.000401227,0.000361065,0.00035004,0.000420914,0.000567781,0.000833559,0.00135685,0.0036327,0.0484193,
0.0270464,0.941897,0.0187923,0.00200151,0.00094247,0.000493556,0.000466274,0.000416671,0.000431552,0.000582843,0.00172373,0.000342265,0.000280261,0.000314983,0.000215776,0.00027034,0.000381948,0.000510918,0.000860624,0.00202879,
0.00134633,0.0247541,0.951372,0.0160768,0.00170164,0.000684937,0.000434507,0.000267554,0.000241869,0.000130566,0.00110232,0.000102741,6.63533e-05,7.06342e-05,0.000107021,0.000115583,0.000186217,0.000278256,0.000327486,0.000633567,
0.000826548,0.00217946,0.0270664,0.936529,0.024928,0.00309236,0.00141048,0.000625051,0.00041533,0.000238506,0.000818324,0.000160375,0.000168599,0.000172712,0.000139814,0.000102805,0.00018916,0.000193272,0.00026318,0.000481125,
0.000379629,0.000859537,0.00194828,0.0271864,0.935506,0.0274765,0.0029475,0.00111382,0.000608839,0.000361722,0.000526467,0.000175489,0.000125349,0.000111024,7.87909e-05,0.000111024,6.08839e-05,0.000100279,0.000143256,0.00017907,
0.000206829,0.000354563,0.000633618,0.00208142,0.0332141,0.932551,0.0243139,0.00317466,0.00123112,0.000531845,0.000640184,0.000206829,0.000167433,9.84898e-05,0.000111622,8.53578e-05,5.90939e-05,0.000108339,0.000121471,0.000108339,
9.8427e-05,0.000170952,0.000339314,0.000608693,0.00186234,0.0258371,0.93558,0.0298001,0.0030072,0.00104643,0.000676038,0.000253838,0.000152821,0.000119148,5.43939e-05,7.77055e-05,5.18037e-05,8.02957e-05,0.000101017,8.28859e-05,
8.02026e-05,8.73317e-05,0.000115848,0.000269124,0.000500821,0.00148107,0.0298657,0.927618,0.0352909,0.00283026,0.000937479,0.000347545,0.000201398,9.44609e-05,5.88152e-05,3.02988e-05,4.4557e-05,5.7033e-05,4.09924e-05,4.81216e-05,
3.68656e-05,3.45615e-05,5.52985e-05,9.79243e-05,0.000171656,0.000366352,0.00130412,0.0340339,0.930492,0.029913,0.00235594,0.000564505,0.000194697,0.000117509,6.10587e-05,5.06903e-05,5.18423e-05,2.3041e-05,3.80177e-05,3.68656e-05,
2.17499e-05,3.55908e-05,4.64658e-05,6.82157e-05,8.30452e-05,0.000179931,0.000399408,0.00155215,0.0382413,0.922258,0.0344213,0.00184874,0.000374692,0.00018784,8.30452e-05,5.73408e-05,4.0534e-05,3.55908e-05,2.47158e-05,4.0534e-05,
5.48857e-05,5.61771e-05,5.55314e-05,6.97371e-05,8.39428e-05,0.000127206,0.000182737,0.000347394,0.00134567,0.0339749,0.949735,0.0124184,0.000767754,0.000286697,0.000123977,0.000105897,7.684e-05,7.81314e-05,5.35943e-05,5.55314e-05,
3.51264e-05,3.70779e-05,6.43984e-05,7.61072e-05,6.04955e-05,0.000111234,0.000175632,0.000384439,0.000973782,0.00360826,0.0525862,0.919682,0.0194054,0.00171534,0.00050543,0.000197098,0.000148311,9.56219e-05,8.19616e-05,5.65925e-05,
7.743e-05,7.46646e-05,8.29607e-05,6.08378e-05,8.01953e-05,0.000105084,0.000165921,0.000257178,0.000489468,0.00125271,0.00370558,0.0331262,0.931411,0.0258284,0.00185279,0.000699635,0.000362262,0.000165921,0.00011338,8.84914e-05,
0.000128686,9.48211e-05,0.000101594,7.45023e-05,8.46617e-05,0.000128686,0.000135459,0.000193029,0.000328487,0.000579086,0.00143248,0.00318667,0.0366585,0.925609,0.0277419,0.00210977,0.000690839,0.000379284,0.000203188,0.000138845,
0.000151976,6.56261e-05,6.21721e-05,6.21721e-05,7.25341e-05,8.63501e-05,0.000110528,0.000176154,0.000231418,0.000262504,0.000808237,0.00104656,0.00266649,0.0325885,0.929331,0.0289826,0.00198605,0.000708071,0.000335038,0.000265958,
0.000229552,0.000127184,7.75514e-05,8.37555e-05,9.92657e-05,8.68575e-05,9.61637e-05,0.00010547,0.000164409,0.000254368,0.000611105,0.000508737,0.000986453,0.00247234,0.0338589,0.93799,0.0194995,0.00169993,0.000642125,0.000406369,
0.00034041,0.000265127,0.000176751,9.4922e-05,0.000121107,0.000127654,9.81952e-05,9.81952e-05,0.000147293,0.000137473,0.00101468,0.000386234,0.000477883,0.00102123,0.00228467,0.0233574,0.947632,0.0197503,0.00171842,0.000749556,
0.000911714,0.000486451,0.000284528,0.000293706,0.000204983,0.00021722,0.000208042,0.000247815,0.000431381,0.000676137,0.00172247,0.000544581,0.000565997,0.000694493,0.000951486,0.00247509,0.0234476,0.941225,0.0222972,0.00211407,
0.00236446,0.00107522,0.000550349,0.000417858,0.000234408,0.000188546,0.000137587,0.000112108,0.00018345,0.000163066,0.00100388,0.000285366,0.000377091,0.000468816,0.000636978,0.00117204,0.00272117,0.0250817,0.941327,0.0214993,
0.0266338,0.00325427,0.00132939,0.000742275,0.000507431,0.000469688,0.000553561,0.000561949,0.000574529,0.00089744,0.00205069,0.000872278,0.000658402,0.000557755,0.000645821,0.000780018,0.00132939,0.00341782,0.0370089,0.917155,


0.931948,0.0252861,0.00290624,0.00139572,0.000743175,0.000477324,0.000265851,0.000211473,0.000211473,0.000193346,0.000731091,0.000181262,0.000193346,0.000187304,0.000271893,0.000404819,0.000573997,0.00119633,0.00268268,0.0299385,
0.0270392,0.943436,0.0181422,0.00179659,0.000888126,0.000571745,0.000413555,0.000415815,0.000429374,0.000596603,0.00168134,0.000368357,0.000237285,0.000239545,0.000257624,0.000207907,0.000302821,0.00048361,0.000666659,0.00182597,
0.00216041,0.0248763,0.942658,0.0215095,0.00267292,0.00121425,0.000642605,0.00036664,0.000307504,0.000236542,0.000871262,0.000193176,0.000137983,0.000126156,0.000122213,0.000197118,0.000197118,0.000256254,0.000402121,0.00085155,
0.00105389,0.00255784,0.0374563,0.925616,0.0253496,0.00293289,0.0011364,0.000723847,0.00044631,0.000266286,0.000536322,0.000153771,0.000131268,0.000135018,0.000127517,0.000153771,0.00015002,0.000240032,0.000333795,0.000498817,
0.00037567,0.000704828,0.00205366,0.0269623,0.934852,0.0282718,0.00306976,0.0012415,0.000568871,0.000296958,0.000579604,0.000139534,0.00011449,9.30229e-05,6.79783e-05,8.58673e-05,7.15561e-05,0.000135957,0.000103756,0.00021109,
0.000212138,0.000404694,0.000688633,0.00202021,0.0324767,0.932638,0.0251074,0.00302542,0.00121082,0.000616833,0.000593987,0.000189293,0.000146865,0.000153392,9.46463e-05,8.48553e-05,7.8328e-05,6.20096e-05,8.8119e-05,0.000107701,
9.5889e-05,0.000181412,0.000282484,0.00060125,0.00164048,0.0260766,0.934948,0.0304953,0.00298552,0.00108847,0.000707505,0.000235835,0.000173637,8.81142e-05,6.9973e-05,5.44235e-05,4.14655e-05,6.9973e-05,7.77478e-05,8.55226e-05,
3.98251e-05,7.78399e-05,0.000146629,0.000251622,0.000566602,0.00153689,0.0285691,0.927681,0.0362082,0.00293257,0.00105536,0.000327652,0.000179213,0.000124906,6.51683e-05,5.97376e-05,2.3533e-05,3.43944e-05,5.79274e-05,6.15478e-05,
2.99834e-05,3.80558e-05,4.49751e-05,0.000104942,0.000206424,0.000408235,0.00135502,0.0332562,0.930297,0.0307722,0.0023733,0.00058237,0.000217956,0.000107248,6.45796e-05,3.9209e-05,3.9209e-05,2.7677e-05,1.84513e-05,1.72981e-05,
3.55423e-05,3.06058e-05,4.34405e-05,6.51608e-05,9.18175e-05,0.000155991,0.000403799,0.0015688,0.0370192,0.922714,0.0351888,0.00184227,0.000395901,0.000177711,8.19446e-05,5.13388e-05,4.8377e-05,3.15931e-05,3.25804e-05,2.0733e-05,
6.07165e-05,5.49032e-05,6.58838e-05,7.16971e-05,7.75104e-05,0.00011239,0.000184733,0.000335232,0.00132349,0.0328411,0.950554,0.0126775,0.000869408,0.000272578,0.000140165,8.78451e-05,7.94481e-05,7.29889e-05,5.94246e-05,5.94246e-05,
5.27615e-05,6.44863e-05,5.66697e-05,5.66697e-05,7.6211e-05,0.000113339,0.000197367,0.000429908,0.000961431,0.00369135,0.0508113,0.920817,0.0198891,0.00161997,0.000541294,0.000224725,0.00015633,0.000107477,6.44863e-05,6.83945e-05,
7.20691e-05,6.92972e-05,6.92972e-05,8.03847e-05,7.76129e-05,0.000124735,0.000171857,0.00029382,0.000501712,0.00124181,0.00365889,0.0320375,0.931543,0.0267847,0.00189874,0.000648622,0.000313223,0.000169085,0.000124735,0.000119191,
0.000131414,7.41312e-05,0.000131414,8.424e-05,6.06528e-05,0.000121306,0.000131414,0.000192067,0.000374026,0.000643594,0.00167132,0.00368971,0.036577,0.924491,0.0280283,0.00213296,0.000744682,0.000370656,0.000229133,0.000121306,
0.000102878,7.29818e-05,5.62751e-05,2.90169e-05,5.80337e-05,7.21025e-05,7.73783e-05,7.29818e-05,0.000128378,0.00021367,0.00121783,0.000491528,0.00101559,0.0155627,0.963176,0.0163101,0.000641009,0.000335013,0.000227738,0.000138929,
0.000198323,0.000116476,0.000119624,7.24038e-05,8.18477e-05,8.81437e-05,0.000103884,0.00012592,0.000147956,0.000182583,0.000865697,0.000428127,0.000871993,0.00249321,0.0334852,0.938196,0.0198544,0.00166214,0.000617006,0.000289615,
0.000393214,0.000274259,0.000201564,0.000148694,0.000115651,9.2521e-05,7.93037e-05,8.92167e-05,0.000112347,0.000158607,0.00113669,0.000323824,0.000416344,0.00094834,0.00242207,0.0235069,0.947382,0.0198788,0.00158277,0.000736864,
0.000893161,0.000406732,0.000310545,0.000252833,0.000192373,0.000186877,0.000244589,0.000390243,0.000420473,0.000549638,0.00175609,0.000604602,0.000494674,0.000736515,0.00111302,0.00255307,0.0233376,0.943552,0.0200728,0.00193198,
0.00229767,0.0010001,0.000579547,0.000343625,0.000230793,0.000194892,0.000194892,0.000164119,0.000102575,0.000256437,0.000953944,0.000215407,0.000317981,0.000487229,0.000733409,0.00112832,0.00281054,0.0248795,0.940763,0.0223459,
0.0273037,0.00286751,0.00137572,0.000554586,0.000460005,0.000421313,0.000429912,0.000425612,0.00058468,0.000786738,0.00177553,0.000554586,0.000460005,0.000563184,0.000515894,0.000752345,0.00121235,0.00288041,0.0279614,0.928114,


0.931047,0.0259599,0.00312436,0.00143552,0.000753948,0.000446337,0.000307611,0.00026539,0.000241263,0.000241263,0.000621253,0.000241263,0.000193011,0.000180947,0.000283484,0.000349832,0.00060919,0.00120632,0.00280469,0.0296874,
0.0268492,0.940952,0.0193477,0.00214887,0.000976761,0.000703268,0.000434984,0.000356843,0.000479264,0.000604289,0.00168524,0.000484473,0.000304749,0.00029954,0.00025526,0.000263074,0.000354239,0.000549591,0.00081527,0.00213585,
0.00146842,0.0246375,0.950157,0.0165439,0.00183898,0.00092815,0.000502171,0.000296107,0.00021299,0.000169699,0.00110651,0.000129872,0.000121214,0.000124677,0.00012814,0.000157578,0.000185284,0.000289181,0.000393078,0.000609531,
0.000802562,0.00218847,0.0278667,0.935914,0.0253142,0.0028164,0.00122985,0.000672517,0.000468161,0.000300961,0.00082114,0.000115183,0.000126329,0.00010032,0.00010032,0.000130045,0.000126329,0.000178347,0.000319539,0.000408712,
0.000343317,0.000790344,0.00208494,0.0260063,0.935456,0.0287599,0.00284309,0.00110505,0.000697363,0.00032186,0.000475637,0.000196692,8.94055e-05,6.79481e-05,7.15244e-05,0.00010371,0.000110863,8.94055e-05,0.000125168,0.000261064,
0.000181837,0.000293491,0.000740107,0.00198425,0.0316524,0.933614,0.0251222,0.0030657,0.00122501,0.00053275,0.000631643,0.000213738,0.000121224,9.88937e-05,8.61332e-05,5.10419e-05,7.9753e-05,7.9753e-05,8.61332e-05,0.000140365,
0.000107735,0.00017477,0.00030884,0.000624862,0.00173573,0.0262682,0.934739,0.0302807,0.00304052,0.00106298,0.000651198,0.000289687,0.000153223,0.000100553,7.90056e-05,8.13997e-05,5.02763e-05,7.18233e-05,7.42174e-05,0.000105341,
8.92646e-05,0.000120473,0.00018243,0.00032608,0.000793055,0.00262837,0.0701,0.901892,0.0179589,0.00324841,0.00136513,0.000459862,0.00023911,0.000146633,8.81173e-05,7.52668e-05,6.53995e-05,6.63174e-05,7.41195e-05,8.05447e-05,
3.8464e-05,4.85379e-05,4.67063e-05,9.98232e-05,0.000168509,0.000413946,0.00145797,0.0344491,0.931189,0.0286887,0.00223091,0.000565055,0.000235363,0.000126382,6.50225e-05,4.02956e-05,4.57905e-05,2.93059e-05,2.93059e-05,3.20533e-05,
3.16142e-05,2.86504e-05,4.05057e-05,5.3349e-05,0.00010571,0.000165975,0.000372455,0.00152242,0.0359661,0.922489,0.0365194,0.00182473,0.00046631,0.00014918,8.39752e-05,5.03852e-05,3.5566e-05,3.35901e-05,2.37107e-05,3.75419e-05,
5.48231e-05,5.03083e-05,5.41781e-05,7.22375e-05,9.35218e-05,0.000116096,0.000165114,0.000355383,0.00131833,0.031958,0.951122,0.0130389,0.000841051,0.000261216,0.00013609,0.000103196,7.73973e-05,7.28825e-05,6.06279e-05,4.90183e-05,
4.8881e-05,4.69258e-05,6.84334e-05,6.25677e-05,5.27915e-05,0.000131001,0.000168151,0.000349988,0.000922874,0.00379512,0.049407,0.922009,0.0201507,0.0016424,0.000549423,0.000230718,0.000136867,9.38516e-05,6.25677e-05,7.03887e-05,
0.00010004,8.33667e-05,5.002e-05,6.11356e-05,5.83567e-05,0.000105598,0.000138944,0.000269552,0.000530768,0.00122271,0.00366258,0.0314459,0.931912,0.0270775,0.00192855,0.000591903,0.000358477,0.000191743,0.00012505,8.61456e-05,
0.000122409,9.18071e-05,8.16063e-05,6.12047e-05,8.16063e-05,9.18071e-05,9.18071e-05,0.000224417,0.000343426,0.000618848,0.00154712,0.00323705,0.0356347,0.925436,0.0287424,0.00217957,0.000734457,0.000360428,0.000173413,0.000146211,
0.000110413,7.24583e-05,9.6611e-05,8.97102e-05,6.90079e-05,7.24583e-05,8.62598e-05,0.000110413,0.000231176,0.000331238,0.000759087,0.00105237,0.00273271,0.0307292,0.929484,0.030743,0.00204263,0.000679728,0.000313986,0.000193222,
0.00022748,0.000112092,0.000121982,0.000105498,9.89045e-05,9.23108e-05,8.24204e-05,0.000131873,0.000158247,0.000237371,0.000708815,0.000540678,0.000919812,0.00273636,0.0340891,0.936065,0.0207436,0.00183633,0.000646176,0.000346166,
0.000472847,0.000252842,0.000144481,0.000111645,0.000128063,0.000131347,0.000121496,0.000141197,0.000124779,0.000154332,0.000935844,0.000413741,0.00052867,0.00096868,0.00232155,0.023511,0.947159,0.0200796,0.00161228,0.000686285,
0.00100397,0.000601106,0.000383684,0.000230211,0.000169461,0.000172658,0.000246198,0.000354908,0.000396474,0.00066825,0.00174576,0.000597908,0.000604303,0.000722606,0.00102955,0.00256109,0.0235454,0.940973,0.021934,0.00205911,
0.00221319,0.00114978,0.000658559,0.00043724,0.000269901,0.000188931,0.000248309,0.000134951,0.000178135,0.000221319,0.00095545,0.000280697,0.000421046,0.000415648,0.000604579,0.00121995,0.00280157,0.0249874,0.939013,0.0236002,
0.0274214,0.00279102,0.00119107,0.000813308,0.000399988,0.000399988,0.000453319,0.000484429,0.00060887,0.00103997,0.00207994,0.000697756,0.000573315,0.000524428,0.000573315,0.000755532,0.00125774,0.00314212,0.027688,0.927104,


0.931843,0.0258012,0.00326278,0.00119194,0.000746466,0.000445472,0.000258855,0.000222736,0.000180597,0.000240796,0.000626069,0.000168557,0.000192636,0.000222736,0.000282935,0.000379253,0.000722387,0.00113776,0.00282333,0.0292506,
0.0267298,0.935882,0.0221181,0.00239149,0.00118282,0.000730375,0.000552629,0.000555861,0.000584947,0.000937207,0.0020974,0.000500921,0.000397505,0.000297321,0.000274699,0.000303784,0.000429823,0.000643118,0.000975988,0.00241412,
0.00186904,0.0248622,0.942352,0.0219729,0.00267507,0.00107081,0.00061912,0.000397172,0.000280356,0.000260887,0.00101629,0.000147966,9.7346e-05,0.000155754,0.000163541,0.000147966,0.00018301,0.000350445,0.000482836,0.000895583,
0.000854449,0.00206621,0.0251053,0.938724,0.0254742,0.00292066,0.00104087,0.000691327,0.000306825,0.000318476,0.000796191,0.00015147,9.70964e-05,0.000132051,0.000124283,0.000128167,0.000124283,0.000213612,0.000326244,0.000403921,
0.000364552,0.00073248,0.00180251,0.0253397,0.937186,0.0282123,0.00263288,0.00111391,0.000590709,0.000337548,0.000570456,0.000151897,9.45135e-05,9.1138e-05,7.42606e-05,8.77625e-05,0.000111391,0.000111391,0.000118142,0.00027679,
0.000201245,0.000365901,0.000649473,0.00204904,0.0299429,0.935431,0.0249392,0.00298209,0.00113734,0.000570195,0.000713506,0.000268327,0.000134164,0.000115868,7.31801e-05,7.01309e-05,8.53768e-05,7.62293e-05,9.14751e-05,0.000103672,
0.000116437,0.000173361,0.000336373,0.000623583,0.00172844,0.0248993,0.935287,0.0314017,0.00281518,0.000993593,0.000649458,0.000243223,0.000194061,0.000137137,7.76245e-05,6.9862e-05,5.69246e-05,6.20996e-05,6.72746e-05,6.72746e-05,
7.1406e-05,8.21169e-05,0.000139242,0.000251706,0.000506983,0.00148703,0.0272325,0.927112,0.0382825,0.00295085,0.000917567,0.000340964,0.000194581,0.000112464,7.31911e-05,5.35545e-05,4.46288e-05,4.81991e-05,5.35545e-05,4.46288e-05,
3.78319e-05,5.29646e-05,4.97219e-05,9.94438e-05,0.000157813,0.000369671,0.00125169,0.0322879,0.931583,0.0307281,0.00226775,0.000568559,0.000206454,0.000103767,6.48546e-05,4.21555e-05,3.99937e-05,1.94564e-05,3.567e-05,3.35082e-05,
2.07346e-05,1.61269e-05,2.57811e-05,3.22539e-05,5.94612e-05,0.000114863,0.000301036,0.00130749,0.0706257,0.916174,0.0100764,0.000816988,0.000199776,8.73268e-05,4.30051e-05,2.79753e-05,2.21608e-05,1.7224e-05,1.4591e-05,1.70046e-05,
5.16803e-05,6.00783e-05,6.00783e-05,6.97683e-05,8.78564e-05,0.000120157,0.000163439,0.000372098,0.00131332,0.0310734,0.951622,0.0134227,0.000816548,0.000281011,0.000145997,9.49625e-05,6.97683e-05,5.94323e-05,6.46003e-05,5.10343e-05,
1.28394e-05,1.34814e-05,1.25826e-05,1.52789e-05,1.8232e-05,2.86961e-05,4.61577e-05,9.37918e-05,0.000299094,0.00128278,0.0712544,0.919359,0.0065366,0.000683762,0.000177441,7.51105e-05,3.55651e-05,2.29183e-05,1.91307e-05,1.34172e-05,
7.2005e-05,8.03133e-05,6.09273e-05,6.64662e-05,8.86215e-05,0.000132932,0.000171704,0.00023817,0.000540038,0.00117147,0.00359748,0.0313914,0.931681,0.0273536,0.00195798,0.000659123,0.000296328,0.000174474,0.000163396,0.000102469,
0.000127546,0.000104051,0.000127546,0.000100694,0.000100694,0.000157754,0.000177893,0.000204745,0.000359142,0.000792127,0.00154733,0.00366862,0.0343803,0.925631,0.0291711,0.0019199,0.000691433,0.00034236,0.000238309,0.000157754,
0.000144695,0.000113689,0.000117134,8.9573e-05,7.23474e-05,0.000106799,8.9573e-05,0.000117134,0.000217042,0.000330731,0.000850944,0.00110933,0.00273198,0.0305857,0.928931,0.0312472,0.00194305,0.000647682,0.000341066,0.000213597,
0.000136032,7.96013e-05,7.00716e-05,6.76424e-05,6.80162e-05,6.44659e-05,6.6895e-05,8.87573e-05,0.000109125,0.000171348,0.000707816,0.000343257,0.000588788,0.00169966,0.0340645,0.946765,0.0133783,0.000917844,0.000375957,0.000237309,
0.00037597,0.000193066,0.000125323,0.000125323,0.000138872,0.000145646,0.000118549,0.000108388,0.000145646,0.000243873,0.000985652,0.000386132,0.000474197,0.00087049,0.00259792,0.0234423,0.945759,0.0213084,0.00172743,0.000728231,
0.000601483,0.000355737,0.000308173,0.000211064,0.000202146,0.000194219,0.000222955,0.000329973,0.000375555,0.00048951,0.00172121,0.000602474,0.00056581,0.000677783,0.000828402,0.00197786,0.0234767,0.947082,0.0182248,0.00155177,
0.00215456,0.00114004,0.000622313,0.000413132,0.000261476,0.000198722,0.000177804,0.000183033,0.00010459,0.000209181,0.000962232,0.000193492,0.000319001,0.000397444,0.000679838,0.00116618,0.0027455,0.0251122,0.939955,0.0230047,
0.0276142,0.00312051,0.00123591,0.000747079,0.000488829,0.000418118,0.000491904,0.000553392,0.000676367,0.000989956,0.0020168,0.000888501,0.000676367,0.000642549,0.000608731,0.000756302,0.00115597,0.00333572,0.0353095,0.918273,


0.93208,0.0267513,0.00324551,0.00141689,0.000696332,0.000508625,0.000320918,0.000260368,0.000199817,0.000230092,0.000672112,0.000157432,0.000260368,0.000211927,0.000326974,0.000375414,0.000611562,0.0010778,0.00277927,0.027817,
0.0270998,0.935185,0.0231647,0.00245289,0.00118053,0.000836211,0.000606663,0.000527961,0.000505006,0.000855886,0.00139041,0.000465655,0.000393511,0.00031153,0.000301692,0.00031153,0.000436141,0.000429583,0.000878841,0.00266604,
0.00194681,0.0241352,0.944034,0.0213426,0.002564,0.00113532,0.000579092,0.00040765,0.000243828,0.000228589,0.0008153,0.000175251,0.000125724,6.47668e-05,9.90552e-05,0.000144773,0.00020573,0.000339073,0.000525754,0.000887687,
0.000874338,0.00212339,0.0250719,0.938876,0.0251438,0.00288039,0.00120742,0.000620742,0.000386071,0.000295231,0.000749432,0.000230886,0.000117335,9.08403e-05,0.000132475,0.000140045,0.000177896,0.000230886,0.000257381,0.000393641,
0.000367681,0.000728553,0.00202905,0.024764,0.937515,0.0282774,0.00262143,0.0011507,0.000520881,0.000320019,0.000561735,9.19202e-05,0.000139583,8.17069e-05,9.87291e-05,8.17069e-05,8.17069e-05,0.000132774,0.000190649,0.000245121,
0.000208268,0.000300151,0.000695248,0.00199999,0.0296721,0.935979,0.0250626,0.00279324,0.00106891,0.000578863,0.000640119,0.000183766,0.000119448,0.000113322,7.04437e-05,0.000128636,7.65692e-05,9.1883e-05,8.88203e-05,0.000128636,
0.000114034,0.000163276,0.000303227,0.000562395,0.00195931,0.0237735,0.935371,0.0318129,0.00309187,0.00104704,0.000730854,0.00032396,0.000165868,0.000121809,8.81171e-05,6.4792e-05,8.29338e-05,5.18336e-05,6.4792e-05,0.000106259,
4.53558e-05,0.000103411,0.00012881,0.000206822,0.00050617,0.00153847,0.0267399,0.926868,0.0391003,0.00279573,0.00106495,0.000313862,0.000166909,0.000116111,6.71265e-05,6.16838e-05,4.17273e-05,4.35415e-05,4.717e-05,4.35415e-05,
3.34044e-05,4.26195e-05,5.6442e-05,7.94795e-05,0.000155503,0.000378968,0.00128434,0.0304407,0.930989,0.0330589,0.00232679,0.000594369,0.00024535,9.79096e-05,5.52901e-05,3.57082e-05,3.8012e-05,2.87969e-05,2.18857e-05,3.68601e-05,
3.55974e-05,2.76869e-05,3.85638e-05,5.83402e-05,7.21836e-05,0.000160188,0.000387616,0.00156332,0.0342249,0.92268,0.0380467,0.00186392,0.000411348,0.000176998,7.11948e-05,5.83402e-05,4.25191e-05,3.65862e-05,1.68099e-05,2.6698e-05,
2.49251e-05,2.11094e-05,1.84892e-05,1.85246e-05,2.09141e-05,3.18426e-05,5.95394e-05,0.000171063,0.000960969,0.0594724,0.932081,0.00621804,0.00059304,0.000118533,4.88938e-05,2.93723e-05,2.66882e-05,2.82256e-05,2.88856e-05,2.76076e-05,
4.68687e-05,6.24916e-05,7.61616e-05,3.90572e-05,9.17845e-05,0.00010936,0.000197239,0.000357374,0.000956902,0.00374364,0.0465484,0.923477,0.0215479,0.00158377,0.000537037,0.000271448,0.000111313,9.17845e-05,7.81145e-05,7.22559e-05,
8.8825e-05,3.88609e-05,8.04976e-05,6.66187e-05,8.04976e-05,9.43765e-05,0.000163771,0.000224838,0.000516295,0.00111864,0.00355578,0.0305502,0.932329,0.0278244,0.00197913,0.000632878,0.000288681,0.000149892,0.000116583,9.99281e-05,
7.21556e-05,5.99447e-05,5.55043e-05,5.66144e-05,7.43758e-05,7.7706e-05,7.99262e-05,0.000147641,0.000228678,0.00039075,0.00140759,0.00141314,0.0179479,0.958513,0.0176493,0.000913601,0.000400741,0.000205366,0.000187605,0.000118779,
