0.931406,0.02383,0.00301125,0.00136655,0.000526061,0.000411174,0.000326521,0.000326521,0.000260007,0.00016326,0.000598621,0.000175354,0.000253961,0.000260007,0.000205587,0.000453501,0.000622808,0.00124562,0.00252147,0.0320353,
0.0268226,0.950084,0.0147564,0.00153612,0.000781502,0.000437795,0.000332186,0.000236179,0.000216977,0.000207376,0.00121162,0.000165133,0.000132491,0.000105608,0.000165133,0.000182414,0.000222738,0.000403232,0.00062405,0.00137675,
0.00177001,0.024254,0.94816,0.018132,0.00232537,0.000880133,0.00054237,0.000409213,0.000204607,0.000155891,0.000737233,0.000181873,0.000136404,0.000133157,0.000133157,0.000204607,0.000172129,0.000250075,0.00044169,0.000776206,
0.00135175,0.00315019,0.0403441,0.927542,0.018171,0.00268011,0.00134484,0.000865717,0.000612596,0.000391381,0.00103801,0.000224938,0.000163784,0.00016538,0.00016538,0.000186119,0.000226001,0.000305766,0.000403611,0.000666836,
0.000376376,0.000724077,0.00227977,0.0288842,0.935425,0.0255936,0.0029214,0.00109328,0.000620125,0.0003477,0.000483913,0.000154135,0.000139797,0.000111121,8.24444e-05,0.000111121,0.000129043,0.00011829,0.000186396,0.000218657,
0.00030595,0.000504331,0.00103815,0.00356517,0.0854458,0.887469,0.0153742,0.00272238,0.00117219,0.00059615,0.000588107,0.000220163,0.000148451,0.000118627,0.000102542,0.000102877,9.24887e-05,0.00011226,0.000146105,0.000174924,
0.000238611,0.000307037,0.000569334,0.00145799,0.00527577,0.0764026,0.886717,0.0201074,0.00429764,0.00194574,0.00106893,0.000436431,0.000232471,0.000171063,0.000126324,0.000108779,0.000109217,0.00011141,0.000135973,0.000180713,
6.9221e-05,6.73994e-05,0.000127512,0.00023863,0.000508228,0.00145182,0.0317706,0.928376,0.0325521,0.00298561,0.000923554,0.000366143,0.000183982,8.74371e-05,7.83291e-05,5.46482e-05,3.27889e-05,2.91457e-05,5.28266e-05,4.37186e-05,
4.48229e-05,4.36736e-05,6.55104e-05,8.50486e-05,0.000159753,0.000382719,0.00126998,0.037703,0.929466,0.0273741,0.00228252,0.000540173,0.000222965,0.000122976,5.51666e-05,5.40173e-05,3.67778e-05,2.87326e-05,3.56285e-05,2.6434e-05,
8.7367e-05,0.000109901,0.000127493,0.000188768,0.000355793,0.000663752,0.00189618,0.00850622,0.0707526,0.893888,0.0195643,0.00205629,0.000767525,0.000357374,0.000213674,0.000130655,9.94244e-05,8.24254e-05,7.90651e-05,7.33329e-05,
0.000112397,0.000116661,0.00012132,0.000125362,0.000153905,0.000230463,0.000407834,0.00122035,0.00688962,0.0594517,0.923712,0.00554086,0.000811699,0.000322328,0.000189572,0.000134877,0.000120506,0.000112151,0.000108724,0.000118042,
5.59689e-05,4.63191e-05,4.24592e-05,8.29884e-05,6.56187e-05,0.000113868,0.000179486,0.000395642,0.00100744,0.00353569,0.0566598,0.916797,0.0182073,0.00176399,0.000474771,0.000225806,0.000131237,9.07082e-05,6.17588e-05,6.17588e-05,
0.000271175,0.000210497,0.00016723,0.000145909,0.0001665,0.000227699,0.000385494,0.000859138,0.00227903,0.00807968,0.020888,0.0728745,0.873116,0.0159256,0.00200076,0.00086435,0.000486207,0.000383826,0.000347127,0.000321062,
0.000270672,0.0002269,0.000178602,0.00015935,0.000156108,0.000194408,0.000283101,0.000501692,0.00108242,0.00278548,0.00570688,0.00762603,0.0428741,0.919461,0.0151018,0.00138322,0.000753856,0.000507164,0.000404421,0.000342748,
0.000290976,0.000232797,0.000189084,0.000161401,0.000157022,0.000177667,0.000228965,0.000338443,0.000612841,0.00128464,0.00295551,0.00253206,0.00342008,0.0337322,0.935821,0.015055,0.00125164,0.000723022,0.000469268,0.000366829,
0.000385754,0.000287408,0.000224628,0.00018597,0.000179579,0.000190403,0.000255554,0.00034823,0.000536056,0.000906862,0.00229298,0.00137045,0.00176414,0.00258472,0.0340804,0.935534,0.0161339,0.00147168,0.000750684,0.000516469,
0.000606853,0.000427403,0.000327994,0.000281992,0.000259632,0.000302786,0.000387241,0.000471696,0.000698002,0.00110718,0.00265229,0.00124233,0.00126412,0.00163983,0.00292218,0.0235894,0.938614,0.0202123,0.00204103,0.000951652,
0.00080502,0.000522512,0.000368533,0.000292943,0.000230587,0.000225497,0.000255784,0.000308722,0.000373877,0.000488662,0.00184826,0.000588431,0.000680055,0.000817746,0.00135451,0.00275789,0.0235352,0.945684,0.0172391,0.00162302,
0.00199485,0.00109456,0.000601773,0.000364855,0.000251134,0.000217965,0.000241657,0.000227442,0.000293779,0.000246395,0.00107087,0.000199012,0.0004075,0.000398023,0.00058282,0.0011609,0.00240709,0.0245069,0.94349,0.0202423,
0.0275243,0.00313851,0.00129028,0.000707411,0.00047825,0.000538031,0.000518104,0.000503158,0.000582867,0.00103621,0.00189307,0.00081701,0.00073232,0.00073232,0.000612757,0.00081701,0.00124544,0.00362174,0.0306727,0.922539,


0.931188,0.0241568,0.00301657,0.00132657,0.000805631,0.000387672,0.000357385,0.000284697,0.000218066,0.000224123,0.000696598,0.00023018,0.000212008,0.000242295,0.000242295,0.000520934,0.00062391,0.00120542,0.00268947,0.0313711,
0.0270314,0.946167,0.015,0.00154029,0.000920989,0.000629496,0.00052526,0.0004147,0.000413068,0.000503025,0.00162861,0.000281294,0.000247025,0.00021296,0.000218467,0.00025498,0.000355137,0.000528728,0.000888556,0.00223873,
0.00219648,0.0245648,0.945892,0.0186767,0.00242473,0.00111478,0.000535888,0.000443265,0.000317563,0.000211709,0.000979153,0.000122394,0.000155474,0.000115778,0.000205093,0.000172013,0.000201785,0.000287792,0.000555736,0.000826988,
0.00105571,0.00219726,0.0284484,0.935245,0.024865,0.00315426,0.00118875,0.000669476,0.000390528,0.000317572,0.000720974,0.000184535,0.000115871,0.000107288,0.000120162,0.000102996,0.000158786,0.00019741,0.000266074,0.000493524,
0.000243818,0.00036625,0.000757614,0.0166549,0.963365,0.0143382,0.00116363,0.000559839,0.000321253,0.000231261,0.00122013,0.000121386,7.63892e-05,5.33678e-05,6.17392e-05,7.42964e-05,8.68535e-05,7.74357e-05,9.31321e-05,0.000133943,
0.000217021,0.000348549,0.000723403,0.00210773,0.0354632,0.930642,0.0238592,0.00310735,0.00126924,0.000621469,0.000595164,0.00020058,0.000144681,8.22049e-05,8.54931e-05,0.000108511,8.54931e-05,7.89167e-05,0.000111799,0.000147969,
0.000135011,0.00019992,0.000301177,0.000591969,0.00178629,0.0273812,0.935984,0.0277784,0.00304812,0.00110345,0.000659475,0.00030637,0.000215498,0.000103854,6.49089e-05,6.23126e-05,6.23126e-05,5.45235e-05,7.01016e-05,9.08725e-05,
6.00486e-05,6.18682e-05,0.000129195,0.00026385,0.000507683,0.00152305,0.0313781,0.928701,0.0327101,0.00287141,0.000906188,0.000340275,0.000172867,9.09827e-05,7.64255e-05,6.18682e-05,3.27538e-05,2.72948e-05,4.1852e-05,4.36717e-05,
3.12626e-05,5.09465e-05,7.4104e-05,7.4104e-05,0.000166734,0.000390204,0.00133735,0.0365229,0.929885,0.0280738,0.00227638,0.000574306,0.000203786,0.000104209,7.4104e-05,4.6315e-05,3.58941e-05,2.43154e-05,2.54733e-05,2.89469e-05,
3.67213e-05,1.38946e-05,4.26761e-05,6.84803e-05,8.73372e-05,0.000170705,0.000410882,0.0015552,0.040978,0.921554,0.0323882,0.0018182,0.000436686,0.00016475,8.63447e-05,5.55782e-05,4.76385e-05,2.9774e-05,2.9774e-05,2.48117e-05,
5.39367e-05,5.71859e-05,6.69334e-05,7.60312e-05,8.18797e-05,0.000115022,0.000167009,0.000348314,0.00133542,0.0369668,0.947323,0.0118355,0.000820747,0.000251488,0.000137116,0.000100725,7.79807e-05,6.82331e-05,5.00376e-05,6.62836e-05,
0.000206388,0.000165914,0.000133439,0.00012642,0.0001492,0.000245406,0.00053313,0.00134343,0.00502975,0.0320313,0.134737,0.801558,0.0185724,0.00289767,0.000862757,0.000382859,0.000257807,0.000251859,0.000265807,0.000249242,
5.29198e-05,4.73493e-05,6.6846e-05,8.07723e-05,6.6846e-05,0.000133692,0.0001699,0.000272955,0.000565406,0.00116702,0.00356512,0.0347488,0.931669,0.0240144,0.00196639,0.000718595,0.000261814,0.000186612,0.000144833,0.000100269,
0.000139231,0.000101877,6.79177e-05,0.000105272,7.81054e-05,0.000101877,0.00011546,0.00023092,0.000302234,0.000492403,0.00157569,0.00334834,0.0392768,0.924588,0.0259242,0.00202734,0.000740303,0.000329401,0.000220733,0.000234316,
0.000147111,8.89506e-05,8.21083e-05,9.5793e-05,8.55294e-05,8.21083e-05,9.92142e-05,0.000153953,0.00017448,0.000328433,0.000875822,0.000981878,0.00270273,0.0334728,0.93069,0.0267057,0.00192954,0.000687657,0.000413963,0.000201849,
0.000267511,0.000193518,9.39133e-05,7.68381e-05,8.25299e-05,8.25299e-05,7.9684e-05,0.000122372,0.000136601,0.000204902,0.000745615,0.000472412,0.000910674,0.00230514,0.0336864,0.940365,0.0178236,0.00151684,0.000520792,0.000313044,
0.000380652,0.000204529,0.000181804,0.000142034,7.95391e-05,0.000102265,8.23798e-05,0.000107946,0.000173282,0.000153397,0.0009147,0.000303953,0.000445987,0.000786869,0.00228675,0.0234356,0.950268,0.0178366,0.0014942,0.000619269,
0.000723614,0.000413875,0.000309739,0.000216283,0.000186911,0.000259006,0.000250995,0.000259006,0.000384503,0.000472619,0.00144189,0.000510001,0.000536703,0.000595446,0.000942567,0.00212812,0.0231557,0.946896,0.0184375,0.00187979,
0.00192147,0.000879863,0.000546663,0.000404504,0.000355025,0.000381035,0.000469081,0.000566694,0.000775523,0.00121351,0.00293049,0.00107449,0.000803477,0.000773132,0.000816781,0.00112786,0.0024052,0.025141,0.937367,0.0200467,
0.0219368,0.00268099,0.00134138,0.000864835,0.000663628,0.000551847,0.000525961,0.000500663,0.000563025,0.000705399,0.00167849,0.000593029,0.000580086,0.000574791,0.000730697,0.00103427,0.00186557,0.00393706,0.0375709,0.921101,


0.930659,0.0246314,0.00313769,0.00116341,0.000728602,0.000517072,0.000311418,0.000176275,0.00025266,0.000258536,0.000622837,0.000170399,0.000170399,0.000199778,0.000270288,0.00039368,0.000640464,0.00125743,0.0028909,0.0315473,
0.0268227,0.938023,0.0213873,0.00239325,0.00103834,0.000563489,0.000459022,0.000436862,0.000493844,0.000762926,0.0016873,0.000490679,0.000357721,0.000332395,0.000326064,0.000345058,0.00037988,0.000582483,0.000924375,0.00219381,
0.00186361,0.0244169,0.947482,0.018207,0.0023479,0.000986976,0.000588508,0.000401534,0.000251342,0.000153257,0.00118621,0.00011341,9.80846e-05,9.50195e-05,0.00011341,0.000165518,0.000190039,0.000260537,0.000364752,0.000714178,
0.000896401,0.00218067,0.0292408,0.934395,0.0250863,0.00320205,0.00132305,0.000547322,0.000430962,0.000323222,0.000732635,0.000137908,0.000150837,0.000129289,7.75732e-05,0.000120669,0.000137908,0.000168075,0.000271506,0.000448201,
0.000544409,0.00101129,0.00277575,0.0559607,0.915798,0.0168836,0.00238466,0.00119623,0.000649653,0.000448694,0.000731076,0.000220449,0.000171075,0.000117804,0.000125166,0.000136427,0.000135561,0.000152452,0.000241671,0.000315298,
0.000191144,0.000326263,0.00075469,0.00197735,0.0352628,0.931271,0.0238732,0.00306819,0.0011238,0.000609684,0.000540476,0.000184553,0.000151597,0.00011205,6.26162e-05,8.23897e-05,6.59118e-05,0.000102163,7.90941e-05,0.000161484,
0.000107226,0.000153527,0.000289996,0.000597051,0.00181309,0.028427,0.935784,0.0272402,0.00297307,0.00104789,0.000636042,0.000236384,0.000155964,0.000116973,5.84867e-05,7.06714e-05,5.84867e-05,7.55453e-05,7.79822e-05,8.04192e-05,
6.19158e-05,7.07609e-05,0.000152136,0.00021759,0.000521862,0.00157266,0.0308588,0.92784,0.0339918,0.00279682,0.000974731,0.000344959,0.000173364,0.00010791,6.19158e-05,6.54538e-05,5.83777e-05,3.71495e-05,3.71495e-05,5.48397e-05,
3.70717e-05,3.47547e-05,6.14e-05,8.68868e-05,0.000166823,0.000398521,0.00131257,0.035773,0.929974,0.0287051,0.00237606,0.000551442,0.000191151,0.000123959,4.98151e-05,4.28642e-05,3.82302e-05,2.08528e-05,1.85359e-05,3.70717e-05,
3.17793e-05,2.88e-05,4.07172e-05,6.65378e-05,8.7393e-05,0.000154924,0.000382344,0.00156116,0.0398869,0.92213,0.0330236,0.00174786,0.000439944,0.000147972,7.84551e-05,6.05792e-05,3.67448e-05,3.27724e-05,2.28413e-05,3.8731e-05,
4.42812e-05,5.53515e-05,5.40491e-05,6.96777e-05,8.726e-05,0.000115261,0.000178427,0.000386809,0.00134081,0.0362852,0.947811,0.0120282,0.000795108,0.000280013,0.000136751,9.50743e-05,6.57706e-05,6.83754e-05,5.53515e-05,4.75372e-05,
5.3538e-05,4.58897e-05,3.63294e-05,6.11863e-05,8.79553e-05,0.000126197,0.00015679,0.000336525,0.000956036,0.00374384,0.0540504,0.918446,0.01905,0.00172851,0.000508611,0.000227537,0.000147229,9.75156e-05,8.22191e-05,5.73621e-05,
6.94608e-05,5.83471e-05,6.66824e-05,8.3353e-05,7.22393e-05,0.000144479,0.000136143,0.000272287,0.000522346,0.00116972,0.00372866,0.0340108,0.9312,0.0251476,0.00196157,0.000644597,0.00031952,0.00017782,0.000122251,9.16883e-05,
0.000124858,0.000118109,0.000114734,8.77379e-05,9.78616e-05,9.11125e-05,0.000138356,0.000256465,0.000381323,0.000793016,0.0016704,0.00340153,0.0376598,0.925699,0.0257511,0.00208546,0.000712027,0.000374574,0.000276712,0.000165352,
0.000110331,9.99876e-05,9.65397e-05,7.93005e-05,8.27483e-05,9.65397e-05,0.000117227,0.000134466,0.000248245,0.000330993,0.000820588,0.00111021,0.00281689,0.0336648,0.929595,0.0275931,0.00181357,0.00062406,0.000348233,0.000217214,
0.000178423,0.00014727,0.000116116,8.49632e-05,0.000121781,8.77953e-05,7.64669e-05,9.62916e-05,0.000169926,0.000235065,0.00103655,0.0005381,0.000843968,0.00236764,0.0337984,0.939331,0.0183181,0.00152934,0.000625896,0.000297371,
0.000364795,0.000300591,0.000166347,0.000105061,0.000102143,0.000128408,0.000102143,9.33876e-05,0.00012549,0.000154673,0.00115859,0.000350203,0.000440673,0.000834651,0.00211289,0.0230609,0.950569,0.0176619,0.00156716,0.000601183,
0.000782113,0.00048882,0.000307599,0.000171683,0.000157376,0.000147838,0.000236064,0.000236064,0.000290908,0.000414901,0.00153323,0.000493589,0.000443515,0.000639043,0.000863185,0.0022295,0.0233179,0.946349,0.0189782,0.00191951,
0.00224681,0.001054,0.000529568,0.000354759,0.000231365,0.000221082,0.000200516,0.000174809,0.000164526,0.00014396,0.00105914,0.000282779,0.000365042,0.000375325,0.000637539,0.00115682,0.00282265,0.025008,0.940344,0.0226275,
0.0276478,0.0034433,0.00117352,0.000680932,0.000478102,0.000405662,0.000497419,0.000468443,0.000849958,0.00107694,0.00208143,0.000801665,0.000748543,0.00070025,0.000584346,0.00083547,0.0014826,0.00359301,0.0302894,0.922161,


0.931494,0.0243497,0.003482,0.0013467,0.00055809,0.000461031,0.000285111,0.000230515,0.000206251,0.000218383,0.000679414,0.000157721,0.000157721,0.000139522,0.000218383,0.000285111,0.000630884,0.00134063,0.00277832,0.0309801,
0.0269189,0.952629,0.0133682,0.0011158,0.00064554,0.000480236,0.000317782,0.000186679,0.000136803,0.000161029,0.0012583,9.69023e-05,9.83273e-05,0.000125403,0.000136803,0.000148203,0.00021518,0.000374784,0.000481661,0.0011044,
0.00182015,0.0246266,0.951869,0.0140689,0.0014686,0.000840622,0.000554463,0.000399324,0.000274101,0.000248592,0.00138906,0.000167429,0.000125687,0.000130789,0.000151892,0.000153979,0.000210329,0.000292652,0.000451037,0.000756907,
0.00105293,0.00219397,0.0282132,0.935199,0.0250852,0.0031676,0.0012644,0.000643211,0.0003965,0.000330417,0.000726917,0.000154195,0.000127761,0.000101328,0.000114545,0.000171817,0.000163006,0.000171817,0.00027755,0.000444961,
0.000362761,0.000686014,0.00199339,0.0274477,0.935141,0.0274765,0.00307808,0.00115653,0.000675239,0.000330436,0.000538754,0.000150851,0.000114934,0.000118526,6.82422e-05,7.18339e-05,8.62007e-05,0.000107751,0.000201135,0.000193952,
0.000151257,0.000325532,0.000749709,0.00201566,0.0339934,0.931823,0.0245069,0.00291005,0.00131528,0.000582011,0.000535976,0.000223597,0.000141392,0.000108511,0.000115087,9.86459e-05,9.53577e-05,9.53577e-05,0.000115087,9.86459e-05,
0.000145393,0.000142796,0.000298574,0.000615322,0.00185895,0.0264796,0.935695,0.0290448,0.00304286,0.00108525,0.000620515,0.000257033,0.000132411,0.000135007,5.71185e-05,8.30815e-05,6.49074e-05,4.93296e-05,8.56778e-05,0.000106448,
6.37226e-05,6.7167e-05,0.000137779,0.000273835,0.000504614,0.00157584,0.0307315,0.927832,0.0340537,0.00280207,0.00105056,0.000313446,0.000153279,0.000118834,8.09449e-05,5.16669e-05,3.44446e-05,4.65003e-05,5.16669e-05,5.68336e-05,
4.27758e-05,4.04636e-05,4.39319e-05,8.90198e-05,0.000161854,0.000397699,0.00127171,0.0348252,0.930545,0.0291788,0.00228561,0.000568802,0.000219659,9.1332e-05,5.78051e-05,4.16197e-05,2.77464e-05,4.04636e-05,2.89025e-05,4.16197e-05,
3.77317e-05,4.66681e-05,2.97882e-05,6.4541e-05,8.93645e-05,0.000180715,0.000360437,0.00162743,0.0388061,0.922603,0.0335872,0.00174757,0.000364409,0.0001688,8.43998e-05,5.65975e-05,3.77317e-05,3.77317e-05,3.47529e-05,3.47529e-05,
7.40676e-05,5.7175e-05,6.95196e-05,7.14687e-05,7.86156e-05,0.000121497,0.000178022,0.000379434,0.00133452,0.035095,0.948532,0.0124239,0.000813444,0.000263785,0.000128644,8.83613e-05,8.25139e-05,8.51127e-05,6.04236e-05,6.23727e-05,
5.25056e-05,4.08377e-05,5.83395e-05,5.05609e-05,7.00074e-05,0.000110845,0.000182797,0.000381152,0.000997606,0.00370845,0.0527642,0.919567,0.0191295,0.00171907,0.000507554,0.000235303,0.000182797,0.000105011,8.362e-05,5.25056e-05,
7.22754e-05,8.61745e-05,6.11561e-05,7.22754e-05,8.89544e-05,0.000102853,0.00016123,0.000283542,0.000564304,0.00119254,0.00346644,0.0331744,0.931722,0.0255716,0.00209321,0.00062824,0.000291882,0.000180689,9.17342e-05,9.4514e-05,
0.000112086,7.81208e-05,0.000118879,0.000118879,6.1138e-05,0.000122276,0.000183414,0.00020719,0.000281914,0.000489104,0.00138579,0.00332523,0.0382044,0.925055,0.0267784,0.00204812,0.000737052,0.000312483,0.000244552,0.000135862,
0.000173094,6.57758e-05,8.30852e-05,5.19283e-05,6.92377e-05,6.57758e-05,8.30852e-05,0.000176556,0.000221561,0.00029426,0.000692377,0.000969328,0.00259295,0.0323236,0.93053,0.0285571,0.00178979,0.000657758,0.00042235,0.000180018,
0.000139906,0.000161196,8.21188e-05,7.90773e-05,7.29945e-05,0.000121657,7.29945e-05,0.000115575,0.000179445,0.000258522,0.000717779,0.000410594,0.000924597,0.00244532,0.0334071,0.939086,0.019155,0.00164542,0.000577873,0.000346724,
0.000385247,0.000285926,0.000198643,9.33021e-05,9.93216e-05,8.42729e-05,7.22339e-05,0.000102331,0.000126409,0.000195633,0.00113768,0.000367189,0.000511657,0.000815641,0.00201954,0.0235392,0.949171,0.0187176,0.00138448,0.000692241,
0.000939438,0.00049836,0.000343697,0.00028355,0.000206218,0.000246316,0.000246316,0.000300735,0.000363746,0.000658752,0.0017414,0.000641567,0.000601469,0.000653024,0.00114852,0.00239728,0.0232654,0.944565,0.0190408,0.00185883,
0.00217885,0.00100562,0.000488445,0.000272955,0.00018197,0.000258588,0.00014366,0.000134083,0.000191547,0.000177181,0.00107745,0.000205913,0.000301687,0.000440558,0.000679992,0.00106787,0.00286842,0.0244127,0.94301,0.0209026,
0.0138293,0.000897571,0.000463845,0.000297756,0.00025817,0.000183301,0.000141993,0.000169532,0.000165229,0.000240098,0.00163249,0.000203094,0.000202233,0.000196209,0.000320991,0.000324434,0.000467288,0.000950926,0.0140057,0.96505,


0.915494,0.0194361,0.00254835,0.0012726,0.0008396,0.000648513,0.000508251,0.000488946,0.000524011,0.000624479,0.00128915,0.000401479,0.000360898,0.00035026,0.000420785,0.00056735,0.00083369,0.0013577,0.00363459,0.0483989,
0.0269197,0.941999,0.0188092,0.00200088,0.000943199,0.000495242,0.000465378,0.000418093,0.000430537,0.000582344,0.00171717,0.000343434,0.000281218,0.000316059,0.000216513,0.000271263,0.000383252,0.000512662,0.000861073,0.00203323,
0.00134999,0.0245058,0.951598,0.016099,0.00170411,0.000686797,0.000435687,0.000266134,0.000240379,0.000130921,0.00109458,0.00010302,6.65335e-05,7.08259e-05,0.000107312,0.000115897,0.00018243,0.000279011,0.000328375,0.000635287,
0.000829413,0.00218701,0.0268507,0.936655,0.0249897,0.00309895,0.00141537,0.000627218,0.00041677,0.000239333,0.000812907,0.000160931,0.000169184,0.00017331,0.000140299,0.000103161,0.000189816,0.000193942,0.000264092,0.000482793,
0.000377428,0.000862692,0.00195543,0.0270454,0.935553,0.027563,0.00295831,0.00111431,0.000611073,0.000359455,0.000514021,0.000176133,0.000122215,0.000111431,7.90801e-05,0.000111431,6.11073e-05,0.000100647,0.000143782,0.000179727,
0.000207716,0.000352788,0.000636338,0.00209035,0.0330632,0.932594,0.0243886,0.00318828,0.00123311,0.000534128,0.000639635,0.000207716,0.000168151,9.89126e-05,0.000112101,8.57243e-05,5.93476e-05,0.000108804,0.000121992,0.000108804,
9.87849e-05,0.000171574,0.000340548,0.000608307,0.00186652,0.0256451,0.935691,0.0298824,0.00301034,0.00104764,0.000660299,0.000252162,0.000153377,0.000122181,5.45917e-05,7.79881e-05,5.19921e-05,8.05877e-05,0.000101385,8.31873e-05,
8.05262e-05,8.76841e-05,0.000114526,0.00027021,0.000502842,0.00148526,0.0297303,0.92763,0.0353975,0.00283631,0.000941262,0.000345368,0.00020221,9.4842e-05,5.90526e-05,3.0421e-05,4.47368e-05,5.72631e-05,4.11579e-05,4.83157e-05,
3.70599e-05,3.47436e-05,5.44317e-05,9.72821e-05,0.000170244,0.000367124,0.00130983,0.0339619,0.930463,0.0300057,0.00235909,0.000566321,0.000194564,0.00011697,6.13804e-05,5.09573e-05,5.21154e-05,2.20043e-05,3.8218e-05,3.70599e-05,
2.18497e-05,3.57541e-05,4.56858e-05,6.85287e-05,8.34263e-05,0.000180757,0.000399254,0.0015553,0.0378696,0.922484,0.0345564,0.00185524,0.000374425,0.000188702,8.24331e-05,5.76039e-05,3.97268e-05,3.57541e-05,2.48292e-05,4.072e-05,
5.27017e-05,5.4003e-05,5.53042e-05,6.8317e-05,8.32817e-05,0.000126224,0.000178925,0.000347441,0.00134942,0.0341051,0.949545,0.0124936,0.000767753,0.00028563,0.00012232,0.000106054,7.61246e-05,7.61246e-05,5.2051e-05,5.46536e-05,
3.52395e-05,3.71972e-05,6.46057e-05,7.63522e-05,6.06902e-05,0.000111592,0.000172282,0.000385676,0.000973001,0.00361792,0.0524441,0.919773,0.0194404,0.00172086,0.000507057,0.000195775,0.000148789,9.59296e-05,8.22254e-05,5.67747e-05,
7.76634e-05,7.48897e-05,8.32108e-05,5.82476e-05,8.04371e-05,0.0001054,0.000166422,0.000257954,0.000490944,0.00125371,0.00370566,0.0330292,0.931454,0.0258702,0.00185838,0.000701745,0.000363354,0.000166422,0.000113721,8.87582e-05,
0.000128998,9.50509e-05,9.84456e-05,7.46829e-05,8.48669e-05,0.000128998,0.000135787,0.000186707,0.000329283,0.000580489,0.00143255,0.00319439,0.0365742,0.925646,0.0277854,0.00211488,0.000692514,0.000376809,0.000200286,0.000139182,
0.000152285,6.57594e-05,6.22984e-05,6.22984e-05,7.26815e-05,8.30645e-05,0.000110753,0.000176512,0.000231888,0.000263038,0.000806418,0.00104869,0.00267191,0.0325578,0.929322,0.0290137,0.00198663,0.000709509,0.000335719,0.000266499,
0.000226788,0.000124268,7.76672e-05,8.38806e-05,9.94141e-05,8.69873e-05,9.32007e-05,0.000105627,0.000164655,0.000254749,0.000608911,0.00050639,0.000984821,0.00247603,0.0338256,0.938009,0.0195224,0.00170247,0.000639978,0.000406976,
0.000341053,0.000265628,0.000177085,9.51013e-05,0.000121336,0.000127895,9.83807e-05,9.83807e-05,0.000147571,0.000137733,0.0010166,0.000386964,0.000478786,0.00101988,0.00228571,0.0232998,0.947655,0.0197745,0.00172166,0.000750972,
0.000910965,0.000487688,0.000282184,0.000294453,0.000205504,0.000217773,0.000208571,0.000248445,0.000432478,0.000677856,0.00172071,0.000545965,0.000567436,0.000696259,0.000953906,0.00248138,0.0233906,0.941238,0.0223202,0.00211945,
0.00237381,0.00107436,0.000552526,0.00041951,0.000230219,0.000189291,0.000138131,0.000112552,0.000184175,0.000163711,0.0009925,0.000286495,0.000373466,0.000465554,0.000639497,0.00117668,0.00273193,0.0248739,0.941499,0.0215229,
0.0266939,0.00325997,0.00133343,0.000744536,0.00050477,0.000471119,0.000555247,0.00056366,0.000576279,0.000900173,0.0020317,0.000874935,0.000660408,0.000559454,0.000647788,0.000778187,0.00133343,0.00342823,0.0368314,0.917251,


0.931928,0.025351,0.0029132,0.00139591,0.000746509,0.000479465,0.000267044,0.000212421,0.000212421,0.000194214,0.000710094,0.000182075,0.000194214,0.000188144,0.000273113,0.000406635,0.000576572,0.0012017,0.00268865,0.0298786,
0.0269551,0.94348,0.0181703,0.00180003,0.000890946,0.000573561,0.000412601,0.000414868,0.00042847,0.000598498,0.00167761,0.000369527,0.000238039,0.000240306,0.000256175,0.000208568,0.000301516,0.000485146,0.000666509,0.00183177,
0.0021677,0.0244827,0.942982,0.0215859,0.00268288,0.00121661,0.000634063,0.000368549,0.000305143,0.000237773,0.000852022,0.000194182,0.000138701,0.000126813,0.00012285,0.000198145,0.000198145,0.000257588,0.000404215,0.000844096,
0.00105704,0.00256172,0.0372935,0.925718,0.0253953,0.00294165,0.0011398,0.000722247,0.000447643,0.000263319,0.0005304,0.00015423,0.00013166,0.000135421,0.000127898,0.00015423,0.000150468,0.000240749,0.000334792,0.000500307,
0.000377014,0.000707351,0.00205742,0.0268219,0.934902,0.0283587,0.00308075,0.00124594,0.000567317,0.00029443,0.000563726,0.000136443,0.0001149,9.33559e-05,6.82216e-05,8.61747e-05,7.18123e-05,0.000136443,0.000104128,0.000211846,
0.000212992,0.000403046,0.000691404,0.00202506,0.0323846,0.932645,0.0251756,0.00303759,0.00121569,0.000616038,0.000586547,0.000190054,0.000144179,0.000154009,9.50271e-05,8.51967e-05,7.86431e-05,6.22592e-05,8.84735e-05,0.000108134,
9.62349e-05,0.000182066,0.000280902,0.000603419,0.0016438,0.0259002,0.935054,0.0305715,0.00299108,0.0010924,0.00068925,0.000234085,0.000174263,8.8432e-05,7.02254e-05,5.46198e-05,3.90141e-05,7.02254e-05,7.80283e-05,8.58311e-05,
3.99852e-05,7.81528e-05,0.000147218,0.000252634,0.00056888,0.00153943,0.0284549,0.927678,0.0363156,0.00294254,0.0010487,0.000327151,0.000179933,0.000125408,6.54303e-05,5.99778e-05,2.36276e-05,3.27151e-05,5.81602e-05,6.17953e-05,
3.01391e-05,3.70943e-05,4.52087e-05,0.000105487,0.000206337,0.000410356,0.0013609,0.0332156,0.930257,0.0308416,0.0023752,0.000581917,0.000219088,0.000106646,6.4915e-05,3.94127e-05,3.94127e-05,2.78207e-05,1.85472e-05,1.7388e-05,
3.57074e-05,3.07481e-05,4.36424e-05,6.34798e-05,9.22442e-05,0.000155724,0.000403692,0.0015741,0.0367142,0.922879,0.0353196,0.00184786,0.000396749,0.000177545,8.13336e-05,5.15774e-05,4.76099e-05,3.17399e-05,3.27318e-05,2.08293e-05,
5.79168e-05,5.14093e-05,6.50751e-05,6.89796e-05,7.61379e-05,0.00011258,0.000184813,0.000335788,0.00133209,0.0329807,0.950352,0.0127443,0.000871356,0.000272014,0.00013861,8.85021e-05,7.87409e-05,7.28841e-05,5.79168e-05,5.85676e-05,
5.29311e-05,6.46936e-05,5.48915e-05,5.68519e-05,7.6456e-05,0.000111743,0.000198002,0.000431291,0.000960602,0.00369538,0.0506943,0.920892,0.0199217,0.00162322,0.000543034,0.000225447,0.000156833,0.000107823,6.46936e-05,6.86144e-05,
7.22817e-05,6.95016e-05,6.95016e-05,8.06218e-05,7.78418e-05,0.000125103,0.000172364,0.000289127,0.000503191,0.00124269,0.00366134,0.0319402,0.931608,0.0268165,0.00190156,0.000644975,0.000314147,0.000166804,0.000125103,0.000119543,
0.000131714,7.43e-05,0.000128336,8.44318e-05,6.07909e-05,0.000121582,0.000131714,0.000189127,0.000374877,0.000645059,0.00166837,0.00369811,0.0365049,0.924528,0.028055,0.00213444,0.000746377,0.0003715,0.000229654,0.000121582,
0.000103031,7.30902e-05,5.45975e-05,2.906e-05,5.81199e-05,7.22096e-05,7.66126e-05,7.1329e-05,0.000127688,0.000211345,0.00121612,0.000492258,0.00101534,0.0155127,0.96324,0.0163026,0.000641961,0.00033463,0.000228077,0.000139136,
0.000198623,0.000116652,0.000119804,7.25131e-05,8.19713e-05,8.82768e-05,0.000104041,0.00012611,0.000148179,0.000182859,0.000867005,0.000428773,0.000867005,0.00249697,0.0334412,0.938231,0.0198623,0.0016615,0.000614785,0.000290052,
0.000393952,0.000274773,0.000198631,0.000145663,0.000115868,9.26947e-05,7.94526e-05,8.93841e-05,0.000112558,0.000158905,0.00112889,0.000321121,0.000417126,0.00095012,0.00242661,0.0234484,0.947429,0.0198929,0.00158574,0.000738247,
0.000895193,0.000404903,0.000311252,0.000253409,0.000192811,0.000187302,0.000245145,0.000391131,0.00042143,0.000548134,0.00174632,0.000605977,0.000495799,0.00073819,0.00111555,0.00255612,0.0232833,0.9436,0.0200716,0.00193637,
0.00230638,0.00100389,0.000576594,0.000344927,0.000221371,0.000190482,0.00019563,0.000164741,0.000102963,0.000257408,0.000936966,0.000216223,0.000319186,0.000483927,0.000736188,0.0011326,0.00282119,0.0247781,0.940827,0.0223842,
0.0273496,0.00287255,0.0013802,0.000556394,0.000461505,0.000422687,0.000431313,0.000422687,0.000586586,0.000789303,0.0017727,0.000556394,0.000461505,0.00056502,0.00050895,0.000754798,0.0012163,0.00288549,0.0277291,0.928277,


0.930979,0.0260213,0.00312765,0.00143654,0.000757668,0.000448539,0.000309128,0.000266699,0.000242454,0.000230331,0.000581889,0.000242454,0.000193963,0.00018184,0.000284883,0.000345496,0.000606134,0.00121227,0.00281852,0.0297127,
0.026767,0.941006,0.0193543,0.00215454,0.000975296,0.000703364,0.000436661,0.000358219,0.000481111,0.000606618,0.00168127,0.000486341,0.000305924,0.000300694,0.000256244,0.000264088,0.000355604,0.000549094,0.000818412,0.00213885,
0.00146988,0.0244846,0.95029,0.0165643,0.00184125,0.000928434,0.000499793,0.000296752,0.000213453,0.000170068,0.00110197,0.000130154,0.000121477,0.000124948,0.000126684,0.000156185,0.000185687,0.00028981,0.000393934,0.000610858,
0.000805237,0.00219576,0.027721,0.93601,0.0253612,0.00282579,0.00123395,0.000671031,0.000458538,0.000298236,0.000808965,0.000115566,0.00012675,0.000100655,0.000100655,0.000130478,0.00012675,0.000178942,0.000320604,0.000410074,
0.000344594,0.000789694,0.0020891,0.0258697,0.935529,0.0288382,0.00285008,0.00110198,0.000696366,0.000315878,0.000466637,0.000190244,8.61484e-05,6.82008e-05,7.17903e-05,0.000104096,0.000111275,8.97379e-05,0.000125633,0.000262035,
0.000182555,0.00029465,0.000736625,0.00198568,0.03155,0.933646,0.0251862,0.00307461,0.00122984,0.000531651,0.00062453,0.000214582,0.0001185,9.92842e-05,8.64733e-05,5.12435e-05,8.00679e-05,8.00679e-05,8.64733e-05,0.000140919,
0.00010811,0.000175378,0.000307513,0.000627038,0.00173697,0.0260857,0.934831,0.0303549,0.0030511,0.00106428,0.000651062,0.000290696,0.000153756,0.000100903,7.68782e-05,8.16831e-05,5.04513e-05,7.20733e-05,7.44757e-05,0.000105707,
8.9308e-05,0.000120531,0.000182519,0.000326238,0.000793211,0.00262919,0.0701109,0.901877,0.0179619,0.00324907,0.00136487,0.000459626,0.000238997,0.000146704,8.81601e-05,7.53034e-05,6.54313e-05,6.63497e-05,7.41555e-05,8.05838e-05,
3.86203e-05,4.87351e-05,4.6896e-05,0.000100229,0.000169194,0.000415628,0.00146297,0.0344438,0.931154,0.0287188,0.0022317,0.00056735,0.0002354,0.000125056,6.52866e-05,4.04593e-05,4.59765e-05,2.9425e-05,2.85054e-05,3.21836e-05,
3.07728e-05,2.77948e-05,4.06995e-05,5.36042e-05,0.00010423,0.000166769,0.000372251,0.00152474,0.0356974,0.922603,0.0366682,0.00183148,0.000466555,0.000148901,8.23916e-05,5.06262e-05,3.47435e-05,3.37508e-05,2.38241e-05,3.77215e-05,
5.2627e-05,4.93785e-05,5.32767e-05,7.08191e-05,9.29095e-05,0.000111751,0.000161779,0.000354745,0.00132282,0.032096,0.950933,0.0131035,0.000842682,0.000258587,0.000135141,0.000102655,7.7966e-05,7.14688e-05,6.04236e-05,4.8079e-05,
4.90405e-05,4.70789e-05,6.86567e-05,6.27718e-05,5.10021e-05,0.000131428,0.000166738,0.000347207,0.000925884,0.00379966,0.0493229,0.922063,0.0201713,0.00164776,0.000551215,0.000229509,0.000137313,9.41577e-05,6.27718e-05,7.06183e-05,
0.000100334,8.36116e-05,5.01669e-05,6.13152e-05,5.85281e-05,0.000105908,0.000139353,0.000270344,0.00052954,0.00122352,0.00366219,0.0314101,0.931937,0.0270762,0.00193421,0.000593642,0.00035953,0.000192307,0.000125417,8.63986e-05,
0.000122689,9.20167e-05,8.17926e-05,6.13445e-05,8.17926e-05,9.20167e-05,9.20167e-05,0.00022493,0.000340803,0.000620261,0.00154043,0.00323762,0.0356139,0.925426,0.0287706,0.00218454,0.000736134,0.000361251,0.000173809,0.000146545,
0.000110655,7.26174e-05,9.68232e-05,8.99072e-05,6.91594e-05,7.26174e-05,8.64493e-05,0.000110655,0.000231684,0.000331965,0.000753837,0.00105122,0.00273871,0.0306964,0.929471,0.0307829,0.00204366,0.00068122,0.000314675,0.000193646,
0.00022453,0.000112265,0.000122171,0.000105661,9.90573e-05,8.91516e-05,8.25478e-05,0.000132076,0.000158492,0.000237738,0.000703307,0.000538211,0.000921233,0.00274059,0.0340592,0.936111,0.0207327,0.00183586,0.000647174,0.000346701,
0.000470475,0.000253333,0.000144762,0.000111861,0.000128311,0.000131601,0.000121731,0.000141472,0.000125021,0.000154632,0.0009245,0.000414545,0.000529696,0.000970561,0.00232606,0.0234909,0.947165,0.0200923,0.00161541,0.000687618,
0.00100651,0.000596211,0.000384652,0.000230791,0.000169888,0.000173094,0.000246819,0.000355803,0.000397474,0.000669936,0.00173735,0.000599417,0.000605827,0.000724429,0.00103215,0.00256435,0.0235151,0.940982,0.0219444,0.0020643,
0.00221746,0.00115482,0.0006506,0.000439155,0.000271084,0.000189758,0.000249397,0.000135542,0.000178915,0.000222288,0.000916262,0.000281927,0.00042289,0.000417469,0.000607227,0.00121988,0.00281385,0.0248421,0.939153,0.0236168,
0.0274975,0.00280013,0.0011905,0.000815963,0.000401293,0.000401293,0.000454799,0.00048601,0.000610857,0.00104336,0.00206443,0.000700033,0.000575187,0.00052614,0.000575187,0.000757998,0.00126184,0.00315238,0.0275376,0.927147,


0.931875,0.025829,0.00327776,0.00119741,0.000743845,0.000441469,0.000253996,0.000223758,0.000181426,0.000241901,0.000604752,0.000169331,0.000193521,0.000223758,0.000284234,0.000374946,0.000725703,0.00114298,0.00283629,0.0291793,
0.0266961,0.935922,0.0220996,0.00240213,0.00118159,0.000733623,0.000555087,0.000558333,0.000584302,0.000938129,0.00207752,0.000499903,0.000399273,0.000298643,0.00027592,0.000298643,0.000431734,0.000645978,0.000980329,0.00242161,
0.00187464,0.0245464,0.942622,0.0220338,0.00268085,0.00107625,0.000614443,0.000399192,0.000281783,0.000262215,0.00098624,0.000148719,9.78412e-05,0.000148719,0.000164373,0.000148719,0.000183942,0.000352228,0.000481379,0.000896226,
0.000853458,0.00206934,0.0250114,0.938773,0.0255219,0.0029228,0.00104441,0.000689782,0.000303971,0.000315663,0.000787208,0.000151986,9.74268e-05,0.0001325,0.000124706,0.000128603,0.000124706,0.000214339,0.000327354,0.000405295,
0.000365839,0.000735065,0.00180887,0.0252259,0.937252,0.0282644,0.00263878,0.00111445,0.00058602,0.000335352,0.000552146,0.000152433,9.48471e-05,9.14597e-05,7.45227e-05,8.80723e-05,0.000111784,0.000111784,0.000118559,0.000277766,
0.000202011,0.000361171,0.000645823,0.00205684,0.0298854,0.935461,0.0249698,0.00299037,0.00113555,0.000572364,0.000707038,0.000266287,0.000128552,0.000116309,7.34585e-05,7.03977e-05,8.57016e-05,7.65193e-05,9.18231e-05,0.000104066,
0.000116865,0.000173999,0.000332416,0.000623279,0.00173479,0.0248169,0.935283,0.0314886,0.00282553,0.000992053,0.000641458,0.000238924,0.000194775,0.000137641,7.53129e-05,7.01189e-05,5.7134e-05,6.23279e-05,6.75219e-05,6.75219e-05,
6.98865e-05,8.24302e-05,0.000139773,0.000252666,0.000507125,0.00149091,0.0272109,0.927049,0.0383713,0.00295494,0.0009139,0.000340472,0.000195324,0.00010931,7.34704e-05,5.19669e-05,4.4799e-05,4.83829e-05,5.01749e-05,4.30071e-05,
3.80149e-05,5.32209e-05,4.99625e-05,9.99249e-05,0.000158577,0.00037146,0.00125558,0.0322671,0.931586,0.0307378,0.00227003,0.000568052,0.000205281,0.00010427,6.51684e-05,4.23595e-05,4.01872e-05,1.95505e-05,3.47565e-05,3.25842e-05,
2.07454e-05,1.61353e-05,2.56847e-05,3.21608e-05,5.93822e-05,0.000114813,0.000301192,0.00130795,0.0706197,0.916179,0.0100769,0.000816862,0.00019977,8.7372e-05,4.30274e-05,2.79898e-05,2.20625e-05,1.72329e-05,1.45986e-05,1.70134e-05,
5.1417e-05,5.79254e-05,5.9878e-05,6.76882e-05,8.59119e-05,0.000118454,0.000160109,0.00036838,0.00131797,0.0312244,0.951414,0.0134869,0.000822671,0.000279864,0.000145139,9.56746e-05,6.96407e-05,5.9878e-05,6.31322e-05,5.1417e-05,
1.28408e-05,1.34829e-05,1.25198e-05,1.52806e-05,1.81698e-05,2.8635e-05,4.61627e-05,9.3738e-05,0.000299127,0.00128286,0.071256,0.919359,0.00653514,0.000683838,0.00017746,7.51188e-05,3.55691e-05,2.29209e-05,1.91328e-05,1.34187e-05,
7.2216e-05,8.05486e-05,6.11058e-05,6.66609e-05,8.88812e-05,0.000133322,0.00016943,0.000236091,0.00054162,0.00117212,0.00359969,0.0313362,0.931706,0.0273754,0.00196372,0.000661054,0.000297197,0.000174985,0.000161097,0.000102769,
0.000127848,0.000104297,0.000127848,9.75682e-05,0.000100933,0.000158128,0.000178314,0.00020523,0.000359993,0.000794003,0.00154763,0.00367731,0.0343305,0.92566,0.0291763,0.00192445,0.000693071,0.000343171,0.000235509,0.000158128,
0.000144971,0.000113905,0.000117357,8.97437e-05,6.90336e-05,0.000107002,8.97437e-05,0.000117357,0.000214004,0.000331361,0.000845662,0.00111144,0.00273373,0.030575,0.928937,0.0312584,0.00193984,0.000648916,0.000341716,0.000214004,
0.000136044,7.94212e-05,7.00775e-05,6.76482e-05,6.80219e-05,6.44713e-05,6.69007e-05,8.87649e-05,0.000109134,0.000171363,0.000707876,0.000343286,0.000588838,0.0016998,0.034064,0.946766,0.0133771,0.000917735,0.000375989,0.000237329,
0.000376753,0.000193468,0.000118796,0.000125584,0.000139161,0.000145949,0.000118796,0.000108613,0.000145949,0.000240986,0.00097752,0.000386935,0.000475184,0.000872301,0.00260333,0.0234367,0.945809,0.0212645,0.00173103,0.000729746,
0.000600951,0.000356009,0.000308409,0.000211225,0.0002023,0.000194367,0.000223126,0.000330226,0.000375843,0.000489884,0.00172154,0.000602935,0.000565251,0.000678302,0.000829035,0.00197937,0.0234678,0.947094,0.018217,0.00155196,
0.00215838,0.00113958,0.00061968,0.00041487,0.000262576,0.000199558,0.000178552,0.000183803,0.00010503,0.000210061,0.000903262,0.000189055,0.000320343,0.000388613,0.000677446,0.00117109,0.00275705,0.025013,0.940096,0.0230122,
0.0276434,0.00312764,0.00123565,0.000748784,0.000489945,0.000419073,0.000493027,0.000554655,0.000677912,0.000992216,0.00201217,0.00089053,0.000677912,0.000644016,0.000610121,0.000758029,0.00115861,0.00334334,0.0352946,0.918228,


0.932084,0.0267647,0.00325582,0.00140578,0.000693764,0.000511195,0.000322539,0.000255597,0.000200826,0.000231255,0.000651165,0.000158227,0.000261683,0.000212998,0.000328625,0.00037731,0.000614651,0.00108325,0.00279331,0.0277932,
0.0270392,0.93525,0.0231449,0.00245452,0.00118278,0.000836842,0.000606216,0.000527145,0.000507377,0.000859905,0.00138046,0.000467841,0.000388769,0.000312992,0.000303108,0.000312992,0.000438189,0.00042501,0.000882967,0.00267855,
0.00195673,0.0239479,0.944136,0.0214092,0.00257706,0.00113728,0.000582041,0.000405897,0.00024507,0.000225924,0.000800306,0.000176144,0.000126364,6.50967e-05,9.57304e-05,0.00014551,0.000206778,0.0003408,0.000528432,0.000892208,
0.000873412,0.00212657,0.0249644,0.938929,0.025196,0.00288986,0.00121138,0.000622781,0.000387339,0.000292403,0.000736704,0.000231644,0.000117721,9.11387e-05,0.000132911,0.000140505,0.000174682,0.000227847,0.000258226,0.000394934,
0.000365691,0.000731381,0.00203351,0.0246824,0.937528,0.0283462,0.00263161,0.00115175,0.000519486,0.000314426,0.000550245,9.22771e-05,0.000140124,8.20241e-05,9.91124e-05,8.20241e-05,8.20241e-05,0.000133289,0.000187972,0.000246072,
0.000209082,0.000301324,0.000694891,0.0020078,0.0296466,0.935947,0.0251083,0.00280416,0.00107001,0.000578051,0.000633396,0.000184484,0.000119915,0.000113765,6.76442e-05,0.000129139,7.68684e-05,9.22421e-05,8.91674e-05,0.000126064,
0.000114456,0.000161279,0.000301747,0.000564475,0.00196656,0.0236481,0.935431,0.0318733,0.00309551,0.00105091,0.000720551,0.000322557,0.000166481,0.00012226,8.84431e-05,6.50317e-05,8.32406e-05,5.20253e-05,6.50317e-05,0.000106652,
4.55333e-05,0.000103816,0.000127493,0.000207632,0.00050633,0.00154449,0.026688,0.926823,0.0391859,0.00280485,0.00106184,0.00031509,0.000165741,0.000114744,6.73893e-05,6.19253e-05,4.18906e-05,4.37119e-05,4.73546e-05,4.37119e-05,
3.24151e-05,4.28343e-05,5.67265e-05,7.87225e-05,0.000156287,0.00037972,0.0012885,0.0304378,0.930944,0.0330947,0.00233042,0.000597365,0.000246587,9.72454e-05,5.55688e-05,3.58882e-05,3.82036e-05,2.77844e-05,2.1996e-05,3.70459e-05,
3.57672e-05,2.68254e-05,3.87478e-05,5.86185e-05,7.25279e-05,0.000157972,0.000387478,0.0015678,0.0340524,0.922716,0.0381715,0.00187182,0.00041331,0.000176849,7.15344e-05,5.76249e-05,4.27219e-05,3.67607e-05,1.68901e-05,2.68254e-05,
2.49186e-05,2.10975e-05,1.84805e-05,1.85176e-05,2.09005e-05,3.18265e-05,5.9458e-05,0.00017104,0.000961017,0.0594752,0.932078,0.00621801,0.000593051,0.000118529,4.8884e-05,2.93695e-05,2.66818e-05,2.82125e-05,2.88777e-05,2.76046e-05,
4.70183e-05,6.2691e-05,7.64047e-05,3.91819e-05,9.20774e-05,0.000109709,0.000197869,0.000358514,0.000959956,0.00375167,0.0464815,0.923544,0.0215285,0.00158687,0.000536792,0.000272314,0.000111668,9.20774e-05,7.83638e-05,7.24865e-05,
8.63204e-05,3.89834e-05,8.07514e-05,6.40442e-05,8.07514e-05,9.4674e-05,0.000164287,0.000225547,0.000517923,0.00111938,0.00356141,0.0305045,0.932328,0.0278564,0.00198537,0.000634873,0.000289591,0.000150365,0.00011695,0.000100243,
7.22079e-05,5.99881e-05,5.44336e-05,5.66554e-05,7.44296e-05,7.77623e-05,7.99841e-05,0.000147748,0.000228843,0.000391033,0.00140194,0.00141416,0.0179187,0.958545,0.0176498,0.000914263,0.000401031,0.000205515,0.00018774,0.000118865,
