0.931268,0.0237729,0.00300251,0.00137465,0.000524536,0.000428069,0.000331603,0.000325574,0.000259253,0.000162787,0.000621002,0.000180874,0.000253224,0.000259253,0.000204991,0.000452186,0.000621002,0.001242,0.00252018,0.0321956,
0.026893,0.950019,0.0147464,0.0015368,0.000780871,0.000437441,0.000331918,0.000235988,0.000216802,0.000209128,0.00121831,0.000165,0.000132384,0.000105523,0.000165,0.000182267,0.000222558,0.000402906,0.000623545,0.00137564,
0.0017676,0.0243346,0.948094,0.0181139,0.00232545,0.000878937,0.000541633,0.000408657,0.000204329,0.000155679,0.000745961,0.000181625,0.000136219,0.000132976,0.000132976,0.000204329,0.000171895,0.000249735,0.000444333,0.000775151,
0.00135242,0.00314927,0.0403653,0.927527,0.0181662,0.00268039,0.00134445,0.000865464,0.000612417,0.000391266,0.00103877,0.000224872,0.000163736,0.000165331,0.000165331,0.000186064,0.000225935,0.000305677,0.000403493,0.000666641,
0.000375925,0.000723208,0.00228777,0.0290429,0.935287,0.0255629,0.00291789,0.00109555,0.000622961,0.000347283,0.000486912,0.00015395,0.000139629,0.000110987,8.23455e-05,0.000110987,0.000128889,0.000118148,0.000186172,0.000218395,
0.000305897,0.000504244,0.00103797,0.00356455,0.0854451,0.887474,0.0153716,0.00272225,0.00117199,0.000596047,0.000588341,0.00022046,0.000148425,0.000118606,0.000102524,0.000102859,9.24727e-05,0.00011224,0.00014608,0.000174894,
0.000238552,0.00030696,0.000569192,0.00145806,0.00527446,0.0764129,0.886712,0.0201033,0.00429657,0.00194525,0.00106998,0.000436322,0.000232851,0.000171021,0.000126292,0.000108752,0.00010919,0.000111383,0.00013594,0.000180668,
6.91422e-05,6.73227e-05,0.000127367,0.000240178,0.000507649,0.00145017,0.0318618,0.928323,0.032515,0.00298221,0.000927961,0.000365726,0.000183773,8.73375e-05,7.82399e-05,5.45859e-05,3.27516e-05,2.91125e-05,5.27664e-05,4.36688e-05,
4.47828e-05,4.47828e-05,6.54518e-05,8.49725e-05,0.000160759,0.000382376,0.00126885,0.0377588,0.92943,0.0273531,0.00228392,0.00053969,0.000222766,0.000122866,5.51173e-05,5.3969e-05,3.67449e-05,2.87069e-05,3.55966e-05,2.64104e-05,
8.75523e-05,0.000109885,0.000127475,0.000188741,0.000355743,0.000663856,0.00189611,0.00850503,0.0707549,0.893888,0.0195637,0.0020562,0.000767417,0.000357324,0.000213643,0.000130637,9.94104e-05,8.24138e-05,7.9054e-05,7.33226e-05,
0.000112408,0.000116647,0.000121305,0.000125397,0.000153911,0.00023046,0.000407859,0.00122025,0.0068889,0.0594467,0.923718,0.00554034,0.000811652,0.000322339,0.000189623,0.00013491,0.000120541,0.000112186,0.000108711,0.000118052,
5.58969e-05,4.62595e-05,4.24046e-05,8.28817e-05,6.55343e-05,0.000113721,0.000179256,0.000395134,0.00100614,0.00353114,0.0567412,0.916744,0.0181877,0.00176172,0.00047416,0.000225515,0.000132996,9.05916e-05,6.16794e-05,6.16794e-05,
0.00027121,0.000210484,0.000167272,0.0001459,0.000166542,0.000227685,0.00038547,0.000859136,0.00227889,0.00807923,0.0208868,0.0728773,0.873116,0.0159251,0.00200074,0.000864349,0.000486229,0.000383802,0.000347105,0.000321042,
0.000270664,0.00022696,0.000178596,0.000159413,0.000156238,0.00019447,0.00028316,0.000501677,0.00108238,0.0027856,0.0057067,0.00762573,0.0428764,0.919458,0.015102,0.00138338,0.000753967,0.000507216,0.000404476,0.000342737,
0.000291048,0.000232791,0.000189079,0.000161476,0.000157019,0.000177663,0.000228959,0.000338435,0.000612826,0.00128453,0.00295583,0.00253216,0.00342,0.0337332,0.935819,0.0150549,0.00125193,0.000723083,0.000469257,0.000366898,
0.00038584,0.000287499,0.000224618,0.000185962,0.000179674,0.000190498,0.000255543,0.000348215,0.000536136,0.000906926,0.00229288,0.00137049,0.00176417,0.00258481,0.0340822,0.93553,0.0161349,0.00147203,0.000751064,0.000516653,
0.000606957,0.000427661,0.000328116,0.000281975,0.000259758,0.000302767,0.000387217,0.000471667,0.000697958,0.00110739,0.00265284,0.00124225,0.00126404,0.00163987,0.00292228,0.023595,0.938604,0.0202143,0.00204175,0.000952305,
0.00080519,0.000522966,0.000368494,0.000293167,0.000230818,0.000225474,0.000255757,0.00030869,0.000373838,0.000488865,0.00184858,0.000588369,0.000679984,0.00081766,0.00135437,0.0027576,0.0235432,0.945676,0.0172375,0.0016231,
0.00199076,0.00109232,0.000600538,0.000364106,0.000250618,0.000217518,0.000241161,0.000226975,0.000293176,0.00024589,0.00107813,0.000198603,0.000406664,0.000397206,0.000581624,0.00115852,0.00240215,0.024589,0.94346,0.0202055,
0.0274844,0.0031317,0.00129245,0.000705874,0.000477211,0.000536862,0.000521949,0.000502065,0.000581601,0.00103396,0.00189393,0.000815235,0.000730729,0.000730729,0.000611426,0.000820206,0.00124274,0.00361388,0.0308199,0.922453,


0.93111,0.0240888,0.00301412,0.00132283,0.000803363,0.000386581,0.000356379,0.000283895,0.000217452,0.000223492,0.000718799,0.000229532,0.000211411,0.000241613,0.000241613,0.000525508,0.000622154,0.00120202,0.00268794,0.0315124,
0.0270404,0.946159,0.014999,0.00154015,0.000920906,0.000629439,0.000525212,0.000414663,0.000413031,0.00050298,0.00162928,0.000281269,0.000247003,0.00021294,0.000218448,0.000254957,0.000355105,0.00052868,0.00088868,0.00223873,
0.00219313,0.0246596,0.945809,0.0186549,0.00242434,0.00111638,0.000535072,0.00044259,0.000320383,0.000211386,0.000984268,0.000125511,0.000155237,0.000115602,0.000204781,0.000171751,0.000204781,0.000287353,0.000554889,0.000829031,
0.00105739,0.00219611,0.0285965,0.93514,0.0248207,0.00315075,0.00119009,0.000667822,0.000389563,0.000316788,0.000732036,0.000184079,0.000115585,0.000107023,0.000119866,0.000102742,0.000158394,0.000196922,0.000265417,0.000492305,
0.000243731,0.00036612,0.000757346,0.0167045,0.963316,0.0143352,0.00116426,0.000559641,0.00032114,0.000231179,0.0012218,0.000122389,7.63622e-05,5.3349e-05,6.17174e-05,7.42701e-05,8.68228e-05,7.74083e-05,9.30992e-05,0.000133895,
0.000216661,0.000347971,0.000722204,0.00210424,0.035539,0.930609,0.0238229,0.00310548,0.00126714,0.000620439,0.000600743,0.000200248,0.000144441,8.20687e-05,8.53514e-05,0.000108331,8.53514e-05,7.87859e-05,0.000111613,0.000147724,
0.000134815,0.000202222,0.000303333,0.00059111,0.00178629,0.0275125,0.935893,0.0277381,0.0030437,0.00110185,0.000663702,0.000305925,0.000215185,0.000103704,6.48147e-05,6.22221e-05,6.22221e-05,5.44443e-05,6.99999e-05,9.07406e-05,
5.99845e-05,6.18022e-05,0.000129058,0.000263568,0.000507142,0.00152143,0.0314319,0.92868,0.0326788,0.00286835,0.000908856,0.000339912,0.000172683,9.08856e-05,7.81616e-05,6.18022e-05,3.27188e-05,2.72657e-05,4.18074e-05,4.36251e-05,
3.12346e-05,5.09008e-05,7.51944e-05,7.40376e-05,0.000167741,0.000389854,0.00133615,0.0365873,0.929841,0.0280533,0.00227434,0.000573791,0.000203603,0.000104115,7.63512e-05,4.62735e-05,3.58619e-05,2.42936e-05,2.54504e-05,2.89209e-05,
3.66927e-05,1.38837e-05,4.26429e-05,6.8427e-05,8.72692e-05,0.000170572,0.000410562,0.00155399,0.0410126,0.921545,0.032366,0.00181778,0.000436346,0.000164621,8.62775e-05,5.5535e-05,4.76014e-05,2.97509e-05,2.97509e-05,2.47924e-05,
5.44188e-05,5.76581e-05,6.67279e-05,7.64455e-05,8.16283e-05,0.000115964,0.000169735,0.000350483,0.00133197,0.0369005,0.947414,0.0118031,0.000819522,0.000252011,0.000137343,0.000101711,7.90369e-05,6.93192e-05,5.18275e-05,6.67279e-05,
0.000206375,0.000165903,0.00013343,0.000126442,0.000149191,0.00024539,0.000533125,0.00134337,0.00502963,0.0320292,0.134736,0.801563,0.0185714,0.00289751,0.00086273,0.000382834,0.00025782,0.000251843,0.000265789,0.000249226,
5.28603e-05,4.72961e-05,6.67709e-05,8.06815e-05,6.67709e-05,0.000133542,0.000169709,0.00027543,0.000567553,0.00116571,0.0035639,0.0348266,0.931613,0.0239958,0.00196418,0.000717787,0.000261519,0.000186402,0.00014467,0.000100156,
0.00013909,0.000101773,6.78486e-05,0.000105165,7.80259e-05,0.000101773,0.000115343,0.000230685,0.000301926,0.000491902,0.00158087,0.00334494,0.0393149,0.924573,0.0259046,0.00202528,0.00073955,0.000329066,0.000220508,0.000234078,
0.000146997,8.88822e-05,8.20451e-05,9.57193e-05,8.54637e-05,8.20451e-05,9.91378e-05,0.000153835,0.000174346,0.00032818,0.000875148,0.000981123,0.00270065,0.0335154,0.930658,0.0267023,0.00192806,0.000687128,0.000413644,0.000201694,
0.000267223,0.00019331,9.38124e-05,7.67556e-05,8.24412e-05,8.24412e-05,7.95984e-05,0.00012224,0.000136454,0.000207524,0.000750499,0.000471905,0.000909696,0.00230267,0.0337327,0.94033,0.0178101,0.00151521,0.000523075,0.000312708,
0.000383105,0.000204323,0.00018162,0.000141891,7.94588e-05,0.000102161,8.22966e-05,0.000107837,0.000173107,0.000153242,0.000913776,0.000303646,0.000445537,0.000788912,0.00228444,0.0235255,0.950188,0.01783,0.00149269,0.000618643,
0.000722802,0.000416078,0.000309391,0.000218707,0.000186702,0.000258715,0.000250713,0.000258715,0.000384072,0.000472088,0.00144827,0.000509428,0.0005361,0.000594778,0.000941509,0.00212573,0.0232363,0.946825,0.0184274,0.00187768,
0.00192364,0.000880808,0.000546899,0.000404308,0.000355133,0.000380991,0.000469176,0.000566778,0.000775434,0.00121352,0.00293089,0.00107437,0.000803534,0.000773341,0.000816836,0.00112862,0.00240612,0.0251553,0.937343,0.0200511,
0.0219322,0.00268028,0.00134102,0.000864608,0.000663454,0.000551702,0.000525823,0.000500531,0.000562877,0.000705214,0.00167863,0.000592874,0.000579934,0.000574641,0.000730505,0.001034,0.00186508,0.00393602,0.0375851,0.921095,


0.930633,0.0245972,0.0031296,0.00116041,0.000732584,0.000521599,0.000310615,0.00017582,0.000252009,0.000257869,0.000638813,0.000169959,0.000169959,0.000199263,0.000269591,0.000392665,0.000638813,0.00125418,0.00288345,0.0316124,
0.0269249,0.93796,0.0213553,0.00239283,0.00103995,0.000562647,0.000458336,0.000436209,0.000493106,0.000761786,0.0016911,0.000489945,0.000357186,0.000331898,0.000325576,0.000344542,0.000379312,0.000581612,0.000922993,0.00219053,
0.00186098,0.0244865,0.947418,0.0181935,0.00234459,0.000988644,0.000587677,0.000404028,0.000250987,0.000153041,0.00119678,0.00011325,9.79462e-05,9.48854e-05,0.00011325,0.000165284,0.000189771,0.00026323,0.000364237,0.000713171,
0.000894424,0.00217586,0.0293698,0.934311,0.0250396,0.00319498,0.00132013,0.000546114,0.000430011,0.000326809,0.00074392,0.000137604,0.000150504,0.000129003,7.7402e-05,0.000120403,0.000137604,0.000172005,0.000275207,0.000447212,
0.000544191,0.00101089,0.00277464,0.0559941,0.915772,0.016879,0.0023837,0.00119618,0.000649825,0.000448514,0.000731216,0.000220361,0.000171007,0.000117757,0.000125116,0.000136372,0.000135507,0.000152391,0.000241574,0.000315172,
0.000190829,0.000325725,0.000753446,0.00197409,0.0353363,0.931252,0.0238339,0.00306313,0.00112194,0.000608679,0.000539585,0.000184249,0.000151347,0.000111865,6.2513e-05,8.22539e-05,6.58031e-05,0.000101995,7.89637e-05,0.000161218,
0.000107073,0.000153309,0.000289584,0.000596201,0.00181294,0.0285349,0.935712,0.0272087,0.00296884,0.00104883,0.00063757,0.000236047,0.000155742,0.000116807,5.84034e-05,7.05708e-05,5.84034e-05,7.54377e-05,7.78712e-05,8.03047e-05,
6.18486e-05,7.06841e-05,0.000151971,0.000217354,0.000521295,0.00157095,0.0309137,0.927821,0.0339567,0.00279556,0.000977208,0.000344585,0.000174943,0.000107793,6.18486e-05,6.53828e-05,5.83144e-05,3.71092e-05,3.71092e-05,5.47802e-05,
3.70382e-05,3.47233e-05,6.13445e-05,8.68083e-05,0.000167829,0.000398161,0.0013137,0.0358067,0.929968,0.0286791,0.00237392,0.000550943,0.000190978,0.000123846,4.97701e-05,4.28254e-05,3.81956e-05,2.0834e-05,1.85191e-05,3.70382e-05,
3.17547e-05,2.87777e-05,4.06857e-05,6.64864e-05,8.73254e-05,0.000154804,0.000383041,0.00155896,0.0399802,0.922063,0.0329991,0.00174651,0.000440596,0.00014885,7.83944e-05,6.05324e-05,3.67164e-05,3.2747e-05,2.28237e-05,3.8701e-05,
4.47925e-05,5.58283e-05,5.38808e-05,7.01099e-05,8.69882e-05,0.000115552,0.000179819,0.000386903,0.00133858,0.0362118,0.947915,0.011994,0.000792632,0.000282387,0.000136325,9.67257e-05,6.62149e-05,6.88116e-05,5.58283e-05,4.73891e-05,
5.3475e-05,4.58357e-05,3.62866e-05,6.11143e-05,8.78518e-05,0.000126048,0.000156605,0.000336129,0.000954911,0.00374134,0.0540785,0.918445,0.0190295,0.00172648,0.000509923,0.000227269,0.000147056,9.74009e-05,8.21223e-05,5.72947e-05,
6.93928e-05,5.82899e-05,6.66171e-05,8.32713e-05,7.21685e-05,0.000144337,0.00013601,0.00027202,0.000521834,0.00117135,0.00372778,0.034083,0.931157,0.025123,0.00195965,0.000643965,0.000319207,0.000177646,0.000122131,9.15985e-05,
0.000124728,0.000117986,0.000114615,8.76468e-05,9.77599e-05,9.10179e-05,0.000138212,0.000256198,0.000380927,0.000795564,0.00167203,0.003398,0.0376881,0.925696,0.0257277,0.00208667,0.000711288,0.000374185,0.000276425,0.000165181,
0.000110246,9.99108e-05,9.64656e-05,7.92396e-05,8.26848e-05,9.64656e-05,0.000117137,0.000134363,0.000248054,0.000330739,0.000826848,0.00110935,0.00281473,0.0336872,0.92958,0.0275857,0.00181217,0.000623581,0.000347965,0.000217048,
0.000178244,0.000147122,0.000116,8.48779e-05,0.000121658,8.77071e-05,7.63901e-05,9.61949e-05,0.000169756,0.000234829,0.00104117,0.00053756,0.00084595,0.00236526,0.0338408,0.939301,0.0183053,0.0015278,0.000625267,0.000297073,
0.00036439,0.000300257,0.000166162,0.000104944,0.000102029,0.000128265,0.000102029,9.32839e-05,0.00012535,0.000154501,0.00116896,0.000349814,0.000443098,0.000839555,0.00211055,0.0231111,0.950513,0.0176569,0.00156542,0.000600515,
0.000781393,0.000490753,0.000307316,0.000171525,0.000157232,0.000150085,0.000235847,0.000235847,0.00029064,0.00041452,0.00153658,0.000493135,0.000443107,0.000638456,0.000867156,0.00222745,0.0233656,0.946308,0.0189678,0.00191775,
0.0022418,0.0010619,0.000533517,0.000353968,0.000230849,0.000220589,0.000200069,0.000174419,0.000164159,0.000143639,0.0010619,0.000282148,0.000364228,0.000374488,0.000636116,0.00115424,0.00281635,0.0250753,0.940313,0.0225975,
0.0276145,0.00344578,0.00117108,0.000679518,0.000481928,0.000404819,0.000496386,0.00046747,0.000848193,0.0010747,0.00209639,0.0008,0.000746988,0.000698795,0.000583133,0.000833735,0.00148434,0.00359036,0.0304289,0.922053,


0.931467,0.0243047,0.00347296,0.0013432,0.000562692,0.000459834,0.000284371,0.000235967,0.000211766,0.000217816,0.000689751,0.000157312,0.000157312,0.00013916,0.000217816,0.000290422,0.000635297,0.00133715,0.00277111,0.0310449,
0.0269661,0.952584,0.0133648,0.00111516,0.000645169,0.00047996,0.000319024,0.000186572,0.000136724,0.000160936,0.00126185,9.68465e-05,9.82707e-05,0.000125331,0.000136724,0.000148118,0.000215056,0.000374568,0.000481384,0.00110377,
0.00182403,0.0246528,0.951828,0.0140743,0.00146998,0.000840949,0.000554605,0.00039926,0.00027452,0.000249016,0.0013886,0.000167402,0.000125667,0.000130768,0.000151867,0.000154186,0.000210295,0.000293532,0.00045166,0.000759103,
0.00105048,0.00219326,0.0283498,0.935116,0.0250357,0.00316463,0.00126146,0.000641716,0.000395578,0.000329649,0.000734018,0.000153836,0.000127464,0.000105488,0.000114278,0.000171417,0.000162627,0.000171417,0.000276905,0.000443927,
0.000362319,0.000695939,0.00199096,0.0275434,0.935073,0.027443,0.00307433,0.00115512,0.000678003,0.00033362,0.000538097,0.000150667,0.000114794,0.000118381,6.8159e-05,7.17463e-05,8.60956e-05,0.000107619,0.00020089,0.000193715,
0.000154296,0.000325006,0.000748498,0.00201569,0.034037,0.931811,0.0244739,0.00290535,0.00131315,0.000581071,0.000541676,0.000226519,0.000141164,0.000108335,0.000114901,9.84866e-05,9.52037e-05,9.52037e-05,0.000114901,9.84866e-05,
0.000147756,0.000142571,0.000300696,0.000616945,0.00185602,0.0265908,0.935636,0.028999,0.00303806,0.00108354,0.000619537,0.000256628,0.000132202,0.000134795,5.70285e-05,8.29506e-05,6.48051e-05,4.92519e-05,8.55428e-05,0.00010628,
6.36551e-05,6.7096e-05,0.000137633,0.000273545,0.00050408,0.00157417,0.0307695,0.927832,0.0340211,0.00279911,0.00104945,0.000313115,0.000153116,0.000120429,8.08592e-05,5.16123e-05,3.44082e-05,4.64511e-05,5.16123e-05,5.67735e-05,
4.27399e-05,4.04296e-05,4.3895e-05,8.89452e-05,0.000161718,0.000397365,0.00127065,0.0348561,0.930533,0.0291601,0.00228832,0.000568325,0.000219475,9.12554e-05,5.77566e-05,4.15847e-05,2.77232e-05,4.04296e-05,2.88783e-05,4.15847e-05,
3.77023e-05,4.66318e-05,2.9765e-05,6.44908e-05,8.9295e-05,0.000180574,0.000360157,0.00162616,0.0388384,0.922591,0.033568,0.00174721,0.000364125,0.000169661,8.43342e-05,5.65535e-05,3.77023e-05,3.86945e-05,3.47258e-05,3.47258e-05,
7.38384e-05,5.82935e-05,6.99522e-05,7.2543e-05,7.90201e-05,0.000121769,0.000178767,0.000379555,0.00133103,0.0350266,0.948633,0.0123893,0.000811575,0.000263616,0.000128246,8.93833e-05,8.29063e-05,8.48494e-05,6.28274e-05,6.28274e-05,
5.2443e-05,4.0789e-05,5.827e-05,5.05006e-05,6.9924e-05,0.000110713,0.000182579,0.000380697,0.000998359,0.00370791,0.0528081,0.919539,0.0191164,0.00171896,0.000506949,0.000235022,0.000182579,0.000104886,8.35203e-05,5.2443e-05,
7.21974e-05,8.60815e-05,6.10901e-05,7.21974e-05,8.88583e-05,0.000102742,0.000161056,0.000283236,0.000563695,0.00119126,0.0034627,0.0332386,0.931687,0.0255523,0.00209095,0.000627562,0.000291566,0.000180493,9.16351e-05,9.44119e-05,
0.000111976,7.80441e-05,0.000122156,0.000118763,6.1078e-05,0.000122156,0.000183234,0.000206987,0.000281638,0.000488624,0.00138783,0.00332197,0.0382043,0.925074,0.026759,0.00204951,0.00073633,0.000312177,0.000244312,0.000135729,
0.000172983,6.57335e-05,8.30318e-05,5.18949e-05,6.91931e-05,6.57335e-05,8.30318e-05,0.000176443,0.000221418,0.000294071,0.000691931,0.000968704,0.00259128,0.0323443,0.930534,0.0285387,0.00178864,0.000657335,0.000422078,0.000179902,
0.000139739,0.000161003,8.20205e-05,7.89827e-05,7.29071e-05,0.000121512,7.29071e-05,0.000115436,0.00017923,0.000258213,0.000722995,0.000410102,0.000929566,0.00244543,0.0334188,0.939083,0.0191412,0.00164345,0.000577181,0.000346309,
0.000384769,0.000285571,0.000198397,9.31863e-05,9.91983e-05,8.41683e-05,7.21442e-05,0.000102204,0.000126252,0.000195391,0.00113928,0.000366733,0.000511022,0.000817634,0.00201703,0.0236122,0.949102,0.0187154,0.00138577,0.000691382,
0.000938398,0.000497809,0.000349038,0.000283236,0.00020599,0.000246043,0.000246043,0.000303263,0.000363343,0.000660884,0.00173947,0.000640857,0.000600803,0.000652301,0.00114725,0.00239463,0.0232969,0.944549,0.0190283,0.00185677,
0.00217388,0.00100333,0.000487332,0.000272332,0.000181555,0.000257999,0.000143333,0.000133777,0.00019111,0.000176777,0.00107977,0.000205444,0.000300999,0.000439554,0.000678442,0.00106544,0.00286188,0.0245338,0.942944,0.0208693,
0.0138267,0.000897231,0.00046367,0.000298504,0.000258933,0.000183231,0.00014194,0.000169467,0.000165166,0.000240007,0.00163188,0.000203017,0.000203017,0.000196135,0.00032087,0.000324311,0.000467111,0.000950566,0.0140323,0.965026,


0.91549,0.0194338,0.00254785,0.00127274,0.000839435,0.000648779,0.000508151,0.00048885,0.000523908,0.000624357,0.00129204,0.0004014,0.000360827,0.000350191,0.000421096,0.000567239,0.000833526,0.00135743,0.00363387,0.0484048,
0.0269776,0.941953,0.0187939,0.0020012,0.000942179,0.000497192,0.000464875,0.000417641,0.000430071,0.000581715,0.00172277,0.000343063,0.000280914,0.000315717,0.000216279,0.00027097,0.000385324,0.000514594,0.000860142,0.00203103,
0.00135079,0.0245265,0.951582,0.0160894,0.00170672,0.000686117,0.000435255,0.00026587,0.000240141,0.000130791,0.00109779,0.000102917,6.64675e-05,7.07558e-05,0.000107206,0.000115782,0.00018225,0.000278735,0.000330194,0.000634658,
0.000827487,0.00218605,0.0270024,0.936555,0.024944,0.00309587,0.00141208,0.000625762,0.000415802,0.000238777,0.000815137,0.000160557,0.000172908,0.000172908,0.000139973,0.000102921,0.000189375,0.000193492,0.000263479,0.000485789,
0.000376943,0.000861583,0.00195651,0.0271686,0.935453,0.0275419,0.00295451,0.00111288,0.000613878,0.000358993,0.00051336,0.000179496,0.000122058,0.000111288,7.89784e-05,0.000111288,6.10288e-05,0.000100518,0.000143597,0.000179496,
0.000210662,0.000352201,0.000635278,0.00208687,0.03312,0.932572,0.0243578,0.00318297,0.00123435,0.000539822,0.00063857,0.000207371,0.000167871,9.87479e-05,0.000111914,8.55815e-05,5.92487e-05,0.000108623,0.000121789,0.000108623,
0.000101233,0.000171317,0.000340038,0.000607396,0.00186372,0.0257598,0.935626,0.0298403,0.00300583,0.00104607,0.000664502,0.000251784,0.000153147,0.000119403,5.45099e-05,7.78713e-05,5.19142e-05,8.0467e-05,0.000101233,8.30627e-05,
8.04331e-05,8.75827e-05,0.000114394,0.000269898,0.00050226,0.00148354,0.0297906,0.927601,0.0353709,0.00283303,0.000941961,0.000344969,0.000203764,9.47323e-05,5.89843e-05,3.03858e-05,4.46851e-05,5.71969e-05,4.11103e-05,4.82599e-05,
3.70266e-05,3.47125e-05,5.43829e-05,9.71949e-05,0.000170091,0.000367952,0.00130866,0.0339731,0.930463,0.029995,0.00236045,0.000565813,0.00019439,0.000116865,6.13253e-05,5.09116e-05,5.20687e-05,2.19846e-05,3.81837e-05,3.70266e-05,
2.1835e-05,3.573e-05,4.5655e-05,6.84825e-05,8.337e-05,0.000180635,0.000398985,0.00155425,0.0378539,0.922522,0.034538,0.00185399,0.000374172,0.000188575,8.23775e-05,5.7565e-05,3.97e-05,3.573e-05,2.48125e-05,4.06925e-05,
5.38317e-05,5.44803e-05,5.51288e-05,6.87489e-05,8.43147e-05,0.000126472,0.000179007,0.000348933,0.00134709,0.0340385,0.949638,0.0124598,0.000766615,0.00028667,0.000124526,0.000107015,7.58832e-05,7.65318e-05,5.31831e-05,5.51288e-05,
3.51934e-05,3.71486e-05,6.45213e-05,7.62524e-05,6.06109e-05,0.000111446,0.000175967,0.000385173,0.000973685,0.00361319,0.0524871,0.919743,0.0194268,0.00171861,0.00050835,0.000195519,0.00015055,9.58044e-05,8.2118e-05,5.86557e-05,
7.75827e-05,7.48119e-05,8.31244e-05,5.81871e-05,8.03536e-05,0.000105291,0.000166249,0.000257686,0.000490434,0.00125241,0.00370181,0.0330696,0.931425,0.0258683,0.00185644,0.000701016,0.000362976,0.000166249,0.000113603,8.8666e-05,
0.000128834,9.49304e-05,9.83208e-05,7.45882e-05,8.47593e-05,0.000128834,0.000135615,0.00018647,0.000328866,0.000579753,0.00143413,0.00319034,0.036616,0.925636,0.0277637,0.0021122,0.000691636,0.000376331,0.000200032,0.000139005,
0.000152162,6.57064e-05,6.22482e-05,6.22482e-05,7.26229e-05,8.29976e-05,0.000110663,0.00017637,0.00023516,0.000262826,0.000805768,0.00104784,0.00266976,0.0325731,0.929314,0.0290042,0.00199194,0.000708938,0.000335449,0.000266284,
0.000229647,0.000124134,7.75836e-05,8.37903e-05,9.9307e-05,8.68936e-05,9.31003e-05,0.000105514,0.000164477,0.000254474,0.000617566,0.000505845,0.00098376,0.00247337,0.0338761,0.937955,0.01952,0.00170063,0.000642392,0.000406538,
0.000340626,0.000265295,0.000176864,9.49823e-05,0.000121184,0.000127735,9.82576e-05,9.82576e-05,0.000147386,0.000137561,0.00102843,0.00038648,0.000481462,0.00102515,0.00228285,0.023346,0.947599,0.0197694,0.00171951,0.000753308,
0.000909762,0.000487044,0.000281812,0.000294064,0.000205233,0.000217485,0.000208296,0.000248117,0.000431907,0.000676961,0.0017215,0.000545245,0.000566687,0.00069534,0.000952646,0.00247811,0.0234333,0.941218,0.0223091,0.00211971,
0.00236835,0.00107188,0.000551254,0.000418545,0.000229689,0.000188855,0.000137813,0.000112292,0.000183751,0.000163334,0.00102084,0.000285835,0.000372607,0.000464482,0.000638025,0.00117397,0.00272564,0.0249391,0.94146,0.0214938,
0.0266778,0.00325861,0.00133536,0.000743266,0.000503909,0.000470316,0.0005543,0.000562699,0.000575297,0.000898639,0.00203663,0.000877642,0.000659282,0.0005585,0.000646684,0.00077686,0.00133536,0.00342658,0.0368778,0.917224,


0.93193,0.0252818,0.00290457,0.00139177,0.000744295,0.000484094,0.000272303,0.000211791,0.000211791,0.000193638,0.000738244,0.000181535,0.000193638,0.000187587,0.000272303,0.00041148,0.000580913,0.00119813,0.00268672,0.0299231,
0.0270149,0.943413,0.0181632,0.00180522,0.000890153,0.00057305,0.000414499,0.000414499,0.000428089,0.000597966,0.00168744,0.000369198,0.000237827,0.000240092,0.000255947,0.000208382,0.000301248,0.000484715,0.000670446,0.00183014,
0.00216353,0.0245583,0.942929,0.0215681,0.00267772,0.00122218,0.000632844,0.00036784,0.000304556,0.000241272,0.000850384,0.000193808,0.000138435,0.000126569,0.000122613,0.000197764,0.000197764,0.000257093,0.000403438,0.000846429,
0.00105859,0.00255637,0.0373471,0.925726,0.0253423,0.00293551,0.00114493,0.00072074,0.000446708,0.00026277,0.000529293,0.000153908,0.000131385,0.000135139,0.000127631,0.000157662,0.000150154,0.000240247,0.000334093,0.000499262,
0.000376579,0.000706534,0.00205504,0.0269021,0.934855,0.0283367,0.00307719,0.0012445,0.000566662,0.00029409,0.000563075,0.000136286,0.000114767,9.32481e-05,6.81429e-05,8.60752e-05,7.17293e-05,0.000136286,0.000104008,0.000211601,
0.000212623,0.000402347,0.000690206,0.00202155,0.0324429,0.932622,0.0251451,0.0030356,0.00121358,0.00061497,0.000592072,0.000189725,0.0001472,0.000153742,9.48624e-05,8.5049e-05,7.85068e-05,6.21512e-05,8.83202e-05,0.000107947,
9.60847e-05,0.000181782,0.000280463,0.000605074,0.00164123,0.0259948,0.935,0.0305393,0.00298642,0.00109069,0.000690771,0.000233719,0.000173991,8.8294e-05,7.01158e-05,5.45345e-05,3.89532e-05,7.01158e-05,7.79065e-05,8.56971e-05,
3.99386e-05,7.80617e-05,0.000147047,0.000252339,0.000568217,0.00153763,0.0284889,0.927689,0.0362769,0.00293912,0.0010493,0.00032677,0.000179724,0.000125262,6.5354e-05,5.99079e-05,2.36001e-05,3.2677e-05,5.80925e-05,6.17232e-05,
3.01112e-05,3.706e-05,4.51669e-05,0.000105389,0.000206146,0.000411134,0.00135964,0.0332324,0.930252,0.0308293,0.00237531,0.000583695,0.000218886,0.000106547,6.4855e-05,3.93762e-05,3.93762e-05,2.7795e-05,1.853e-05,1.73719e-05,
3.56839e-05,3.07278e-05,4.36137e-05,6.34381e-05,9.21834e-05,0.000155621,0.000403426,0.00157307,0.0367435,0.922863,0.0353102,0.00184664,0.000396488,0.000177428,8.128e-05,5.15434e-05,4.75785e-05,3.1719e-05,3.1719e-05,2.08156e-05,
5.83849e-05,5.31951e-05,6.48721e-05,6.87645e-05,7.59004e-05,0.000114175,0.000185534,0.000337335,0.00133053,0.0329057,0.950457,0.0127104,0.000871233,0.000271166,0.000138178,8.88748e-05,7.9144e-05,7.33055e-05,5.83849e-05,5.83849e-05,
5.28689e-05,6.46176e-05,5.4827e-05,5.67851e-05,7.63662e-05,0.000111612,0.000199727,0.000432742,0.000959473,0.00369103,0.0507033,0.920898,0.0199081,0.00162131,0.000544354,0.000227141,0.000156649,0.000107696,6.46176e-05,6.85338e-05,
7.22048e-05,6.94277e-05,6.94277e-05,8.05361e-05,7.7759e-05,0.00012497,0.000172181,0.000288819,0.000502656,0.00124137,0.00366578,0.0319589,0.931614,0.0267935,0.00189954,0.000644289,0.000313813,0.000166626,0.00012497,0.000119416,
0.000131595,7.4233e-05,0.000128221,8.43557e-05,6.07361e-05,0.000121472,0.000131595,0.000188957,0.000374539,0.000644478,0.00167024,0.00369478,0.0365024,0.924525,0.0280635,0.00213589,0.000745705,0.000371165,0.000229448,0.000121472,
0.00010301,7.30758e-05,5.45867e-05,2.90542e-05,5.81085e-05,7.21954e-05,7.65975e-05,7.13149e-05,0.000127663,0.000211304,0.00121676,0.000493922,0.00101602,0.0155255,0.963224,0.0163038,0.000641834,0.000334564,0.000228032,0.000139108,
0.00019837,0.000116503,0.000119652,7.24206e-05,8.18668e-05,8.81643e-05,0.000103908,0.000125949,0.00014799,0.000182626,0.000869048,0.000428226,0.000865899,0.00249379,0.0334898,0.938187,0.0198653,0.00165938,0.000614001,0.000289683,
0.000393489,0.00027445,0.000198398,0.000145492,0.000115732,9.25855e-05,7.9359e-05,8.92789e-05,0.000115732,0.000158718,0.00112756,0.000320743,0.000416635,0.000955615,0.00242376,0.023477,0.947395,0.0198993,0.00158387,0.000737378,
0.000894211,0.000404458,0.00031091,0.000255882,0.000192599,0.000187096,0.000244876,0.000390701,0.000420967,0.000547532,0.0017499,0.000605312,0.000495255,0.00073738,0.00111432,0.00255332,0.0233293,0.943574,0.0200578,0.00193425,
0.00230057,0.0010065,0.000575144,0.000344059,0.000220814,0.000190003,0.000200273,0.000164327,0.000102704,0.000256761,0.000960284,0.000220814,0.000318383,0.00048271,0.000734335,0.00113488,0.0028141,0.0248698,0.94074,0.0223638,
0.0273116,0.0028672,0.00137764,0.000555359,0.000464952,0.000421901,0.000430511,0.000421901,0.000585495,0.000787835,0.00177371,0.000555359,0.000460647,0.00056397,0.000508003,0.000753395,0.00121404,0.00288442,0.0277895,0.928273,


0.930973,0.0259688,0.00311916,0.00143264,0.000761656,0.000465456,0.000308289,0.000265975,0.000241796,0.000229706,0.000586354,0.000241796,0.000193436,0.000181347,0.00028411,0.000344559,0.000604489,0.00120898,0.00281087,0.0297771,
0.026807,0.940974,0.0193497,0.00215229,0.000976889,0.000702629,0.000436204,0.000357844,0.000480608,0.000605985,0.00168735,0.000485833,0.000305604,0.00030038,0.000255976,0.000263812,0.000355232,0.000548521,0.000817557,0.00213662,
0.00147046,0.0245106,0.95027,0.0165566,0.00184154,0.000929442,0.000501136,0.00029652,0.000213286,0.000169935,0.00110111,0.000130053,0.000121382,0.00012485,0.000126584,0.000156063,0.000185542,0.000289584,0.000393626,0.000612114,
0.000803548,0.00219115,0.0278154,0.935958,0.0253303,0.00281986,0.00123508,0.000669623,0.000457576,0.00029761,0.000810988,0.000119044,0.000126484,0.000100443,0.000100443,0.000130204,0.000126484,0.000178566,0.000319931,0.000409214,
0.000344214,0.000788825,0.00209038,0.0259236,0.935489,0.0288172,0.00285052,0.00110077,0.0006956,0.00031553,0.00047688,0.000190035,8.60536e-05,6.81258e-05,7.17113e-05,0.000103981,0.000111153,8.96392e-05,0.000125495,0.000261746,
0.000185478,0.000294206,0.000735515,0.00198589,0.0315632,0.933663,0.0251578,0.00306998,0.00123119,0.00053085,0.000626787,0.000214259,0.000118322,9.91347e-05,8.63431e-05,5.11663e-05,7.99473e-05,7.99473e-05,8.63431e-05,0.000140707,
0.000107961,0.000175137,0.00030709,0.000626176,0.00173458,0.0261578,0.934794,0.0303251,0.00304931,0.00106282,0.000650167,0.000290296,0.000155944,0.000103163,7.67725e-05,8.15708e-05,5.03819e-05,7.19742e-05,7.43733e-05,0.000105562,
8.92943e-05,0.000120513,0.000182491,0.000326188,0.000793089,0.00262879,0.0701093,0.901881,0.0179605,0.00324857,0.00136489,0.000459556,0.00023896,0.000146681,8.81465e-05,7.52918e-05,6.54213e-05,6.63395e-05,7.41441e-05,8.05714e-05,
3.85929e-05,4.87005e-05,4.68628e-05,0.000100158,0.000169992,0.000415333,0.00146193,0.0344607,0.931147,0.0287076,0.00223195,0.000567866,0.000235233,0.000125886,6.52403e-05,4.04306e-05,4.59439e-05,2.94041e-05,2.84852e-05,3.30796e-05,
3.07504e-05,2.77745e-05,4.06698e-05,5.35652e-05,0.000105146,0.000166647,0.00037198,0.00152363,0.0357299,0.922606,0.0366356,0.00183014,0.000466215,0.000148792,8.23316e-05,5.05893e-05,3.47182e-05,3.37262e-05,2.38067e-05,3.7694e-05,
5.37576e-05,5.11669e-05,5.31099e-05,7.1245e-05,9.32662e-05,0.000111401,0.000161921,0.000355578,0.00132062,0.0320272,0.951029,0.0130728,0.000841987,0.000258425,0.000136661,0.000103629,7.77219e-05,7.1245e-05,6.02344e-05,4.85762e-05,
4.8977e-05,4.8977e-05,6.85678e-05,6.26905e-05,5.28951e-05,0.000131258,0.000166522,0.000346757,0.000924685,0.00379865,0.0493394,0.922062,0.020157,0.00164563,0.000550501,0.000229212,0.000137136,9.40358e-05,6.26905e-05,7.24859e-05,
0.000100219,8.35154e-05,5.01093e-05,6.12447e-05,5.84608e-05,0.000105786,0.000141976,0.000270033,0.000528931,0.00122489,0.00365798,0.0314352,0.931927,0.0270646,0.00193199,0.00059296,0.0003619,0.000192086,0.000125273,8.62993e-05,
0.000122552,9.19143e-05,8.17016e-05,6.12762e-05,8.17016e-05,9.19143e-05,9.19143e-05,0.000224679,0.000340423,0.00061957,0.00154212,0.00323742,0.0356253,0.925417,0.0287624,0.00218211,0.000745527,0.000360849,0.000173616,0.000146382,
0.000110577,7.25662e-05,9.67549e-05,8.98438e-05,6.91106e-05,7.25662e-05,8.63883e-05,0.000110577,0.000231521,0.000331731,0.000753306,0.00105394,0.00274024,0.0307197,0.929459,0.0307715,0.00204222,0.00068074,0.000314453,0.00019351,
0.000230824,0.000112115,0.000122007,0.00010552,9.89247e-05,8.90322e-05,8.24372e-05,0.0001319,0.00015828,0.000237419,0.00070896,0.000537491,0.00092,0.00274351,0.0340532,0.936111,0.0207313,0.0018334,0.000646308,0.000346236,
0.000469957,0.000253054,0.000147889,0.000111738,0.00012817,0.000131457,0.000121597,0.000141316,0.000124884,0.000154461,0.000926769,0.000414088,0.000532399,0.000976065,0.00232349,0.0235011,0.947131,0.020103,0.0016202,0.000686861,
0.00100536,0.00059553,0.000387414,0.000230528,0.000169694,0.000172896,0.000246536,0.000355397,0.00039702,0.00066917,0.00173856,0.000598731,0.000605135,0.000723601,0.00103097,0.00256462,0.023549,0.940962,0.0219353,0.00206194,
0.00221202,0.00115739,0.000649003,0.000438077,0.000270418,0.000189293,0.000248784,0.000135209,0.000178476,0.000221743,0.000919421,0.000281235,0.000421852,0.000416444,0.000605736,0.00121688,0.00280694,0.0248676,0.939167,0.0235967,
0.0274566,0.00279506,0.00118835,0.000814484,0.000400566,0.000400566,0.000453975,0.00048513,0.000609751,0.00104147,0.00206069,0.000698765,0.000574145,0.000525187,0.000574145,0.000765526,0.00125956,0.00314667,0.02755,0.927199,


0.931891,0.0258023,0.00327428,0.00119394,0.000741688,0.000440189,0.000259289,0.000223109,0.000180899,0.000241199,0.000621088,0.000168839,0.000192959,0.000223109,0.000283409,0.000379889,0.000723598,0.00113967,0.00282806,0.0291911,
0.0267523,0.935866,0.0221104,0.00239873,0.00117991,0.000732584,0.0005543,0.000557542,0.000583474,0.0009368,0.00208106,0.000499194,0.000398707,0.00029822,0.000275529,0.00029822,0.000431123,0.000645063,0.00097894,0.00242142,
0.00187131,0.024577,0.942603,0.0220337,0.00267608,0.00107825,0.000613351,0.000398483,0.000281282,0.000261748,0.000984487,0.000148454,9.76673e-05,0.000148454,0.000164081,0.000148454,0.000183615,0.000355509,0.000480523,0.000894633,
0.000851567,0.00206476,0.0251076,0.938695,0.0255042,0.00292021,0.0010421,0.000688253,0.000303298,0.000314963,0.000797129,0.000155537,0.000101099,0.000132207,0.00012443,0.000128318,0.00012443,0.000213864,0.000326628,0.000404397,
0.000365401,0.000737568,0.0018067,0.0253074,0.937185,0.0282509,0.00263562,0.00111312,0.000585318,0.000338334,0.000554868,0.00015225,9.47335e-05,9.13502e-05,7.44335e-05,8.79668e-05,0.00011165,0.00011165,0.000118417,0.000277434,
0.000204766,0.000360632,0.00064486,0.00205683,0.029908,0.935474,0.0249386,0.00298591,0.00113385,0.000571511,0.00070904,0.00026589,0.000128361,0.000116136,7.3349e-05,7.02928e-05,8.55738e-05,7.64052e-05,9.16862e-05,0.000103911,
0.000124463,0.000173729,0.0003319,0.000622313,0.0017347,0.0248692,0.935261,0.0314527,0.00282375,0.000990515,0.000643057,0.000241146,0.000194473,0.000137427,7.51962e-05,7.00102e-05,5.70454e-05,6.22313e-05,6.74172e-05,6.74172e-05,
6.98119e-05,8.23422e-05,0.000139624,0.000252397,0.000506584,0.00148932,0.0272302,0.927064,0.0383411,0.00295358,0.000914715,0.000340109,0.000195115,0.000109193,7.3392e-05,5.19114e-05,4.47512e-05,4.83313e-05,5.01214e-05,4.29612e-05,
3.7984e-05,5.31776e-05,4.99219e-05,9.98437e-05,0.000158448,0.000371158,0.00125456,0.0322843,0.931582,0.0307269,0.00226819,0.000568675,0.000206199,0.000104185,6.51155e-05,4.23251e-05,4.01545e-05,1.95346e-05,3.47283e-05,3.25577e-05,
2.07437e-05,1.6134e-05,2.56827e-05,3.21583e-05,5.93776e-05,0.000114804,0.000301278,0.00130806,0.070617,0.91618,0.0100783,0.000816908,0.000199755,8.74749e-05,4.30241e-05,2.79876e-05,2.20608e-05,1.72316e-05,1.45974e-05,1.70121e-05,
5.19036e-05,5.90403e-05,5.96891e-05,6.81235e-05,8.62897e-05,0.000118081,0.000160901,0.000368516,0.00131705,0.0311448,0.951522,0.0134541,0.000820726,0.000280928,0.00014533,9.73192e-05,7.00699e-05,6.03379e-05,6.35819e-05,5.12548e-05,
1.28403e-05,1.34823e-05,1.25193e-05,1.528e-05,1.8169e-05,2.86339e-05,4.62251e-05,9.37984e-05,0.000299115,0.00128281,0.0712551,0.919359,0.00653565,0.00068381,0.000177453,7.51158e-05,3.55676e-05,2.29199e-05,1.9132e-05,1.34181e-05,
7.21453e-05,8.04697e-05,6.1046e-05,6.93704e-05,8.87942e-05,0.000133191,0.000169264,0.000238634,0.00054109,0.00117097,0.00359616,0.0313332,0.931717,0.0273708,0.0019618,0.000660407,0.000296906,0.000174814,0.000160939,0.000102668,
0.000127714,0.000104188,0.000127714,9.74659e-05,0.000100827,0.000157962,0.000178127,0.000205014,0.000359616,0.000796532,0.00154601,0.00367682,0.0343315,0.925654,0.0291826,0.00192243,0.000692344,0.000342811,0.000238623,0.000157962,
0.000151754,0.000113816,0.000117265,8.96731e-05,6.89793e-05,0.000106918,8.96731e-05,0.000117265,0.000213836,0.00033455,0.000844997,0.00111402,0.00273158,0.0305785,0.928917,0.0312649,0.00193832,0.000648406,0.000344897,0.000213836,
0.000136034,7.94156e-05,7.00726e-05,6.76434e-05,6.80171e-05,6.44668e-05,6.6896e-05,8.87586e-05,0.000109126,0.000171351,0.000708387,0.000343262,0.000588797,0.00169968,0.0340637,0.946765,0.0133784,0.000917671,0.000375963,0.000237313,
0.000376267,0.000193218,0.000118643,0.000128812,0.000138982,0.000145761,0.000118643,0.000108473,0.000145761,0.000240676,0.000976261,0.000386437,0.000474571,0.000874567,0.00259997,0.0234506,0.945801,0.0212642,0.0017288,0.000728806,
0.000600716,0.000355869,0.000309279,0.000211143,0.000202221,0.000194291,0.000223038,0.000332079,0.000375695,0.000490683,0.00172086,0.000602698,0.000565029,0.000678035,0.00082871,0.00197959,0.0234755,0.947084,0.0182197,0.00155135,
0.00215351,0.00113701,0.000618283,0.000413935,0.000261984,0.000199108,0.000178149,0.000183389,0.000104794,0.000209588,0.000906466,0.000188629,0.000319621,0.000387737,0.00067592,0.00116845,0.00275084,0.0250405,0.9401,0.0230022,
0.0276472,0.00312355,0.00123403,0.000747805,0.000489305,0.000418525,0.000492382,0.00055393,0.000677025,0.000990919,0.00201261,0.000892442,0.000677025,0.000643174,0.0006124,0.000757037,0.0011571,0.00333896,0.0353007,0.918234,


0.932131,0.026735,0.00325237,0.00140167,0.000691735,0.000515767,0.000321596,0.00025485,0.000200239,0.000230578,0.000667464,0.000163832,0.000260918,0.000212375,0.000327664,0.000376207,0.000612853,0.00108008,0.00278514,0.0277786,
0.0271813,0.93513,0.0231122,0.00244478,0.00118137,0.000836804,0.000603811,0.000528335,0.000505364,0.000859775,0.00140124,0.000469266,0.000387227,0.000315032,0.000305187,0.00031175,0.000439732,0.000433169,0.000882746,0.00267121,
0.00195312,0.0239534,0.944147,0.0213887,0.00257613,0.00113518,0.000580966,0.00040897,0.000244617,0.000225507,0.000806473,0.000175819,0.000126131,6.49765e-05,9.55537e-05,0.000145242,0.000206396,0.000343993,0.000527456,0.000894383,
0.000875547,0.00212254,0.0250156,0.938905,0.0251635,0.00288438,0.00120909,0.000625391,0.000390396,0.000295639,0.000746679,0.000231205,0.000117498,9.09659e-05,0.000132659,0.000140239,0.000174351,0.000227415,0.000257737,0.000394186,
0.000365285,0.00073057,0.00203126,0.0247199,0.937516,0.0283215,0.00262869,0.00115389,0.000522323,0.000314077,0.000549634,9.55886e-05,0.000139969,8.19331e-05,9.90025e-05,8.19331e-05,8.19331e-05,0.000133141,0.000187763,0.000245799,
0.00021492,0.000303958,0.000693884,0.00200489,0.0296743,0.935929,0.0250873,0.00280317,0.00107153,0.000577213,0.000641689,0.000184217,0.000119741,0.0001136,6.75462e-05,0.000128952,7.6757e-05,9.21085e-05,8.90382e-05,0.000125882,
0.000114277,0.000163624,0.000301277,0.000566193,0.00196349,0.0236892,0.935423,0.0318444,0.00309068,0.00104927,0.000722025,0.000322054,0.000168819,0.000122069,8.83053e-05,6.49303e-05,8.31108e-05,5.19443e-05,6.49303e-05,0.000106486,
4.54817e-05,0.000103698,0.000127349,0.000207396,0.000505756,0.00154274,0.0266923,0.926849,0.0391597,0.00279985,0.00106245,0.000316552,0.000165553,0.000116433,6.73129e-05,6.18551e-05,4.18431e-05,4.36624e-05,4.73009e-05,4.36624e-05,
3.23852e-05,4.27948e-05,5.66741e-05,7.86498e-05,0.000156143,0.00037937,0.00128731,0.0304537,0.930956,0.0330722,0.00232827,0.000596813,0.000246359,9.71557e-05,5.55175e-05,3.58551e-05,3.81683e-05,2.77588e-05,2.19757e-05,3.70117e-05,
3.57404e-05,2.77981e-05,3.87187e-05,5.85745e-05,7.24736e-05,0.000157853,0.00038818,0.0015696,0.0340387,0.922736,0.0381628,0.00187041,0.000413,0.000176716,7.14808e-05,5.75817e-05,4.36827e-05,3.67332e-05,1.68774e-05,2.68053e-05,
2.49229e-05,2.1107e-05,1.84834e-05,1.85255e-05,2.09033e-05,3.18273e-05,5.94816e-05,0.000171059,0.000961052,0.0594739,0.932079,0.00621803,0.000593053,0.000118536,4.88843e-05,2.93737e-05,2.66928e-05,2.82185e-05,2.88853e-05,2.76038e-05,
4.69578e-05,6.26104e-05,7.63065e-05,3.91315e-05,9.19591e-05,0.000109568,0.000197614,0.000358053,0.000960679,0.00374684,0.0464687,0.923561,0.0215302,0.00158483,0.000540015,0.000271964,0.000111525,9.19591e-05,7.8263e-05,7.23933e-05,
8.62215e-05,3.89388e-05,8.06588e-05,6.39708e-05,8.06588e-05,9.73469e-05,0.000164099,0.000225288,0.000517329,0.0011181,0.00355733,0.0305252,0.932311,0.0278607,0.00198309,0.000634145,0.000289259,0.000150192,0.000116816,0.000100128,
7.21417e-05,5.99331e-05,5.54936e-05,5.66035e-05,7.43615e-05,7.76911e-05,7.99109e-05,0.000147613,0.000228634,0.000390675,0.0014051,0.00141287,0.0179267,0.958517,0.0176636,0.000914535,0.000403994,0.000206436,0.000187569,0.000118756,
