0.931205,0.0237217,0.00300206,0.00137168,0.000523406,0.000427147,0.000330889,0.000324873,0.000264711,0.000162436,0.000643729,0.000180485,0.000252679,0.000258695,0.000204549,0.000451212,0.000619664,0.00123933,0.00252077,0.0322947,
0.0270047,0.949932,0.0147236,0.00153705,0.000779055,0.000438338,0.00033306,0.000235439,0.000218212,0.000208641,0.00121931,0.000164616,0.000132076,0.000105278,0.000164616,0.000181843,0.000223954,0.000403883,0.000622095,0.00137244,
0.0017594,0.0249415,0.947554,0.0180492,0.00231466,0.000874857,0.000542347,0.00040676,0.00020338,0.000154956,0.000774781,0.000180782,0.000135587,0.000132358,0.000132358,0.00020338,0.000171097,0.000248576,0.000445499,0.000774781,
0.00135044,0.00314624,0.0405566,0.927362,0.0181444,0.00267698,0.00134407,0.000864194,0.000611518,0.000390692,0.00104786,0.000224542,0.000163496,0.000165089,0.000165089,0.000186322,0.000225603,0.000305759,0.000403432,0.000666194,
0.000375358,0.000729267,0.00228432,0.0291707,0.935185,0.0255315,0.00291349,0.0010939,0.000622022,0.000350334,0.000493328,0.000153718,0.000139419,0.000114395,8.22213e-05,0.00011082,0.000128694,0.00011797,0.000185892,0.000218065,
0.000305771,0.000504037,0.00103755,0.00356342,0.0854558,0.88747,0.0153669,0.00272113,0.00117151,0.000596136,0.000589773,0.00022037,0.000148364,0.000118557,0.000102482,0.000102817,9.24346e-05,0.000112194,0.00014602,0.000174822,
0.000238475,0.000307738,0.000569447,0.00145759,0.00527276,0.0764352,0.886699,0.0200981,0.00429518,0.00194462,0.00107007,0.000436182,0.000232776,0.000170966,0.000126252,0.000108717,0.000109155,0.000111347,0.000135896,0.00018061,
6.90341e-05,6.72174e-05,0.000128985,0.000241619,0.000506855,0.0014479,0.0319555,0.92827,0.0324696,0.00297936,0.000930143,0.00036697,0.000185302,8.90176e-05,7.81175e-05,5.45006e-05,3.27003e-05,2.9067e-05,5.45006e-05,4.36005e-05,
4.45543e-05,4.45543e-05,6.51178e-05,8.68238e-05,0.000159939,0.000381568,0.00126237,0.0377272,0.929586,0.0272433,0.00228141,0.000536937,0.000222772,0.000122239,5.48361e-05,5.36937e-05,3.65574e-05,2.85605e-05,3.5415e-05,2.62756e-05,
8.73989e-05,0.000109693,0.000127251,0.000188411,0.00035512,0.000663285,0.00189279,0.00849032,0.0709573,0.893737,0.0195357,0.00205476,0.000766467,0.000356895,0.000213466,0.000130408,9.92363e-05,8.22694e-05,7.89155e-05,7.31942e-05,
0.000112344,0.000116606,0.000121335,0.00012535,0.000153824,0.000230404,0.000407726,0.00121975,0.00688523,0.0594387,0.923732,0.00553932,0.000811412,0.000322205,0.000189564,0.000134932,0.000120522,0.000112221,0.000108699,0.000117985,
5.54803e-05,4.59147e-05,4.40016e-05,8.22639e-05,6.50459e-05,0.000112874,0.00017792,0.000392188,0.000998646,0.0035163,0.0589124,0.914742,0.0180655,0.00174859,0.000472539,0.000223834,0.000132005,8.99164e-05,6.12196e-05,6.12196e-05,
0.000271156,0.000210441,0.000167238,0.000145871,0.000166508,0.000227639,0.000385392,0.000859068,0.00227843,0.0080786,0.0208856,0.0728827,0.873115,0.0159236,0.0020005,0.000864228,0.000486288,0.000383725,0.000347036,0.000320978,
0.000270553,0.000226935,0.00017859,0.000159347,0.000156241,0.000194593,0.000283111,0.000501471,0.00108194,0.00278473,0.00570625,0.00762274,0.0429413,0.919404,0.0150975,0.00138288,0.000753794,0.000507075,0.00040431,0.000342597,
0.000291032,0.000232778,0.000189069,0.000161467,0.00015701,0.000177653,0.000228947,0.000338416,0.000612793,0.00128446,0.00295598,0.00253202,0.00341982,0.033735,0.935818,0.0150548,0.00125201,0.000723044,0.000469232,0.000366878,
0.000385784,0.000287457,0.000224586,0.000185935,0.000179648,0.00019047,0.000255506,0.000348164,0.000536058,0.000906794,0.00229337,0.00137029,0.00176391,0.00258444,0.0340984,0.935516,0.0161338,0.00147181,0.000751058,0.000516578,
0.000606857,0.000427733,0.000328062,0.000281928,0.000259716,0.000302717,0.00038758,0.000471589,0.000697843,0.00110721,0.00265283,0.00124205,0.00126384,0.0016396,0.0029218,0.023611,0.938592,0.0202115,0.00204142,0.000952148,
0.000805035,0.000522866,0.000368423,0.00029311,0.000231028,0.00022543,0.000255708,0.000308631,0.000373766,0.000488771,0.00184949,0.000588256,0.000679853,0.000817503,0.00135411,0.00275732,0.0235569,0.945666,0.017235,0.00162279,
0.00199001,0.00108932,0.00059889,0.000363106,0.00024993,0.000216921,0.000240499,0.000226352,0.000292371,0.000245215,0.0010846,0.000198058,0.000405548,0.000396116,0.000580027,0.00115534,0.00239556,0.0248091,0.943304,0.0201595,
0.0274299,0.00312436,0.00128942,0.000704222,0.000476094,0.000540565,0.000520727,0.00050089,0.000580239,0.00103154,0.00189942,0.000813327,0.000729018,0.000729018,0.000609995,0.000818286,0.00123983,0.00360542,0.0311792,0.922179,


0.931045,0.0240456,0.0030072,0.00133185,0.000801519,0.000385693,0.000355561,0.000283243,0.000216952,0.000222979,0.000723175,0.000229005,0.000210926,0.000241058,0.000241058,0.000524302,0.000620725,0.00120529,0.00268177,0.0316268,
0.0270507,0.946151,0.0149965,0.00154015,0.000920662,0.000630087,0.000525073,0.000414553,0.000413125,0.000502846,0.00163027,0.000281398,0.000247141,0.000212884,0.00021839,0.00025489,0.00035501,0.000528743,0.000888444,0.00223814,
0.00218343,0.0251917,0.945348,0.0185789,0.00242677,0.00111145,0.000539282,0.000440633,0.000318966,0.000210452,0.00100951,0.000124956,0.00015455,0.000115091,0.000203875,0.000170992,0.000207163,0.000286083,0.000552435,0.000825365,
0.0010635,0.00219534,0.0289068,0.934891,0.0247638,0.00314353,0.00118736,0.000666291,0.00038867,0.000316061,0.000734628,0.000183657,0.00011532,0.000106777,0.000119591,0.000102506,0.000158031,0.00019647,0.000264808,0.000495447,
0.000243627,0.000365963,0.00075702,0.0167433,0.963281,0.0143311,0.00116376,0.0005594,0.000321002,0.000231079,0.00122336,0.000122336,7.63294e-05,5.3326e-05,6.16909e-05,7.42382e-05,8.67855e-05,7.7375e-05,9.30591e-05,0.000133838,
0.000216238,0.000347292,0.000720794,0.00210013,0.0356302,0.930555,0.0237829,0.00309941,0.00127449,0.000619228,0.000606122,0.000203133,0.000144159,8.19084e-05,8.84611e-05,0.000108119,8.51847e-05,7.86321e-05,0.000111395,0.000147435,
0.000134569,0.000201854,0.000302781,0.000590035,0.00178563,0.0277213,0.93573,0.0276954,0.00303816,0.00109985,0.000670259,0.000305369,0.000214793,0.000103515,6.46968e-05,6.21089e-05,6.46968e-05,5.43453e-05,6.98725e-05,9.05755e-05,
5.98935e-05,6.35234e-05,0.000128862,0.000263168,0.000506372,0.00151912,0.0314985,0.928661,0.0326329,0.002864,0.000911107,0.000341211,0.000174236,9.07477e-05,7.8043e-05,6.17085e-05,3.26692e-05,2.72243e-05,4.1744e-05,4.35589e-05,
3.10738e-05,5.06389e-05,7.48074e-05,7.36565e-05,0.000166878,0.000387848,0.00132927,0.0365474,0.930009,0.0279503,0.00226609,0.000570838,0.000202555,0.000103579,7.59583e-05,4.60353e-05,3.56774e-05,2.41685e-05,2.53194e-05,2.87721e-05,
3.63699e-05,1.37616e-05,4.22677e-05,6.78249e-05,8.65014e-05,0.000169071,0.00040695,0.00154031,0.0421645,0.92067,0.0321235,0.00180866,0.000434473,0.000163173,8.55184e-05,5.50463e-05,4.71826e-05,2.94891e-05,2.94891e-05,2.55572e-05,
5.42607e-05,5.68142e-05,6.7028e-05,7.53267e-05,8.23487e-05,0.00011682,0.000167889,0.000347269,0.0013163,0.0369797,0.94747,0.0116935,0.000815826,0.000254068,0.000135333,0.0001015,8.04336e-05,6.83047e-05,5.17073e-05,6.57513e-05,
0.00020616,0.00016576,0.000133321,0.00012631,0.000149036,0.000245135,0.000532571,0.00134212,0.00502491,0.0319984,0.135005,0.801356,0.0185532,0.00289462,0.000861893,0.000382496,0.000257611,0.000251581,0.000265513,0.000248997,
5.26024e-05,4.70653e-05,6.64452e-05,8.02879e-05,6.64452e-05,0.00013289,0.00017165,0.000274086,0.000570321,0.00116556,0.00356035,0.0350388,0.931492,0.0239203,0.0019546,0.000717054,0.000260244,0.000185493,0.000143965,9.96678e-05,
0.000138544,0.000104753,7.43409e-05,0.000104753,7.772e-05,0.000101374,0.00011489,0.000236539,0.000300743,0.000493353,0.00159495,0.00333182,0.0397758,0.924186,0.0258267,0.00201734,0.000736651,0.000327776,0.000219644,0.000236539,
0.000146663,8.868e-05,8.18585e-05,9.55015e-05,8.52692e-05,8.18585e-05,9.89123e-05,0.000153485,0.000173949,0.000334255,0.0008868,0.000978891,0.00269451,0.033521,0.93069,0.0266654,0.00192367,0.000685565,0.000412703,0.000201235,
0.000269032,0.00019257,9.34532e-05,7.64617e-05,8.21255e-05,8.21255e-05,7.92936e-05,0.000121772,0.000135932,0.00020673,0.000761785,0.000470098,0.000906213,0.00229668,0.0340963,0.940014,0.0177731,0.00150941,0.000521072,0.000311511,
0.000381831,0.000203643,0.000181016,0.000141419,7.91945e-05,0.00010465,8.20229e-05,0.000107478,0.000172531,0.000152732,0.000941849,0.000305464,0.000446883,0.000786288,0.00227684,0.0238149,0.949938,0.0177792,0.00148772,0.000616586,
0.000721362,0.000415249,0.000311437,0.000218272,0.00018633,0.0002582,0.000250214,0.0002582,0.000383307,0.00047381,0.00145071,0.000513738,0.000535033,0.000593593,0.000939634,0.0021215,0.0233498,0.946728,0.0184147,0.00187661,
0.00192299,0.000880812,0.000546716,0.000404172,0.000355014,0.000380863,0.000469019,0.000566738,0.000775174,0.00121311,0.00293111,0.00107416,0.000803264,0.000773082,0.000816861,0.00112825,0.00240546,0.0252005,0.937307,0.0200456,
0.0219143,0.0026778,0.00133978,0.000863808,0.00066284,0.000551192,0.000525336,0.000500068,0.000562357,0.000704562,0.00168002,0.000592913,0.000579398,0.000575284,0.000731005,0.00103363,0.00186336,0.00393297,0.037712,0.920997,


0.930666,0.024542,0.00312257,0.00115781,0.000736786,0.000520428,0.000309918,0.000175425,0.000251443,0.00025729,0.000637378,0.000169578,0.000169578,0.000198815,0.000268985,0.000391783,0.000637378,0.00126306,0.00287697,0.0316467,
0.0270444,0.937909,0.0212942,0.00239016,0.00104235,0.000560538,0.000456618,0.000434574,0.000491258,0.000758931,0.00170681,0.000488109,0.000355847,0.000330654,0.000324356,0.000343251,0.000377891,0.000585731,0.000919534,0.00218547,
0.0018562,0.0250358,0.946938,0.0181322,0.00233473,0.000984486,0.000588253,0.000402329,0.000249931,0.000152397,0.00120699,0.000112774,9.75342e-05,9.44863e-05,0.000112774,0.000164589,0.00019202,0.000262123,0.000365753,0.000716267,
0.000892608,0.00217144,0.0295977,0.934136,0.024993,0.0031885,0.00131746,0.000545006,0.00043343,0.000326145,0.000750992,0.000137324,0.000150198,0.000133033,7.72449e-05,0.000120159,0.000137324,0.000171655,0.000274649,0.000446304,
0.000544121,0.00101082,0.00277251,0.056041,0.915739,0.016866,0.0023815,0.00119638,0.000650091,0.000448533,0.000735299,0.000220157,0.000170849,0.00011808,0.000125001,0.000136247,0.000135814,0.000152683,0.000241351,0.000314881,
0.000190432,0.000325048,0.00075188,0.00196999,0.0354467,0.931182,0.0237909,0.00306005,0.00111961,0.000607414,0.000551597,0.000190432,0.000151033,0.000111633,6.2383e-05,8.20829e-05,6.56663e-05,0.000101783,7.87996e-05,0.000160883,
0.000106887,0.000153043,0.000289082,0.000597598,0.0018098,0.0286555,0.935627,0.0271688,0.0029637,0.00105187,0.000646183,0.000235638,0.000155473,0.000116604,5.83022e-05,7.28778e-05,5.83022e-05,7.53071e-05,7.77363e-05,8.01656e-05,
6.17613e-05,7.05843e-05,0.000151756,0.000217047,0.000520559,0.00156874,0.0309565,0.927822,0.0339175,0.00279161,0.000981122,0.000344099,0.000174696,0.000107641,6.17613e-05,6.52905e-05,5.82321e-05,3.70568e-05,3.70568e-05,5.47029e-05,
3.68489e-05,3.45459e-05,6.1031e-05,8.63646e-05,0.000166972,0.000396126,0.00130814,0.0357319,0.930155,0.0285809,0.002371,0.000550431,0.000190002,0.000123214,5.06673e-05,4.26066e-05,3.80004e-05,2.07275e-05,1.84245e-05,3.68489e-05,
3.14716e-05,2.85211e-05,4.03229e-05,6.58936e-05,8.65468e-05,0.000153424,0.000379626,0.00154604,0.0410133,0.92131,0.0327491,0.0017388,0.000440602,0.000148506,7.76954e-05,5.99927e-05,3.6389e-05,3.2455e-05,2.26202e-05,3.8356e-05,
4.47717e-05,5.62844e-05,5.43657e-05,7.22743e-05,8.76246e-05,0.000117686,0.000179087,0.000384397,0.00132588,0.0362306,0.948018,0.0118894,0.000786063,0.000280143,0.000138792,9.72186e-05,6.71576e-05,6.84368e-05,5.50053e-05,4.66905e-05,
5.30768e-05,4.54944e-05,3.60164e-05,6.06593e-05,8.71977e-05,0.00012511,0.000155439,0.000333626,0.000949696,0.00373244,0.0558975,0.916766,0.0189276,0.00171742,0.000506126,0.000225577,0.000145961,9.66757e-05,8.15109e-05,5.6868e-05,
6.90592e-05,6.07721e-05,6.62969e-05,8.28711e-05,7.18216e-05,0.000143643,0.000135356,0.000270712,0.000519326,0.00117677,0.00373749,0.0342341,0.931084,0.0250464,0.001953,0.00064087,0.000317673,0.000176792,0.000121544,9.11582e-05,
0.000124245,0.000117529,0.000114171,8.73075e-05,9.73814e-05,9.40235e-05,0.000137677,0.000255207,0.000379452,0.000792484,0.00167563,0.0033882,0.0381937,0.925305,0.0256382,0.00207859,0.000708534,0.000372736,0.000275354,0.000164541,
0.000109898,9.95948e-05,9.95948e-05,7.89889e-05,8.24232e-05,9.61605e-05,0.000116766,0.000133938,0.00024727,0.000329693,0.000827667,0.00110585,0.00281269,0.033845,0.929473,0.02755,0.00180644,0.000621609,0.000346864,0.000216361,
0.000177566,0.000146562,0.000115559,8.73737e-05,0.000121196,8.73737e-05,7.60996e-05,9.58292e-05,0.00016911,0.000233936,0.00105412,0.000535516,0.000845552,0.00235909,0.0341716,0.939013,0.0182696,0.00152199,0.00062289,0.000295943,
0.000363212,0.000299286,0.000165624,0.000104605,0.000101699,0.00012785,0.000101699,9.58879e-05,0.00012785,0.000156907,0.00117099,0.000351589,0.000441665,0.000839745,0.00210372,0.0233589,0.950313,0.0176143,0.00156326,0.000598573,
0.00078005,0.000492288,0.000309166,0.00017123,0.000156961,0.000149827,0.000235442,0.000235442,0.00029014,0.000413807,0.00154107,0.000492288,0.000444723,0.000637358,0.000865665,0.00222362,0.0234681,0.946236,0.0189424,0.00191445,
0.00224487,0.00105851,0.000531814,0.000352838,0.000235226,0.000219885,0.00019943,0.000173862,0.000163635,0.000143181,0.00107386,0.000281248,0.000363066,0.00038352,0.0006392,0.00115056,0.00280737,0.02521,0.940227,0.0225407,
0.0275743,0.00343838,0.00116857,0.000678057,0.000480892,0.000408758,0.000495318,0.000466465,0.000846369,0.00107239,0.0021015,0.00079828,0.000750191,0.000697293,0.000581879,0.000831943,0.00148115,0.00358264,0.0306376,0.921908,


0.931505,0.0242626,0.00346522,0.00134021,0.000561438,0.00045881,0.000283738,0.000235442,0.000211294,0.000217331,0.000700289,0.000156961,0.000156961,0.00013885,0.000217331,0.000289775,0.000633882,0.00134021,0.00276493,0.0310602,
0.0269935,0.952559,0.0133553,0.00111472,0.00064409,0.000480579,0.000321334,0.00018626,0.000136496,0.000160667,0.0012697,9.66846e-05,9.81064e-05,0.000125121,0.000136496,0.000147871,0.000214697,0.000373942,0.000482001,0.00110334,
0.00182345,0.02469,0.951795,0.0140703,0.00146975,0.000840916,0.00055443,0.000399134,0.000274433,0.000248937,0.00139002,0.000167349,0.000125627,0.000130727,0.000151819,0.000154137,0.000210229,0.00029344,0.000451517,0.000758864,
0.00105257,0.00218846,0.028586,0.934938,0.0249853,0.0031577,0.00126308,0.000640312,0.000394713,0.000328927,0.000741183,0.000153499,0.000127185,0.000105257,0.000114028,0.000171042,0.000162271,0.000171042,0.000276299,0.000442955,
0.000361802,0.000698529,0.00198812,0.0276259,0.935026,0.027411,0.00306995,0.00115347,0.000677036,0.000336727,0.000540912,0.000150452,0.00011463,0.000118213,6.80618e-05,7.1644e-05,8.59728e-05,0.000107466,0.000200603,0.000193439,
0.00015401,0.000324404,0.000750389,0.00201851,0.0340919,0.931793,0.0244384,0.00289998,0.00131072,0.000579995,0.000547227,0.0002261,0.000140903,0.000108135,0.000114688,9.83042e-05,9.50274e-05,9.50274e-05,0.000114688,9.83042e-05,
0.000147476,0.000144889,0.000300127,0.000618365,0.00185251,0.0267475,0.935527,0.0289545,0.00303232,0.00108408,0.000620953,0.000256143,0.000131952,0.00013454,5.95079e-05,8.27937e-05,6.46826e-05,4.91587e-05,8.5381e-05,0.000106079,
6.35597e-05,6.69953e-05,0.000137426,0.000273135,0.000503324,0.00157181,0.0308368,0.927817,0.0339735,0.00279491,0.00104959,0.000314363,0.000154605,0.000121966,8.0738e-05,5.15349e-05,3.43566e-05,4.63814e-05,5.15349e-05,5.66884e-05,
4.25135e-05,4.02155e-05,4.36626e-05,8.84741e-05,0.000162011,0.00039641,0.00126392,0.0347968,0.930699,0.0290701,0.00228309,0.000567613,0.000218313,9.07721e-05,5.74507e-05,4.13645e-05,2.75763e-05,4.02155e-05,2.87254e-05,4.13645e-05,
3.73742e-05,4.6226e-05,2.9506e-05,6.39296e-05,8.95015e-05,0.000179003,0.000357022,0.00161299,0.0396875,0.922006,0.0333349,0.00174085,0.00036194,0.000169168,8.36003e-05,5.60614e-05,3.73742e-05,3.83578e-05,3.44236e-05,3.44236e-05,
7.33878e-05,5.87102e-05,7.14733e-05,7.21114e-05,7.8493e-05,0.000122526,0.000178045,0.000375873,0.00131332,0.0349983,0.948749,0.0123247,0.000805351,0.000264834,0.000128269,9.18942e-05,8.42364e-05,8.42364e-05,6.25391e-05,6.25391e-05,
5.20441e-05,4.04787e-05,5.78268e-05,5.01165e-05,6.93921e-05,0.000109871,0.00018119,0.000379729,0.000992693,0.00369706,0.0543957,0.918113,0.0189961,0.00170782,0.000503093,0.000233235,0.00018119,0.000104088,8.2885e-05,5.20441e-05,
7.18544e-05,8.56725e-05,6.07998e-05,7.18544e-05,8.84361e-05,0.000102254,0.000160291,0.00028189,0.00056378,0.00118836,0.00347388,0.0333238,0.931661,0.0255,0.00208378,0.000627344,0.000290181,0.000179636,9.11998e-05,9.39634e-05,
0.000111556,7.77513e-05,0.000121698,0.000118317,6.08488e-05,0.000121698,0.000182547,0.00020621,0.000280581,0.000493552,0.00139952,0.00331288,0.0384869,0.924889,0.0266653,0.00204182,0.000736947,0.000314386,0.000243395,0.00013522,
0.000172595,6.5586e-05,8.28455e-05,5.17784e-05,6.90379e-05,6.5586e-05,8.28455e-05,0.000176047,0.000220921,0.000293411,0.000700735,0.00096653,0.00258547,0.0323546,0.930551,0.0285161,0.00178463,0.00065586,0.000424583,0.000179499,
0.000142173,0.000160323,8.16739e-05,7.86489e-05,7.2599e-05,0.000120998,7.5624e-05,0.000117973,0.000181498,0.000257122,0.000735065,0.000411394,0.000925637,0.00243509,0.0337192,0.938832,0.0190966,0.0016365,0.000574742,0.000344845,
0.000380522,0.000282419,0.000196207,9.21577e-05,9.81033e-05,8.32392e-05,7.13479e-05,0.000101076,0.000124859,0.000193234,0.00116535,0.000365658,0.000514299,0.000814555,0.00200071,0.0244545,0.948413,0.0185921,0.00137047,0.000686723,
0.000936362,0.000499583,0.000348281,0.000282621,0.000205543,0.000245509,0.000245509,0.000302605,0.000362555,0.00065945,0.0017414,0.000639467,0.000602355,0.000650886,0.00115047,0.00238944,0.0234404,0.944435,0.0190099,0.00185274,
0.00216739,0.0010051,0.000495403,0.000271519,0.000181013,0.000257229,0.000142905,0.000133378,0.00019054,0.000176249,0.00108131,0.00020483,0.000304864,0.000438241,0.000685943,0.00106226,0.00285333,0.0246939,0.942829,0.020826,
0.0138234,0.000896798,0.000463446,0.000298359,0.000258807,0.000183143,0.000141871,0.000169386,0.000165086,0.000239891,0.00163109,0.000202919,0.000202919,0.00019604,0.000320715,0.000324154,0.000467745,0.000950107,0.0140676,0.964997,


0.915492,0.0194327,0.00254744,0.00127293,0.0008393,0.000649069,0.00050807,0.000488771,0.000523824,0.000624257,0.00129223,0.000401336,0.000360769,0.000350135,0.000421422,0.000567148,0.00083418,0.00135722,0.00363329,0.0484041,
0.0270565,0.941902,0.0187787,0.0019951,0.000939307,0.000498155,0.000463457,0.000416368,0.00042876,0.000579941,0.00173735,0.000342017,0.000280057,0.000314755,0.000218098,0.000270144,0.000384149,0.000513025,0.00085752,0.00202484,
0.0013491,0.0247734,0.951349,0.0160588,0.00170187,0.000686308,0.00043402,0.000267254,0.00023946,0.00013042,0.00112033,0.000102626,6.6279e-05,7.0555e-05,0.00010904,0.000115454,0.000183871,0.000277944,0.000329257,0.000634995,
0.000829927,0.00218164,0.0271575,0.936453,0.0248978,0.00309374,0.00140923,0.000624499,0.000419072,0.000242404,0.000813492,0.000160233,0.000172559,0.000172559,0.000139691,0.000102714,0.000188993,0.000193102,0.000262947,0.000484809,
0.000379954,0.000863858,0.00195354,0.027242,0.935408,0.0275108,0.00295361,0.00111119,0.000616529,0.000358447,0.00051258,0.000179224,0.000125457,0.000111119,7.88584e-05,0.000111119,6.09361e-05,0.000100365,0.000143379,0.000179224,
0.000210256,0.000351522,0.000634053,0.00208285,0.0331646,0.932547,0.0243404,0.00317684,0.00123854,0.000538781,0.000643909,0.000206971,0.000167548,9.85574e-05,0.000111698,8.54165e-05,5.91345e-05,0.000111698,0.000121554,0.000108413,
0.00010103,0.000170974,0.000339357,0.00060877,0.00185999,0.0258663,0.935574,0.0297883,0.0030024,0.00104657,0.000668352,0.00025128,0.00015284,0.000119164,5.44008e-05,7.77154e-05,5.18102e-05,8.03059e-05,0.00010362,8.28964e-05,
8.03112e-05,8.745e-05,0.00011422,0.000269489,0.000501499,0.0014813,0.0298437,0.927595,0.0353316,0.00282874,0.000944103,0.000344446,0.000203455,9.45888e-05,5.88949e-05,3.03398e-05,4.46174e-05,5.71102e-05,4.1048e-05,4.81868e-05,
3.68341e-05,3.4532e-05,5.41002e-05,9.66896e-05,0.000169207,0.000366039,0.00130301,0.0339035,0.930594,0.0299473,0.00235854,0.000565174,0.00019453,0.000116258,6.10066e-05,5.0647e-05,5.1798e-05,2.18703e-05,3.79852e-05,3.68341e-05,
2.16425e-05,3.5415e-05,4.52525e-05,6.78788e-05,8.2635e-05,0.000179043,0.000395468,0.00154055,0.0386978,0.921937,0.0343103,0.00184847,0.000370874,0.000187896,8.16513e-05,5.70575e-05,4.03338e-05,3.5415e-05,2.45938e-05,4.03338e-05,
5.30368e-05,5.68708e-05,5.68708e-05,6.90118e-05,8.37087e-05,0.000124605,0.000177641,0.000346976,0.00133359,0.0339704,0.949781,0.0124074,0.00075913,0.000284993,0.000123966,0.00010863,7.66798e-05,7.54018e-05,5.49538e-05,5.49538e-05,
3.49248e-05,3.68651e-05,6.59691e-05,7.56704e-05,6.01483e-05,0.000110595,0.000174624,0.000382233,0.000972074,0.00360114,0.0539375,0.918435,0.0193212,0.00170549,0.000504469,0.000194027,0.000153281,9.50731e-05,8.14912e-05,5.8208e-05,
7.72216e-05,7.44637e-05,8.27374e-05,5.79162e-05,7.99795e-05,0.000104801,0.000165475,0.00026476,0.000488151,0.00125761,0.00370664,0.0331529,0.9314,0.0258141,0.0018478,0.000697752,0.000361287,0.000165475,0.000113074,8.82532e-05,
0.00012831,9.45444e-05,9.7921e-05,7.42849e-05,8.44147e-05,0.00012831,0.000135063,0.000185712,0.000341035,0.000580773,0.00145193,0.0031875,0.0369567,0.925361,0.027688,0.00210361,0.000688824,0.000374801,0.000199219,0.00013844,
0.000151818,6.55577e-05,6.21073e-05,6.21073e-05,7.24585e-05,8.28097e-05,0.000110413,0.000175971,0.000234628,0.000262231,0.000810845,0.00104547,0.00266371,0.0325787,0.929325,0.0289972,0.00198743,0.000710784,0.000334689,0.000265681,
0.000228657,0.000123598,7.7249e-05,8.34289e-05,9.88787e-05,8.65188e-05,9.26987e-05,0.000105059,0.000163768,0.000256467,0.000630351,0.000506753,0.000979517,0.0024627,0.0341193,0.937753,0.0194945,0.0016933,0.000639621,0.000404784,
0.000339308,0.000264269,0.000176179,9.46148e-05,0.000120715,0.000130503,9.78774e-05,9.78774e-05,0.000146816,0.000137028,0.00102445,0.000388247,0.000482862,0.00102119,0.00227402,0.0235689,0.947459,0.0197125,0.00171285,0.000750393,
0.000907707,0.000489001,0.000281175,0.0002934,0.000207825,0.000216994,0.000207825,0.000247557,0.000430932,0.000675432,0.00173901,0.000544013,0.000568463,0.00069377,0.000950495,0.00247251,0.023524,0.941149,0.0222862,0.00211493,
0.002361,0.00107364,0.000549543,0.000417245,0.000228976,0.000188269,0.000137386,0.000111944,0.000183181,0.000162828,0.00104311,0.000284948,0.00037145,0.000463041,0.000636045,0.00117541,0.00271718,0.0250449,0.941397,0.0214525,
0.026644,0.00325295,0.00133304,0.000741973,0.000503033,0.000469497,0.000553336,0.00056172,0.000574296,0.000901267,0.00203728,0.000876116,0.000658135,0.000557528,0.000645559,0.000779701,0.00133304,0.00342062,0.0370232,0.917134,


0.931911,0.0252664,0.00289794,0.0013886,0.000748634,0.00048299,0.000271682,0.000211308,0.000211308,0.000193196,0.000754671,0.000181121,0.000193196,0.000187159,0.000271682,0.000416579,0.000579588,0.0011954,0.00268059,0.0299574,
0.0270599,0.943382,0.0181559,0.00180249,0.000887692,0.000571466,0.000413353,0.000413353,0.000426905,0.000596312,0.00169859,0.000368178,0.00023717,0.000239428,0.00025524,0.000207806,0.000302674,0.000483374,0.00067311,0.00182508,
0.00215203,0.0249667,0.942627,0.0214849,0.00266741,0.00121568,0.000633412,0.000365884,0.000302936,0.000239988,0.000865532,0.000192778,0.000137698,0.00012983,0.000121961,0.000200646,0.000196712,0.000255725,0.000401292,0.000841926,
0.00105658,0.00255526,0.0375122,0.925575,0.0253166,0.00292994,0.00114275,0.000723117,0.000449607,0.000262271,0.000550768,0.000153616,0.000131135,0.000134882,0.000127389,0.000157362,0.000149869,0.00023979,0.000333458,0.000498314,
0.000376031,0.000705507,0.00205206,0.0269776,0.934818,0.0283062,0.00307271,0.00124269,0.000565838,0.000293663,0.000569419,0.000136088,0.0001146,9.31125e-05,6.80438e-05,8.595e-05,7.1625e-05,0.000136088,0.000103856,0.000211294,
0.000212222,0.000401589,0.00069217,0.00201774,0.0324994,0.932595,0.0251238,0.00302988,0.00121456,0.000617076,0.000590957,0.000189367,0.000146923,0.000153453,9.46837e-05,8.48888e-05,7.83589e-05,6.20341e-05,8.81538e-05,0.000107743,
9.59088e-05,0.000181449,0.00027995,0.000603966,0.00163823,0.0261339,0.934909,0.0304938,0.00298354,0.00108869,0.000692099,0.000233292,0.000173673,8.81324e-05,7.25797e-05,5.44347e-05,4.14741e-05,6.99875e-05,8.03561e-05,8.55403e-05,
4.16883e-05,7.79389e-05,0.000146815,0.000251942,0.000567323,0.00153703,0.0285401,0.927682,0.0362344,0.0029363,0.00105127,0.000328069,0.000179441,0.000125065,6.52512e-05,5.98136e-05,2.35629e-05,3.26256e-05,5.80011e-05,6.16261e-05,
2.99585e-05,3.68721e-05,4.49378e-05,0.000104855,0.000206253,0.000409049,0.00135274,0.0331722,0.930359,0.0307985,0.00237249,0.000581887,0.000217776,0.000107159,6.45261e-05,3.91766e-05,3.91766e-05,2.7654e-05,1.8436e-05,1.72838e-05,
3.53694e-05,3.0457e-05,4.32292e-05,6.28789e-05,9.13709e-05,0.00015425,0.000400853,0.0015592,0.0374198,0.922451,0.0350874,0.00183331,0.000392993,0.000175864,8.05636e-05,5.10891e-05,4.71592e-05,3.14394e-05,3.14394e-05,2.06321e-05,
5.94442e-05,5.30524e-05,6.58361e-05,7.09496e-05,7.54238e-05,0.000115693,0.000184085,0.000335572,0.00131608,0.0327934,0.950627,0.0126712,0.000864817,0.000269097,0.000138703,9.01251e-05,7.9259e-05,7.35063e-05,5.75267e-05,5.94442e-05,
5.2467e-05,6.41264e-05,5.44102e-05,5.63535e-05,7.57857e-05,0.000110764,0.000200152,0.000431395,0.000954122,0.00367463,0.0519346,0.919821,0.0197976,0.00160899,0.000540216,0.000227357,0.000155458,0.00010882,6.41264e-05,6.80128e-05,
7.18613e-05,6.90974e-05,6.90974e-05,8.0153e-05,7.73891e-05,0.000124375,0.000171362,0.000287445,0.000503029,0.00124099,0.00368151,0.0319866,0.931618,0.02676,0.00189327,0.000643988,0.00031232,0.000165834,0.000124375,0.000118848,
0.000131081,7.39429e-05,0.000127719,8.4026e-05,6.04987e-05,0.000120997,0.000131081,0.000188218,0.000376436,0.00064532,0.00166708,0.00368706,0.0367227,0.924387,0.0280042,0.0021309,0.00074279,0.000369714,0.000228551,0.000120997,
0.000102926,7.30157e-05,5.45418e-05,2.90303e-05,5.80607e-05,7.30157e-05,7.65345e-05,7.12563e-05,0.000127558,0.00021113,0.00122103,0.000493516,0.00101518,0.0155497,0.963193,0.0163063,0.000643066,0.000334289,0.000227844,0.000138994,
0.000197498,0.000115991,0.000119126,7.21026e-05,8.15073e-05,8.7777e-05,0.000103452,0.000125396,0.00014734,0.000181824,0.000874636,0.000432615,0.000862096,0.00248284,0.0336719,0.938051,0.0198407,0.00165209,0.000611304,0.00028841,
0.00039195,0.000276671,0.000197622,0.000144923,0.000118573,9.55173e-05,7.90488e-05,8.89299e-05,0.000115279,0.000158098,0.0011495,0.000319489,0.0004183,0.000951879,0.00241758,0.0236323,0.947245,0.0198841,0.00157768,0.000737789,
0.000892428,0.000403652,0.00031029,0.000255372,0.000192215,0.000186723,0.000244388,0.000389922,0.000420128,0.000546441,0.0017519,0.000604105,0.000494268,0.00073591,0.0011121,0.00254823,0.0233844,0.943549,0.0200481,0.00193039,
0.00230349,0.0010033,0.000578431,0.000342964,0.000220111,0.000189398,0.000204754,0.000163804,0.000102377,0.000255943,0.000977702,0.000220111,0.000317369,0.000486292,0.000731997,0.00113639,0.00281025,0.0249544,0.940662,0.0223387,
0.0272775,0.00286182,0.00137935,0.000554317,0.000464079,0.000421109,0.000429703,0.000421109,0.000584396,0.000786356,0.00177897,0.000554317,0.000459782,0.000562911,0.000507049,0.00075198,0.00121176,0.00287901,0.0278834,0.928231,


0.930968,0.0259594,0.00311754,0.00142912,0.000759787,0.000464314,0.000307533,0.000265322,0.000241202,0.000229142,0.000609035,0.000241202,0.000192962,0.000180902,0.000283413,0.000343713,0.000609035,0.00121807,0.00280398,0.0297764,
0.0268297,0.940983,0.0193269,0.00214512,0.000981446,0.000702893,0.000437355,0.000359256,0.000479008,0.000603967,0.00169736,0.000484215,0.000304587,0.00029938,0.000255124,0.000262934,0.000356653,0.000546694,0.000814835,0.0021295,
0.001467,0.0246744,0.950122,0.016547,0.00183721,0.000927257,0.000499958,0.000295823,0.000212785,0.000169536,0.00111063,0.000129747,0.000121097,0.000124557,0.000126287,0.000155696,0.000186835,0.000288903,0.0003927,0.000610675,
0.000801931,0.00219417,0.0279599,0.935842,0.0253017,0.00281418,0.0012326,0.000671988,0.000460368,0.000297011,0.000816781,0.000118805,0.00012623,0.000100241,0.000100241,0.000129942,0.00012623,0.000178207,0.000319287,0.000408391,
0.000343702,0.00078765,0.00208727,0.025996,0.935441,0.0288029,0.00284628,0.00109913,0.000694564,0.00031506,0.00047975,0.000189752,8.59254e-05,6.80243e-05,7.16045e-05,0.000103827,0.000110987,8.95056e-05,0.000125308,0.000261356,
0.000185116,0.000293632,0.000734081,0.00198202,0.0315974,0.933645,0.0251407,0.00306399,0.00122879,0.000529815,0.000641523,0.000213841,0.000118091,9.89413e-05,8.61747e-05,5.10665e-05,7.97914e-05,7.97914e-05,8.93664e-05,0.000140433,
0.000107775,0.000174836,0.000306561,0.000625097,0.00173159,0.0262182,0.934786,0.0302849,0.00304645,0.00106099,0.000649047,0.000289796,0.000155676,0.000102985,7.66403e-05,8.14303e-05,5.02952e-05,7.18503e-05,7.42453e-05,0.00010538,
8.92766e-05,0.000120489,0.000182455,0.000326123,0.000793162,0.00262827,0.0701028,0.90189,0.0179595,0.00324815,0.00136462,0.000459694,0.000238912,0.000146652,8.81291e-05,7.52769e-05,6.54083e-05,6.63263e-05,7.41294e-05,8.05555e-05,
3.84349e-05,4.85012e-05,4.66709e-05,9.97477e-05,0.000170212,0.000413633,0.00145687,0.0343699,0.93123,0.0287301,0.00222648,0.000566457,0.000235185,0.000125371,6.49733e-05,4.02651e-05,4.66709e-05,2.92837e-05,2.83686e-05,3.29442e-05,
3.04775e-05,2.7528e-05,4.03089e-05,5.30898e-05,0.000104213,0.000165168,0.000368679,0.00151208,0.0362485,0.92231,0.0364422,0.00182472,0.000465027,0.000147472,8.16009e-05,5.01403e-05,3.441e-05,3.34269e-05,2.35955e-05,3.73595e-05,
5.29724e-05,5.10577e-05,5.36106e-05,7.08426e-05,9.44567e-05,0.00011488,0.000160832,0.000356127,0.00130772,0.0318715,0.95119,0.0130772,0.000840537,0.000260394,0.000137218,0.00010403,7.7863e-05,7.08426e-05,5.93546e-05,4.85048e-05,
4.86161e-05,4.86161e-05,6.80625e-05,6.22286e-05,5.25054e-05,0.000130291,0.000165295,0.000346147,0.000921761,0.0037765,0.0504343,0.921121,0.0200512,0.0016335,0.000546445,0.000227523,0.000136125,9.52875e-05,6.22286e-05,7.19518e-05,
9.97457e-05,8.31214e-05,4.98728e-05,6.09557e-05,5.8185e-05,0.000105287,0.000141306,0.000268759,0.000526435,0.00122188,0.00366565,0.0314919,0.93191,0.0270422,0.00192287,0.000590162,0.000360193,0.000191179,0.000124682,8.58921e-05,
0.000122058,9.15437e-05,8.13722e-05,6.10292e-05,8.13722e-05,9.15437e-05,9.15437e-05,0.000223774,0.000339051,0.000617073,0.00154946,0.00322437,0.0358106,0.925338,0.0286803,0.00217671,0.000742521,0.000359394,0.000172916,0.000145792,
0.000110337,7.24085e-05,9.65447e-05,8.96487e-05,6.89605e-05,7.24085e-05,8.62007e-05,0.000110337,0.000231018,0.000334459,0.000755118,0.00105165,0.00273773,0.0307012,0.929464,0.030784,0.00204468,0.000679261,0.00031377,0.000196537,
0.000229647,0.000111543,0.000121385,0.000104981,9.842e-05,8.8578e-05,8.20167e-05,0.000131227,0.000157472,0.000236208,0.000718466,0.000534749,0.000915306,0.00272952,0.0342075,0.935974,0.0207469,0.00182405,0.000643011,0.00034447,
0.000471453,0.000252096,0.000150603,0.000111315,0.000127685,0.000130959,0.000121137,0.000140781,0.000124411,0.000153877,0.000952727,0.000419069,0.000530384,0.000972371,0.00231798,0.023589,0.947083,0.0200531,0.00161407,0.000684261,
0.000999595,0.000588369,0.000382756,0.000227756,0.000170817,0.00017398,0.000243572,0.000351124,0.000392246,0.000661125,0.00174296,0.000594696,0.000604186,0.000718064,0.0010249,0.00253378,0.0238068,0.94085,0.0218962,0.00203715,
0.00220477,0.0011536,0.000646876,0.000436641,0.000269532,0.000194063,0.000247969,0.000134766,0.000177891,0.000221016,0.000932579,0.000280313,0.000420469,0.000415079,0.000603751,0.00121289,0.00279774,0.0248993,0.939188,0.0235625,
0.027415,0.00278947,0.00118597,0.000817298,0.000399765,0.000399765,0.000453068,0.00048416,0.000608532,0.00103939,0.00206545,0.000697369,0.000572997,0.000524137,0.000572997,0.000763996,0.00125704,0.00314038,0.0276727,0.927141,


0.931939,0.0257817,0.00326709,0.00119733,0.000740059,0.000439222,0.00025872,0.000222619,0.000186519,0.00024067,0.000637774,0.000168469,0.000192536,0.000222619,0.000282787,0.000379055,0.000722009,0.00113716,0.00282185,0.0291631,
0.0267514,0.935897,0.0221212,0.00238939,0.00117532,0.000729731,0.000552142,0.000555371,0.000584431,0.000933152,0.00208587,0.000497251,0.000397155,0.000297059,0.000274456,0.000297059,0.000429444,0.000642551,0.000978357,0.00241199,
0.00186128,0.0249038,0.942378,0.0219545,0.00266563,0.00107636,0.000610064,0.000396347,0.000279775,0.000264232,0.00099864,0.000147659,9.7144e-05,0.000147659,0.000163202,0.000147659,0.000186516,0.000353604,0.000477948,0.000889839,
0.000849984,0.00206092,0.0252123,0.938623,0.0254723,0.00291478,0.00104016,0.000686973,0.000306615,0.000314378,0.00080729,0.000155248,0.000100911,0.000131961,0.000124199,0.00012808,0.00012808,0.000213466,0.000326021,0.000403645,
0.000364882,0.000736521,0.00180414,0.0253424,0.937166,0.0282311,0.00263188,0.00111492,0.000584487,0.000341232,0.000560837,0.000152034,9.45991e-05,9.12205e-05,7.43278e-05,8.7842e-05,0.000111492,0.000111492,0.000118249,0.000280419,
0.000204424,0.000360031,0.000643783,0.00205339,0.0299619,0.935439,0.0249214,0.00298093,0.00113501,0.000570557,0.000713959,0.000268497,0.000128146,0.000115942,7.32265e-05,7.01754e-05,8.84821e-05,7.62776e-05,9.15332e-05,0.000103738,
0.000124219,0.000173389,0.000333838,0.000623682,0.0017313,0.0249602,0.935189,0.0314222,0.0028208,0.000991162,0.000652149,0.000243262,0.000194092,0.000137158,7.50488e-05,6.98731e-05,5.95215e-05,6.21094e-05,6.98731e-05,6.72852e-05,
6.97073e-05,8.22189e-05,0.000139415,0.000252019,0.000505825,0.00148709,0.0272538,0.927075,0.0383158,0.00295094,0.000913345,0.0003396,0.000194823,0.000109029,7.32821e-05,5.18337e-05,4.46842e-05,4.82589e-05,5.00463e-05,4.28968e-05,
3.77992e-05,5.29189e-05,4.9679e-05,9.9358e-05,0.000158757,0.000370432,0.00124845,0.0321985,0.931655,0.0307578,0.00226255,0.000566988,0.000205196,0.000103678,6.47987e-05,4.21191e-05,3.99592e-05,1.94396e-05,3.45593e-05,3.23993e-05,
2.0723e-05,1.61179e-05,2.56571e-05,3.23454e-05,5.93183e-05,0.000114689,0.000301087,0.00130676,0.0706305,0.916162,0.0100855,0.000816531,0.000199665,8.74972e-05,4.29811e-05,2.79596e-05,2.20388e-05,1.72144e-05,1.45829e-05,1.69951e-05,
5.24215e-05,6.00929e-05,6.00929e-05,7.09607e-05,8.56643e-05,0.000120186,0.000162379,0.000366311,0.00130606,0.0309894,0.951646,0.0134953,0.000812533,0.000281925,0.000145757,9.78108e-05,7.09607e-05,6.00929e-05,6.52072e-05,5.05036e-05,
1.29013e-05,1.34789e-05,1.25162e-05,1.52761e-05,1.81645e-05,2.86267e-05,4.62135e-05,9.39033e-05,0.00029904,0.00128281,0.0712793,0.919335,0.00653517,0.000683703,0.000177409,7.5097e-05,3.55587e-05,2.29784e-05,1.91273e-05,1.34148e-05,
7.18167e-05,8.01032e-05,6.07679e-05,6.90545e-05,9.11519e-05,0.000132585,0.000168493,0.000237547,0.000541387,0.00117393,0.00360464,0.0313949,0.931644,0.027387,0.00195286,0.000657399,0.000295553,0.000174017,0.000160206,0.000102201,
0.000127256,0.000103814,0.000127256,9.71166e-05,0.000100465,0.000157396,0.000177489,0.00020428,0.000361676,0.000797026,0.00155722,0.00366699,0.0345233,0.925525,0.0291316,0.00191554,0.000689863,0.000341583,0.000237768,0.000157396,
0.00015142,0.000113565,0.000117007,8.94756e-05,6.88274e-05,0.000106682,8.94756e-05,0.000117007,0.000213365,0.000333813,0.000846577,0.00111156,0.00272556,0.0305662,0.928898,0.0313096,0.00193405,0.000646977,0.000347578,0.000213365,
0.000136184,7.92854e-05,6.99577e-05,6.7719e-05,6.79056e-05,6.43611e-05,6.67863e-05,8.86131e-05,0.000109321,0.00017107,0.000710584,0.000343446,0.000588018,0.00169745,0.0341291,0.946701,0.0133802,0.000916539,0.000375346,0.00023711,
0.000374881,0.000195884,0.000121583,0.000128338,0.00013847,0.000145224,0.000118206,0.000108074,0.000145224,0.000239789,0.000992928,0.000385013,0.000472823,0.000874722,0.00259039,0.0235668,0.945713,0.0212399,0.00172243,0.000726121,
0.000601271,0.000355612,0.000309055,0.00021099,0.000202075,0.00019415,0.000222876,0.000331838,0.000375423,0.000491319,0.00172061,0.000602262,0.00056462,0.000677544,0.00082811,0.00197815,0.0234902,0.947071,0.0182224,0.00155023,
0.00215182,0.00113336,0.000616297,0.000412606,0.000261143,0.000198469,0.000177577,0.0001828,0.000104457,0.000208914,0.000914,0.000188023,0.000323817,0.000386492,0.000673749,0.0011647,0.002742,0.0250958,0.940057,0.0230067,
0.0276248,0.00311962,0.00123248,0.000746865,0.000488689,0.000417999,0.000491763,0.000553233,0.000676174,0.000992746,0.00202238,0.000894394,0.000676174,0.000642365,0.00061163,0.000756086,0.00115564,0.00333784,0.0353147,0.918244,


0.93213,0.0267471,0.00325033,0.00139819,0.00070212,0.000514484,0.000320796,0.000254216,0.000205794,0.000230005,0.000665803,0.000163424,0.000260269,0.000211846,0.000326849,0.000375271,0.000611328,0.00107739,0.00277821,0.0277761,
0.0271446,0.93518,0.0231244,0.00243501,0.00117665,0.000836727,0.000604666,0.00053276,0.000503344,0.000856338,0.00140871,0.000467391,0.000385679,0.000313773,0.000303967,0.000310504,0.000441243,0.000431437,0.000882486,0.00266053,
0.00194302,0.02413,0.944029,0.0213391,0.00256282,0.00113311,0.000577964,0.000406856,0.000247156,0.000224341,0.000832725,0.00017491,0.000125479,6.46407e-05,9.88623e-05,0.000144491,0.000205329,0.000342216,0.000524731,0.000893563,
0.000873924,0.0021186,0.025113,0.938848,0.0251357,0.00287903,0.00120685,0.000624232,0.000389672,0.000295091,0.000752861,0.000230777,0.00011728,9.07973e-05,0.000132413,0.000139979,0.000174028,0.000226993,0.000257259,0.000393455,
0.000364736,0.000736289,0.0020282,0.0247543,0.93749,0.0283028,0.00262473,0.00115216,0.000521538,0.000323831,0.000552217,9.54449e-05,0.000139759,8.18099e-05,9.88536e-05,8.18099e-05,8.18099e-05,0.000132941,0.000187481,0.000248838,
0.000214544,0.000303426,0.000692669,0.00200139,0.0297112,0.935913,0.0250771,0.00279826,0.00106965,0.000576203,0.000646696,0.000183895,0.000119531,0.000113402,6.7428e-05,0.000128726,7.66227e-05,9.19473e-05,8.88823e-05,0.000125661,
0.000114074,0.000163333,0.00030074,0.000565184,0.00196,0.0237611,0.935395,0.0318162,0.00308518,0.00104741,0.000720739,0.000321481,0.000168518,0.000121852,8.8148e-05,6.48147e-05,8.29628e-05,5.18518e-05,6.48147e-05,0.000106296,
4.54135e-05,0.000103543,0.000127158,0.000207086,0.000504998,0.00154043,0.0267068,0.926872,0.0391265,0.00279566,0.00106813,0.000316078,0.000165305,0.000116259,6.7212e-05,6.17624e-05,4.17804e-05,4.3597e-05,4.723e-05,4.3597e-05,
3.22198e-05,4.25761e-05,5.63846e-05,7.8248e-05,0.000155345,0.000377431,0.00128074,0.030366,0.930975,0.0331622,0.00232212,0.000594915,0.0002451,9.66593e-05,5.52339e-05,3.56719e-05,3.79733e-05,2.76169e-05,2.18634e-05,3.68226e-05,
3.54228e-05,2.75511e-05,3.83747e-05,5.9038e-05,7.18296e-05,0.000156451,0.000385715,0.00155762,0.0343897,0.922583,0.0379969,0.00186265,0.00040933,0.000175146,7.08456e-05,5.70701e-05,4.32946e-05,3.64068e-05,1.67274e-05,2.65671e-05,
2.49362e-05,2.11104e-05,1.85005e-05,1.85308e-05,2.09117e-05,3.1845e-05,5.94972e-05,0.000171071,0.000961024,0.0594709,0.932082,0.00621849,0.000593047,0.00011855,4.88974e-05,2.94068e-05,2.67025e-05,2.8223e-05,2.88999e-05,2.76118e-05,
4.66011e-05,6.21348e-05,7.57268e-05,3.88343e-05,9.12605e-05,0.000108736,0.000196113,0.000357275,0.000955323,0.0037378,0.0471992,0.922957,0.0214443,0.00157279,0.000535913,0.000269898,0.000110678,9.12605e-05,7.76685e-05,7.18434e-05,
8.58139e-05,3.87546e-05,8.02775e-05,6.36683e-05,8.02775e-05,9.68866e-05,0.000163323,0.000224223,0.00052042,0.00111835,0.00356543,0.0305304,0.93221,0.0279642,0.00197372,0.000631147,0.000287892,0.000149482,0.000116264,9.96548e-05,
7.19508e-05,5.97745e-05,5.53468e-05,5.64537e-05,7.41647e-05,7.74855e-05,7.96994e-05,0.000149436,0.00023135,0.000391855,0.00141024,0.00140913,0.0179844,0.958449,0.0176711,0.000914329,0.000402925,0.00020589,0.000187072,0.000118442,
