0.931382,0.0237917,0.00300489,0.0013697,0.00052495,0.000410306,0.000325831,0.000325831,0.000259458,0.000162916,0.000603391,0.000174983,0.000259458,0.000259458,0.000205153,0.000452543,0.000621493,0.00124299,0.00251614,0.0321064,
0.0269005,0.950024,0.0147412,0.00153454,0.000780699,0.000437345,0.000333763,0.000237854,0.000216754,0.000207163,0.00121229,0.000164963,0.000132354,0.0001055,0.000164963,0.000182227,0.000222509,0.000402817,0.000623408,0.00137533,
0.00176719,0.0244261,0.948009,0.0181128,0.00232166,0.000878729,0.000541505,0.00040856,0.00020428,0.000158885,0.000742542,0.000181582,0.000136187,0.000132944,0.000132944,0.00020428,0.000171855,0.000249676,0.000444228,0.000774968,
0.00135139,0.00314936,0.0403595,0.92753,0.0181667,0.0026794,0.00134501,0.00086602,0.000612434,0.000391809,0.00103827,0.000224878,0.000163741,0.000165867,0.000165336,0.000186069,0.000225941,0.000305685,0.000404036,0.000668254,
0.000375952,0.00072326,0.00227719,0.0290772,0.935261,0.0255683,0.0029181,0.00109205,0.000619426,0.000347308,0.000490528,0.000153961,0.000139639,0.000110995,8.23514e-05,0.000110995,0.000128898,0.000118156,0.000186186,0.00021841,
0.000305899,0.000504248,0.00103798,0.00356491,0.085448,0.88747,0.015372,0.00272193,0.001172,0.000596051,0.00058868,0.000220127,0.000148761,0.000118607,0.000102525,0.00010286,9.24733e-05,0.000112241,0.000146081,0.000174895,
0.00023855,0.000306958,0.000569188,0.00145805,0.00527441,0.0764242,0.886702,0.0201035,0.00429653,0.00194567,0.00106909,0.000436319,0.000232411,0.000171019,0.000126291,0.000108751,0.000109189,0.000111382,0.000135939,0.000180667,
6.91333e-05,6.7314e-05,0.000127351,0.000238328,0.000507584,0.00144998,0.0318632,0.928322,0.0325163,0.00298547,0.000926022,0.000365679,0.000183749,8.73262e-05,7.82298e-05,5.45789e-05,3.27473e-05,2.91087e-05,5.27596e-05,4.36631e-05,
4.47785e-05,4.36304e-05,6.54456e-05,8.61126e-05,0.000160743,0.00038234,0.00126873,0.037785,0.929397,0.0273551,0.00228715,0.000539639,0.000222745,0.000124002,5.62602e-05,5.39639e-05,3.67414e-05,2.87042e-05,3.55932e-05,2.64079e-05,
8.73558e-05,0.000109886,0.000127476,0.000188941,0.000355747,0.000663667,0.00189594,0.00850513,0.0707544,0.893889,0.0195625,0.00205602,0.000767426,0.000357724,0.000213646,0.000130638,9.94116e-05,8.24148e-05,7.9055e-05,7.33235e-05,
0.000112385,0.000116673,0.000121331,0.000125348,0.000153937,0.000230463,0.000407789,0.00122024,0.00688891,0.0594472,0.923717,0.00554032,0.000811733,0.000322317,0.000189551,0.000134886,0.000120493,0.000112188,0.000108737,0.000118029,
5.59115e-05,4.62716e-05,4.24156e-05,8.29032e-05,6.55514e-05,0.000113751,0.000179302,0.000395236,0.00100833,0.00353206,0.0567251,0.916752,0.0181905,0.00176218,0.000476212,0.000225574,0.000131103,9.25431e-05,6.16954e-05,6.16954e-05,
0.000271155,0.000210481,0.000167218,0.000145898,0.000166488,0.000227683,0.000385518,0.000859127,0.00227886,0.0080792,0.0208866,0.0728767,0.873117,0.0159251,0.00200062,0.000864288,0.000486119,0.00038385,0.000347049,0.000321039,
0.000270661,0.00022689,0.000178594,0.000159343,0.000156101,0.000194333,0.00028309,0.000501672,0.00108271,0.00278557,0.00570664,0.00762565,0.0428759,0.91946,0.0151016,0.00138316,0.000753825,0.000507143,0.000404404,0.000342734,
0.000290961,0.000232863,0.000189074,0.000161393,0.000157014,0.000177658,0.000228953,0.000338425,0.000612809,0.00128465,0.00295567,0.00253201,0.00341991,0.0337352,0.935818,0.0150545,0.00125158,0.000722985,0.000469244,0.00036681,
0.000385711,0.000287376,0.000224603,0.000185949,0.000179559,0.000190382,0.000255732,0.000348294,0.000536511,0.000906863,0.00229303,0.00137029,0.00176415,0.00258453,0.0340892,0.935526,0.0161331,0.00147162,0.0007506,0.000516411,
0.000606814,0.000427376,0.000327973,0.000281974,0.000259758,0.000302766,0.000387216,0.000471666,0.000698242,0.00110767,0.00265227,0.00124225,0.00126404,0.00163972,0.00292199,0.0235941,0.938611,0.0202111,0.00204075,0.000951591,
0.000804916,0.000522444,0.000368485,0.000293414,0.000230558,0.000225468,0.000255751,0.000308937,0.000373829,0.000488853,0.00184904,0.000588354,0.000679967,0.00081764,0.00135433,0.00275778,0.0235426,0.945677,0.0172374,0.00162281,
0.00199111,0.00109251,0.000605373,0.00036417,0.000250662,0.000217556,0.000241203,0.000227015,0.000297957,0.000245933,0.00107832,0.000203367,0.000406735,0.000397276,0.000581725,0.00116818,0.00240257,0.0247162,0.943303,0.020209,
0.0274817,0.00313366,0.00128828,0.000706317,0.00047751,0.000537199,0.000517302,0.00050238,0.000581965,0.0010346,0.00189512,0.000815746,0.000731187,0.000731187,0.000611809,0.00082072,0.00124352,0.00361614,0.0307795,0.922494,


0.931145,0.0241122,0.00301025,0.00132378,0.000803941,0.000386859,0.000356636,0.000284099,0.000223653,0.000223653,0.00072536,0.000229697,0.000211563,0.000241787,0.000241787,0.000519842,0.000622601,0.00120893,0.00268383,0.0314444,
0.0270387,0.946161,0.0149985,0.00154014,0.000921103,0.000629434,0.000525208,0.00041466,0.000413028,0.000502976,0.00162886,0.000281471,0.000247001,0.000212939,0.000218446,0.000254955,0.000355102,0.00052888,0.000888469,0.00223871,
0.00219305,0.0247676,0.945715,0.0186575,0.00242095,0.00111304,0.000535053,0.000442574,0.000317068,0.000217984,0.00098093,0.000122203,0.000155231,0.000115598,0.000204773,0.000171745,0.00020147,0.000287343,0.000554869,0.000825698,
0.00105322,0.00219206,0.0285653,0.935197,0.0248105,0.00315109,0.00118594,0.000667894,0.000389605,0.000321103,0.000723552,0.000184099,0.000115597,0.000107034,0.000119878,0.000102753,0.000158411,0.000196943,0.000265445,0.000492358,
0.00024569,0.000365922,0.000756935,0.0167801,0.963247,0.0143284,0.00116259,0.000560383,0.000320966,0.000231053,0.00122322,0.000121277,7.63208e-05,5.332e-05,6.16839e-05,7.42298e-05,8.67757e-05,7.73663e-05,9.30486e-05,0.000133823,
0.000216664,0.000347976,0.000722214,0.00210427,0.0355296,0.930622,0.0238232,0.00310224,0.00126716,0.00062373,0.000597468,0.00020025,0.000144443,8.20697e-05,8.53525e-05,0.000108332,8.53525e-05,7.87869e-05,0.000111615,0.000147726,
0.000134796,0.000199602,0.000300699,0.000591029,0.00178605,0.0275062,0.935905,0.0277369,0.00304328,0.00110429,0.000663611,0.000305883,0.000215155,0.000103689,6.48058e-05,6.22136e-05,6.22136e-05,5.44369e-05,6.99903e-05,9.07281e-05,
5.99745e-05,6.17919e-05,0.000129036,0.000263524,0.000507057,0.00152299,0.0314357,0.928679,0.0326716,0.00286969,0.000908704,0.000341673,0.000172654,9.08704e-05,7.63312e-05,6.36093e-05,3.27134e-05,2.72611e-05,4.18004e-05,4.36178e-05,
3.1232e-05,5.321e-05,7.51881e-05,7.40313e-05,0.00016657,0.000389821,0.00133719,0.0365738,0.929853,0.0280521,0.00227646,0.000574899,0.000203586,0.000104107,7.40313e-05,4.62696e-05,3.58589e-05,2.42915e-05,2.54483e-05,2.89185e-05,
3.66988e-05,1.38861e-05,4.265e-05,6.84384e-05,8.72837e-05,0.000171592,0.00041063,0.00155425,0.0409688,0.92158,0.0323704,0.00181808,0.000436419,0.000164649,8.72837e-05,5.65361e-05,4.76093e-05,2.97558e-05,2.97558e-05,2.47965e-05,
5.37788e-05,5.76664e-05,6.73855e-05,7.84004e-05,8.2288e-05,0.000114685,0.000167168,0.000349238,0.00133669,0.0369052,0.947406,0.0118054,0.000820289,0.000252048,0.000138011,0.00010043,7.96963e-05,6.93293e-05,5.05391e-05,6.60896e-05,
0.000206376,0.000165904,0.000133431,0.000126413,0.000149251,0.000245421,0.000533128,0.00134338,0.00502956,0.0320296,0.134736,0.801562,0.0185716,0.0028975,0.000862675,0.000382836,0.000257881,0.000251844,0.000265791,0.000249227,
5.28524e-05,4.7289e-05,6.67609e-05,8.06694e-05,6.67609e-05,0.000133522,0.000169684,0.000272607,0.000564686,0.00116832,0.00356058,0.034788,0.931662,0.0239894,0.00196388,0.000720461,0.00026148,0.000186374,0.000144649,0.000100141,
0.000139024,0.000101725,6.78164e-05,0.000105115,7.79888e-05,0.000101725,0.000115288,0.000230576,0.000301783,0.000491669,0.00157334,0.00334335,0.0392962,0.924602,0.0258991,0.00202771,0.000739199,0.0003323,0.000220403,0.000233967,
0.000150209,8.87596e-05,8.1932e-05,9.55873e-05,8.53458e-05,8.1932e-05,9.90011e-05,0.000153622,0.000174105,0.000327728,0.000887596,0.000983184,0.00269693,0.0335955,0.930617,0.0266552,0.0019254,0.00068618,0.000413074,0.000201416,
0.00026725,0.00019333,9.38217e-05,7.67632e-05,8.24494e-05,8.24494e-05,7.96063e-05,0.000122253,0.000136468,0.000204702,0.00074773,0.000471952,0.000912629,0.0023029,0.0337502,0.940318,0.0178091,0.00151536,0.000520284,0.000312739,
0.000380268,0.000204323,0.000181621,0.000141891,7.9459e-05,0.000102162,8.22968e-05,0.000107837,0.000173107,0.00015608,0.000916616,0.000303647,0.000445538,0.000786077,0.00228445,0.0234603,0.950256,0.0178272,0.00149269,0.000618645,
0.000722647,0.000413322,0.000309325,0.000215994,0.000186662,0.00025866,0.00025066,0.00025866,0.00038399,0.000471987,0.00143996,0.00050932,0.000535986,0.000594651,0.000941308,0.00212528,0.0232207,0.946871,0.0184128,0.00187728,
0.00192128,0.000879857,0.000546716,0.000404582,0.000355111,0.000381117,0.000468998,0.000566594,0.000775386,0.0012133,0.00293057,0.0010743,0.000803335,0.000772995,0.000816786,0.00112796,0.00240477,0.0251613,0.937351,0.0200439,
0.0219284,0.00267974,0.00134134,0.000866785,0.000663319,0.000552178,0.000526304,0.00050043,0.000562763,0.000705071,0.00167829,0.000592754,0.000580405,0.000574524,0.000730357,0.00103379,0.00186529,0.00393523,0.0376052,0.921078,


0.930643,0.0245869,0.00313127,0.00116103,0.000727111,0.000516014,0.000310781,0.000175914,0.000252143,0.000258007,0.000639154,0.00017005,0.00017005,0.000199369,0.000269735,0.000392874,0.000639154,0.00125485,0.00288499,0.0316176,
0.0268968,0.937993,0.0213537,0.00238914,0.00103656,0.000562522,0.000458234,0.000436113,0.000492997,0.000764777,0.00169389,0.000489837,0.000357107,0.000331825,0.000325504,0.000344466,0.000379228,0.000581484,0.000922789,0.00219004,
0.00186093,0.0245716,0.947343,0.0181838,0.00234758,0.000988617,0.000587661,0.000404017,0.000254041,0.000153037,0.00119063,0.000113247,9.79435e-05,9.48828e-05,0.000113247,0.00016528,0.000189766,0.000260162,0.000367288,0.000713151,
0.000894631,0.00217636,0.0293207,0.934387,0.0250368,0.00319573,0.00132044,0.000546241,0.000430111,0.000322583,0.000731189,0.000137636,0.000150539,0.000129033,7.742e-05,0.000120431,0.000137636,0.000167743,0.00027097,0.000447316,
0.000544316,0.00101112,0.00277614,0.0559797,0.915781,0.016882,0.00238425,0.00119602,0.000649542,0.000448617,0.000731817,0.000220411,0.000171046,0.000117784,0.000125145,0.000136404,0.000135538,0.000152426,0.00024163,0.000315244,
0.000190823,0.000325715,0.000756711,0.00197732,0.0353022,0.931268,0.0238397,0.00306303,0.00112191,0.000608659,0.000546148,0.000184243,0.000151342,0.000111862,6.25109e-05,8.22512e-05,6.58009e-05,0.000101991,7.89611e-05,0.000161212,
0.000107068,0.000153302,0.00028957,0.000598607,0.00181042,0.0285482,0.935691,0.0272074,0.0029687,0.00105121,0.000639974,0.00023847,0.000155735,0.000119235,5.84007e-05,7.05675e-05,5.84007e-05,7.54342e-05,7.78676e-05,8.0301e-05,
6.18439e-05,7.06787e-05,0.000151959,0.000219104,0.000521256,0.00157084,0.0309485,0.927793,0.0339541,0.00279358,0.000975367,0.000344559,0.000173163,0.000107785,6.18439e-05,6.53778e-05,5.831e-05,3.71063e-05,3.71063e-05,5.4776e-05,
3.70375e-05,3.47227e-05,6.13434e-05,8.68067e-05,0.000166669,0.000398153,0.00131136,0.035828,0.929944,0.0286809,0.00237734,0.000550933,0.000190975,0.000123844,5.09266e-05,4.28246e-05,3.81949e-05,2.08336e-05,1.85188e-05,3.70375e-05,
3.17578e-05,2.87805e-05,4.06897e-05,6.64929e-05,8.73339e-05,0.000154819,0.000383078,0.00155911,0.0399989,0.922039,0.0330063,0.00174668,0.000439647,0.000147872,7.8402e-05,6.05383e-05,3.67199e-05,3.27502e-05,2.28259e-05,3.87048e-05,
4.47987e-05,5.51868e-05,5.45376e-05,7.01197e-05,8.76496e-05,0.000115568,0.000178546,0.000386308,0.00133812,0.036209,0.947913,0.0119996,0.000793392,0.000281128,0.000138292,9.67392e-05,6.75227e-05,6.81719e-05,5.51868e-05,4.73957e-05,
5.34802e-05,4.58402e-05,3.62902e-05,6.11203e-05,8.78604e-05,0.000126061,0.000156621,0.000339981,0.000955004,0.0037398,0.054101,0.91841,0.0190371,0.00172856,0.000508062,0.000229201,0.000147071,9.74104e-05,8.21303e-05,5.73002e-05,
6.93828e-05,5.82815e-05,6.66075e-05,8.32593e-05,7.21581e-05,0.000144316,0.00013599,0.00027198,0.000521758,0.00116841,0.00372447,0.0340864,0.931158,0.0251249,0.00195937,0.000643872,0.000319161,0.00017762,0.000122114,9.15853e-05,
0.000124683,0.000117943,0.000114573,8.76149e-05,9.77244e-05,9.09848e-05,0.000138162,0.000256105,0.000380788,0.000795274,0.00167142,0.00340687,0.0376913,0.925703,0.025715,0.00208254,0.000711029,0.000374048,0.000276324,0.00016512,
0.000110127,9.98028e-05,9.63613e-05,7.91539e-05,8.25954e-05,9.63613e-05,0.00011701,0.000134218,0.000247786,0.000330382,0.000819071,0.00110816,0.00281169,0.0337127,0.929587,0.0275697,0.00181022,0.000622907,0.000347589,0.000216813,
0.000178259,0.000147134,0.00011601,8.48851e-05,0.000121669,8.77146e-05,7.63966e-05,9.62031e-05,0.00016977,0.000234849,0.00104126,0.000537605,0.000843192,0.00236546,0.0338239,0.939324,0.0183012,0.00152793,0.00062532,0.000297098,
0.000364404,0.000300269,0.000166168,0.000104948,0.000102033,0.00012827,0.000102033,9.32874e-05,0.000125355,0.000154507,0.00116901,0.000352743,0.0004402,0.000833756,0.00211063,0.0230974,0.950543,0.0176459,0.00156548,0.000600538,
0.000781161,0.000490607,0.000307225,0.000171474,0.000157185,0.000147658,0.000235777,0.000235777,0.000290554,0.000414396,0.00154565,0.000492989,0.000445357,0.000638265,0.000862135,0.00222678,0.0233777,0.946302,0.0189598,0.00191718,
0.00224238,0.00105192,0.000533656,0.00035406,0.000230909,0.000220646,0.000200121,0.000174465,0.000164202,0.000143677,0.00106731,0.000282222,0.000364323,0.000374586,0.000641414,0.00115454,0.00281709,0.0251486,0.94023,0.0226034,
0.0276119,0.00343823,0.0011718,0.000679931,0.000477398,0.000405065,0.000506332,0.000467754,0.000848708,0.00107535,0.00208319,0.000800486,0.000747442,0.00069922,0.000583487,0.000834242,0.00148042,0.00358772,0.0303606,0.922141,


0.931472,0.0243076,0.00347424,0.00134975,0.000556847,0.000460004,0.000284476,0.000236055,0.000205791,0.000217897,0.000690006,0.00015737,0.00015737,0.000139212,0.000217897,0.000284476,0.000635532,0.00133764,0.00277213,0.0310442,
0.0269594,0.952596,0.0133601,0.001115,0.000645077,0.000479892,0.000317554,0.000186545,0.000138129,0.000160913,0.00126025,9.68327e-05,9.82567e-05,0.000126737,0.000136705,0.000148097,0.000215026,0.000374515,0.000481316,0.00110361,
0.00181992,0.0246423,0.951852,0.0140685,0.00146887,0.000840979,0.000554392,0.000399274,0.000274993,0.000248792,0.00138888,0.000167407,0.000125671,0.000130773,0.000151872,0.000154191,0.000210303,0.000292615,0.000451675,0.000757043,
0.0010506,0.00218913,0.0283312,0.935122,0.0250387,0.00316061,0.0012616,0.000641792,0.000395625,0.000329688,0.000747292,0.000153854,0.000127479,0.000101104,0.000114292,0.000171438,0.000167042,0.000171438,0.000276938,0.000448375,
0.000362312,0.000685165,0.00199092,0.0275644,0.935056,0.0274532,0.00307427,0.00115509,0.000674403,0.000330027,0.000541675,0.000150665,0.000114792,0.000118379,6.81578e-05,7.1745e-05,8.6094e-05,0.000107618,0.000200886,0.000193712,
0.000150993,0.000324963,0.0007484,0.00201543,0.0340128,0.931846,0.024474,0.00290497,0.00131298,0.000580995,0.000538323,0.000223207,0.000141146,0.000108321,0.000114886,9.84737e-05,9.51912e-05,9.51912e-05,0.000114886,9.84737e-05,
0.000145155,0.000145155,0.000298087,0.00061691,0.00185591,0.0265997,0.935621,0.0290051,0.00303789,0.00108348,0.000622094,0.000256614,0.000132195,0.000134787,5.70253e-05,8.29458e-05,6.48014e-05,4.92491e-05,8.55379e-05,0.000106274,
6.36512e-05,6.70918e-05,0.000139345,0.000273528,0.000504049,0.00157408,0.0307676,0.927832,0.0340224,0.00280065,0.00104938,0.000313095,0.000153107,0.000118701,8.08542e-05,5.16091e-05,3.44061e-05,4.64482e-05,5.16091e-05,5.677e-05,
4.2735e-05,4.0425e-05,4.389e-05,8.89351e-05,0.0001617,0.00039732,0.0012705,0.0348556,0.93053,0.0291603,0.00229152,0.000568261,0.00021945,9.12451e-05,5.77501e-05,4.158e-05,2.772e-05,4.0425e-05,2.8875e-05,4.158e-05,
3.77081e-05,4.6639e-05,2.97696e-05,6.45007e-05,8.93087e-05,0.000181594,0.000360212,0.00162641,0.0388096,0.922616,0.0335721,0.00174648,0.000364181,0.000169686,8.43471e-05,5.65622e-05,3.77081e-05,3.77081e-05,3.47311e-05,3.47311e-05,
7.38496e-05,5.76545e-05,6.93149e-05,7.12583e-05,7.96798e-05,0.000123083,0.000178794,0.00038026,0.00133577,0.035028,0.948625,0.0123899,0.000812993,0.000264304,0.000128913,8.8749e-05,8.29188e-05,8.48622e-05,6.08935e-05,6.34847e-05,
5.24531e-05,4.07968e-05,5.82812e-05,5.05103e-05,6.99374e-05,0.000110734,0.000182614,0.000382713,0.000996608,0.00370474,0.0527872,0.919558,0.0191221,0.00171735,0.000507046,0.000235067,0.000182614,0.000104906,8.35363e-05,5.24531e-05,
7.21921e-05,8.60752e-05,6.10857e-05,7.21921e-05,8.88519e-05,0.000102735,0.000161044,0.000283215,0.000563654,0.00119117,0.003468,0.0332278,0.931695,0.0255505,0.0020908,0.000627516,0.000291545,0.00018048,9.16285e-05,9.44051e-05,
0.00011193,7.80118e-05,0.000118714,0.000118714,6.10527e-05,0.000122105,0.000183158,0.000206901,0.000281521,0.000488422,0.00138386,0.00332398,0.0382292,0.925058,0.0267615,0.00204527,0.000736025,0.000312047,0.000244211,0.000135673,
0.000172738,6.56404e-05,8.29142e-05,5.18213e-05,6.90951e-05,6.56404e-05,8.29142e-05,0.000176193,0.000231469,0.000293654,0.000697861,0.000967332,0.00258761,0.0323849,0.930514,0.0285087,0.00178611,0.000659859,0.00042148,0.000179647,
0.000139763,0.000161031,8.20347e-05,7.89964e-05,7.29197e-05,0.000121533,7.29197e-05,0.000118495,0.000182299,0.000258257,0.000717044,0.000413212,0.00092365,0.00244281,0.033455,0.939051,0.0191414,0.00164373,0.000577281,0.000346369,
0.000384833,0.000285618,0.000198429,9.32017e-05,9.92147e-05,8.41822e-05,7.21561e-05,0.000102221,0.000126273,0.000195423,0.00114247,0.000366794,0.000511106,0.000814763,0.00201737,0.0235439,0.949181,0.0187065,0.00138299,0.000691496,
0.000938076,0.000497638,0.000343198,0.000283139,0.000205919,0.000245959,0.000245959,0.000300299,0.000363218,0.000657797,0.00175603,0.000640637,0.000600597,0.000654937,0.00114685,0.00239667,0.0232974,0.944551,0.0190189,0.00185613,
0.00217467,0.00100369,0.000497068,0.000272431,0.000181621,0.000258093,0.000143385,0.000133826,0.00019118,0.000176841,0.0010945,0.000205518,0.000301108,0.000439714,0.000683468,0.00106583,0.00286292,0.0245618,0.94288,0.0208721,
0.0138258,0.000897346,0.000463729,0.000297681,0.000258105,0.000183255,0.000141958,0.000169489,0.000165187,0.000240038,0.00163208,0.000203043,0.000202182,0.00019616,0.000320911,0.000324352,0.00046717,0.000950687,0.014022,0.965039,


0.915497,0.019435,0.002548,0.00127243,0.00083988,0.000648425,0.000508182,0.000488879,0.00052394,0.000624395,0.00128976,0.000401425,0.000360849,0.000350212,0.000420728,0.000567273,0.000833577,0.00135752,0.00363409,0.0483983,
0.026991,0.941957,0.0187911,0.00199841,0.000942039,0.000494632,0.000464805,0.000417579,0.000430007,0.000581628,0.00171506,0.000343011,0.000280872,0.00031567,0.000216246,0.000273415,0.000382781,0.000512031,0.0008625,0.00203073,
0.0013485,0.0245539,0.951555,0.0160834,0.00170224,0.000690331,0.000435209,0.000267986,0.000240115,0.000132921,0.00109981,0.000102906,6.64604e-05,7.07482e-05,0.000107194,0.000120058,0.00018223,0.000278705,0.000328014,0.00063459,
0.000827562,0.00218213,0.0269225,0.936632,0.0249463,0.00309204,0.00141633,0.000625818,0.00041584,0.000242916,0.000819328,0.000160572,0.000168806,0.000172923,0.000139986,0.000102931,0.000189392,0.000197627,0.000263502,0.000481715,
0.000376956,0.000861614,0.00195299,0.027166,0.935462,0.0275393,0.00295462,0.00111292,0.0006139,0.000359006,0.000513378,0.000175913,0.000125652,0.000111292,7.89813e-05,0.000111292,6.1031e-05,0.000100522,0.000143602,0.000179503,
0.000207356,0.000352176,0.000635234,0.00208673,0.0331112,0.932593,0.0243528,0.00318275,0.00123097,0.000533202,0.000641817,0.000210648,0.00016786,9.87411e-05,0.000111907,8.55756e-05,5.92446e-05,0.000108615,0.000121781,0.000108615,
9.86152e-05,0.000171279,0.000339963,0.000607262,0.00186331,0.0257567,0.93563,0.0298441,0.00300517,0.00104844,0.00066176,0.000251728,0.000153113,0.000119376,5.44979e-05,7.78541e-05,5.19028e-05,8.04493e-05,0.00010121,8.30444e-05,
8.04287e-05,8.75779e-05,0.000114387,0.000269883,0.000502232,0.00148346,0.0297765,0.92762,0.0353618,0.00283466,0.000947271,0.00034495,0.000201965,9.47271e-05,5.8981e-05,3.03842e-05,4.46826e-05,5.71937e-05,4.1108e-05,4.82572e-05,
3.70239e-05,3.47099e-05,5.43789e-05,9.71878e-05,0.000170079,0.000366768,0.00130856,0.0339926,0.930448,0.0299929,0.00235796,0.000566929,0.000194376,0.000116857,6.13209e-05,5.09079e-05,5.20649e-05,2.1983e-05,3.81809e-05,3.70239e-05,
2.18358e-05,3.57314e-05,4.56568e-05,7.04702e-05,8.33732e-05,0.000180642,0.000399,0.00155531,0.0378574,0.922503,0.0345463,0.00185505,0.000374187,0.000189575,8.23807e-05,5.75672e-05,3.97015e-05,3.77164e-05,2.48135e-05,4.06941e-05,
5.31971e-05,5.51434e-05,5.64408e-05,6.8767e-05,8.36881e-05,0.000127803,0.000178405,0.000349674,0.00134744,0.034041,0.949628,0.0124663,0.000768114,0.000288043,0.000121964,0.000106394,7.65519e-05,7.59032e-05,5.25484e-05,5.44946e-05,
3.52007e-05,3.71563e-05,6.45345e-05,7.62681e-05,6.06234e-05,0.000111469,0.000172092,0.000385252,0.000971929,0.00361393,0.0524803,0.919752,0.0194347,0.00171897,0.000506498,0.000195559,0.000148625,9.5824e-05,8.21349e-05,5.67122e-05,
7.75722e-05,7.48018e-05,8.31131e-05,5.81792e-05,8.03426e-05,0.000105277,0.000166226,0.000257651,0.000490367,0.00125224,0.00370407,0.0330652,0.931437,0.0258565,0.00185619,0.00070092,0.000362927,0.000166226,0.000116358,8.8654e-05,
0.000128817,9.49178e-05,9.83077e-05,7.45783e-05,8.47481e-05,0.000128817,0.000135597,0.000186446,0.000332212,0.000583067,0.00143394,0.00318992,0.0366044,0.925642,0.0277635,0.00211192,0.000691544,0.000376281,0.000200005,0.000138987,
0.000151986,6.56304e-05,6.21762e-05,6.21762e-05,7.25389e-05,8.29016e-05,0.000110535,0.000176166,0.000231433,0.000262522,0.000818653,0.00104663,0.00266667,0.0326218,0.929302,0.0289741,0.00198273,0.000708117,0.00033506,0.000265976,
0.000226554,0.000124139,7.7587e-05,8.37939e-05,9.93113e-05,8.68974e-05,9.31044e-05,0.000105518,0.000164484,0.000254485,0.000608282,0.000505867,0.000983803,0.00247347,0.0338807,0.937974,0.0195116,0.00170071,0.000639317,0.000406556,
0.000340657,0.00026532,0.00017688,9.4991e-05,0.000121195,0.000127747,9.82666e-05,9.82666e-05,0.0001474,0.000137573,0.00102525,0.000386515,0.000478231,0.0010187,0.00228634,0.0233023,0.947657,0.019768,0.00171967,0.000750102,
0.000909625,0.000486971,0.00028177,0.00029402,0.000205202,0.000217453,0.000208264,0.00024808,0.000431842,0.000676859,0.00172431,0.000548225,0.000569664,0.000695236,0.000952503,0.00247773,0.0234175,0.941239,0.0222996,0.00211633,
0.00236888,0.00107212,0.000556483,0.000418639,0.000229741,0.000188898,0.000137844,0.000112318,0.000183793,0.000163371,0.000995543,0.0002859,0.000377796,0.000464587,0.000638169,0.00117423,0.00272626,0.025006,0.941396,0.0215037,
0.0266692,0.00325593,0.00133178,0.000743613,0.000504144,0.000470535,0.000554559,0.000562961,0.000575565,0.000899058,0.00203758,0.00087385,0.00066379,0.00055876,0.000646985,0.000781424,0.00133178,0.00342398,0.036895,0.917219,


0.931977,0.0253172,0.00290724,0.00139911,0.00074498,0.000478483,0.000266497,0.000218043,0.000211986,0.000193816,0.00070864,0.000181703,0.000193816,0.000187759,0.000272554,0.000405802,0.000575391,0.00119924,0.00268314,0.029878,
0.0270019,0.943454,0.0181537,0.00179771,0.000892063,0.000572822,0.00041207,0.000414334,0.000427918,0.000597727,0.00168224,0.000369051,0.000237732,0.000239997,0.000255845,0.000210563,0.000301128,0.000484521,0.000665651,0.00182941,
0.00216335,0.0245957,0.942911,0.0215465,0.00267749,0.00121416,0.000636744,0.000367808,0.000308485,0.000237296,0.00085822,0.000193792,0.000138423,0.000126558,0.000122603,0.000197746,0.000201701,0.00025707,0.000403403,0.0008424,
0.0010551,0.00255703,0.0373416,0.925704,0.02536,0.00293626,0.00113771,0.000720924,0.000446822,0.000266592,0.000544448,0.000153947,0.000135173,0.000135173,0.000127664,0.000153947,0.000150192,0.000240308,0.000334178,0.00049939,
0.000376549,0.000706478,0.00205488,0.0268964,0.934868,0.0283237,0.00307695,0.00124441,0.000566617,0.000294067,0.000566617,0.000136275,0.000114758,9.32408e-05,6.81375e-05,8.60684e-05,7.17237e-05,0.000136275,0.000107585,0.000211585,
0.000212652,0.000402403,0.0006903,0.00202183,0.0324278,0.932645,0.0251453,0.00303274,0.00121375,0.000615054,0.000588882,0.000189751,0.000143949,0.000153764,9.48754e-05,8.50607e-05,7.85176e-05,6.21598e-05,8.83323e-05,0.000107962,
9.60867e-05,0.000181786,0.000280469,0.000602489,0.00164126,0.0260057,0.934996,0.0305244,0.00298648,0.00109591,0.000690785,0.000236321,0.000173995,9.08928e-05,7.01173e-05,5.45357e-05,3.89541e-05,7.01173e-05,7.79081e-05,8.56989e-05,
3.99386e-05,7.80617e-05,0.000147047,0.000252339,0.000568217,0.00153763,0.0284925,0.927671,0.0362896,0.00293912,0.0010493,0.00032677,0.000179724,0.000125262,6.5354e-05,5.99079e-05,2.36001e-05,3.44924e-05,5.80925e-05,6.17232e-05,
3.01079e-05,3.70558e-05,4.51618e-05,0.000105377,0.000206123,0.00040993,0.00136064,0.0332344,0.930248,0.0308316,0.0023762,0.000581313,0.000220019,0.000106535,6.48477e-05,3.93718e-05,3.93718e-05,2.77919e-05,1.85279e-05,1.73699e-05,
3.5686e-05,3.07296e-05,4.36162e-05,6.34418e-05,9.21888e-05,0.000155631,0.00040345,0.00157316,0.0367437,0.922861,0.0353123,0.00184675,0.000396511,0.000177439,8.12848e-05,5.15464e-05,4.75813e-05,3.17209e-05,3.17209e-05,2.08168e-05,
5.77489e-05,5.19091e-05,6.55353e-05,6.94284e-05,7.78637e-05,0.000113551,0.000184926,0.000335463,0.00132952,0.0329123,0.950451,0.0127125,0.000870775,0.000271225,0.000138208,8.82455e-05,7.91614e-05,7.26728e-05,5.90466e-05,5.83978e-05,
5.28754e-05,6.46255e-05,5.48338e-05,5.67921e-05,7.8334e-05,0.000111626,0.000197793,0.000430837,0.000959591,0.00369149,0.0507448,0.920842,0.0199243,0.00162347,0.000542463,0.000227169,0.000156668,0.000107709,6.46255e-05,6.85422e-05,
7.4975e-05,6.94213e-05,6.94213e-05,8.05287e-05,7.77519e-05,0.000124958,0.000172165,0.000288793,0.00050261,0.00124125,0.00366822,0.0319699,0.931587,0.0268022,0.00189937,0.00064423,0.000313784,0.000169388,0.000124958,0.000119405,
0.000131514,7.41872e-05,0.000128142,8.43037e-05,6.06986e-05,0.000121397,0.000131514,0.00018884,0.000374308,0.000650824,0.00167258,0.0036925,0.0365237,0.924521,0.0280428,0.0021312,0.000745244,0.000370936,0.000232678,0.000121397,
0.00010289,7.29906e-05,5.45231e-05,2.90204e-05,5.80408e-05,7.21112e-05,7.65083e-05,7.12318e-05,0.000127514,0.000211937,0.00121974,0.000491588,0.00101395,0.0155672,0.963188,0.0162989,0.000641966,0.000335053,0.000227766,0.000138946,
0.000198401,0.000116521,0.00011967,7.2432e-05,8.18797e-05,8.81781e-05,0.000103924,0.000125969,0.000148013,0.000182655,0.000866035,0.000428294,0.000866035,0.00249418,0.0334699,0.938203,0.0198716,0.00165964,0.000614098,0.000289728,
0.000393494,0.000274454,0.0001984,0.000145493,0.000115733,9.25868e-05,7.93601e-05,8.92801e-05,0.000112427,0.000162027,0.0011408,0.000320747,0.000419947,0.000949014,0.00242379,0.0234509,0.947424,0.0198863,0.0015839,0.000737388,
0.000894019,0.000404372,0.000310843,0.000253076,0.000192558,0.000187056,0.000244824,0.000390617,0.000420877,0.000547415,0.00174402,0.000605182,0.000495149,0.000739973,0.00111409,0.00255277,0.0233243,0.943581,0.0200618,0.00193658,
0.00230151,0.00100177,0.000575377,0.000344199,0.000220904,0.00019008,0.000195217,0.000164393,0.000102746,0.000256865,0.000940125,0.000215766,0.000318512,0.000482906,0.000734633,0.0011302,0.00281524,0.0248902,0.940772,0.0223472,
0.0273248,0.00287289,0.0013783,0.000559935,0.000460869,0.000422104,0.000430719,0.000422104,0.000585778,0.000788216,0.00177025,0.000555627,0.000460869,0.000564242,0.000508248,0.000753758,0.00121463,0.00288151,0.0277684,0.928277,


0.931029,0.0259904,0.00312103,0.00143955,0.000756064,0.00044759,0.000308474,0.000266134,0.00024194,0.000229843,0.000586705,0.00024194,0.000193552,0.000181455,0.00028428,0.000344765,0.000604851,0.0012097,0.00281256,0.0297103,
0.026822,0.94098,0.019341,0.00215161,0.00097658,0.000702407,0.000436067,0.000357731,0.000480457,0.000605793,0.00167899,0.000485679,0.000305508,0.000300285,0.000255895,0.000263729,0.00035512,0.000548347,0.000817299,0.00213594,
0.00146865,0.024537,0.950246,0.0165539,0.00183971,0.000927657,0.000499374,0.000296503,0.000213274,0.00017166,0.00110452,0.000131779,0.000121376,0.000124844,0.000126577,0.000156054,0.000185531,0.000289568,0.000393604,0.00061208,
0.000803721,0.00219163,0.0277656,0.936004,0.0253321,0.00282047,0.00123535,0.000669767,0.000457674,0.000297674,0.000814884,0.000115349,0.000126512,0.000100465,0.000100465,0.000130233,0.000126512,0.000178605,0.00032,0.000409302,
0.000344187,0.000788762,0.00208663,0.0259467,0.935476,0.0288221,0.00284671,0.00110068,0.000695545,0.000315505,0.000469672,0.00019002,8.60468e-05,6.81204e-05,7.17057e-05,0.000103973,0.000111144,8.96321e-05,0.000125485,0.000261726,
0.000182259,0.000294173,0.000741828,0.00198247,0.0316012,0.933613,0.0251678,0.00306963,0.00122785,0.000530791,0.000633112,0.000214235,0.000118309,9.91236e-05,8.63334e-05,5.11605e-05,7.99383e-05,7.99383e-05,8.63334e-05,0.000140691,
0.000107945,0.000175111,0.000307044,0.000626082,0.00173432,0.0261419,0.934806,0.0303302,0.00304645,0.00106506,0.000654868,0.000290253,0.000153522,0.000100749,7.67611e-05,8.15586e-05,5.03744e-05,7.19635e-05,7.43623e-05,0.000105546,
8.92929e-05,0.000120511,0.000182488,0.000326413,0.000793077,0.00262875,0.0701064,0.901882,0.0179607,0.00324944,0.00136579,0.000459549,0.000238956,0.000146679,8.81452e-05,7.55203e-05,6.54203e-05,6.63385e-05,7.4143e-05,8.05702e-05,
3.85882e-05,4.86946e-05,4.6857e-05,0.000100145,0.000169972,0.000415282,0.00146176,0.0344592,0.931152,0.0287041,0.0022326,0.000566878,0.000235204,0.000124952,6.52324e-05,4.04257e-05,4.77758e-05,2.94005e-05,2.84817e-05,3.21568e-05,
3.07561e-05,2.77797e-05,4.06775e-05,5.35752e-05,0.000104174,0.000166678,0.000373042,0.00152491,0.0357049,0.922605,0.0366593,0.00183148,0.000466303,0.00014882,8.23471e-05,5.05988e-05,3.47247e-05,3.37325e-05,2.38112e-05,3.77011e-05,
5.31216e-05,5.05303e-05,5.44173e-05,7.25564e-05,9.39346e-05,0.000112074,0.000161956,0.000356952,0.00132221,0.0320317,0.951017,0.0130738,0.000840877,0.00025913,0.000136691,0.000103652,7.83868e-05,7.19086e-05,6.08955e-05,4.7939e-05,
4.89864e-05,4.70269e-05,6.85809e-05,6.27026e-05,5.09458e-05,0.000131283,0.000166554,0.000348783,0.000924863,0.00379546,0.049343,0.922041,0.0201804,0.00164594,0.000550607,0.000229256,0.000137162,9.40538e-05,6.27026e-05,7.05404e-05,
0.000100205,8.35043e-05,5.01026e-05,6.12365e-05,5.8453e-05,0.000105772,0.000139174,0.000269997,0.00052886,0.00122195,0.00366584,0.0314338,0.93193,0.0270637,0.00193173,0.00059288,0.000359068,0.00019206,0.000125256,8.62878e-05,
0.00012254,9.19049e-05,8.16932e-05,6.12699e-05,8.16932e-05,9.19049e-05,9.19049e-05,0.000224656,0.000340388,0.000622911,0.00154536,0.00323709,0.0356217,0.925431,0.0287526,0.00218529,0.000735239,0.000360812,0.000173598,0.000146367,
0.000110439,7.24758e-05,9.66344e-05,8.97319e-05,6.90245e-05,7.24758e-05,8.62807e-05,0.000110439,0.000231232,0.000331318,0.000773075,0.00104917,0.00273337,0.0306814,0.929505,0.0307504,0.00204313,0.000679892,0.000317513,0.00019672,
0.000224283,0.000112142,0.000122036,0.000105545,9.89485e-05,8.90537e-05,8.24571e-05,0.000131931,0.000158318,0.000237476,0.000705833,0.00053762,0.000920221,0.00273758,0.0340713,0.936122,0.0207165,0.00183385,0.000646464,0.00034632,
0.000469942,0.000253046,0.000144597,0.000111734,0.000128166,0.000131452,0.000121593,0.000141311,0.00012488,0.000154456,0.000923452,0.000414075,0.000529095,0.00096946,0.00232342,0.0234938,0.947159,0.0201056,0.00161358,0.000686838,
0.00100488,0.000595248,0.000384031,0.000230418,0.000169614,0.000172814,0.00024642,0.000355228,0.000396832,0.000668854,0.00174414,0.000598448,0.000608049,0.000723258,0.00103688,0.00256341,0.0235347,0.940968,0.0219378,0.00206096,
0.00221225,0.0011521,0.000654479,0.00044894,0.000270446,0.000189312,0.00024881,0.000140632,0.000178494,0.000221765,0.000924924,0.000281264,0.000421895,0.000416486,0.000605798,0.00121701,0.00280723,0.0249243,0.939085,0.0235991,
0.0274825,0.00279679,0.00118908,0.000819442,0.000405268,0.000400814,0.000454256,0.00048543,0.000610128,0.00104212,0.00206642,0.000699198,0.0005745,0.000529965,0.0005745,0.000757093,0.00126479,0.00314862,0.0275671,0.927132,


0.931919,0.0258117,0.00327097,0.00119493,0.000742305,0.000440555,0.00025347,0.000223295,0.00018105,0.0002414,0.0006035,0.00016898,0.00019312,0.000223295,0.000283645,0.00037417,0.0007242,0.00114062,0.00283042,0.0291792,
0.0267241,0.935928,0.0220811,0.00240413,0.00117939,0.000732257,0.000557293,0.000557293,0.000583213,0.000936381,0.00207689,0.000498971,0.000398529,0.000298087,0.000275406,0.000298087,0.00043093,0.000644775,0.000978502,0.00241709,
0.00187114,0.0246296,0.942545,0.0220201,0.00267976,0.00107815,0.000613298,0.000398448,0.000285164,0.000261726,0.000992215,0.000152348,9.76589e-05,0.000148442,0.000164067,0.000148442,0.000183599,0.000351572,0.000480482,0.000898462,
0.000855695,0.00206534,0.025068,0.938732,0.0255075,0.00291714,0.00104628,0.000688445,0.000303383,0.000318941,0.000793463,0.000151691,9.72381e-05,0.000132244,0.000124465,0.000128354,0.000124465,0.000213924,0.00032672,0.00040451,
0.000365417,0.000734217,0.00181017,0.0252916,0.937199,0.0282521,0.00263574,0.00111317,0.000588727,0.000334965,0.000554892,0.000152257,9.47377e-05,9.13542e-05,7.44367e-05,8.79707e-05,0.000111655,0.000111655,0.000118422,0.000277446,
0.000201692,0.0003606,0.000647858,0.00205359,0.0299054,0.93544,0.0249639,0.00298871,0.00113375,0.00057146,0.000715089,0.000265866,0.000128349,0.000116126,7.33425e-05,7.02865e-05,8.86221e-05,7.63984e-05,9.4734e-05,0.000103902,
0.000116674,0.000173715,0.000331873,0.000622261,0.00173196,0.0248879,0.935256,0.0314449,0.00282351,0.000990433,0.000648189,0.000238534,0.000194457,0.000137416,7.51899e-05,7.00044e-05,5.70406e-05,6.22261e-05,7.00044e-05,6.74117e-05,
6.9804e-05,8.2333e-05,0.000139608,0.000252368,0.000506527,0.00148915,0.0272236,0.92706,0.0383511,0.00295325,0.000916402,0.000340071,0.000195093,0.000109181,7.33837e-05,5.19056e-05,4.47462e-05,4.83259e-05,5.01157e-05,4.29563e-05,
3.79814e-05,5.3174e-05,4.99184e-05,9.98369e-05,0.000159522,0.000371133,0.00125447,0.0322907,0.931569,0.0307291,0.00227129,0.000567551,0.000206185,0.000104178,6.5111e-05,4.34073e-05,4.01518e-05,1.95333e-05,3.47259e-05,3.25555e-05,
2.07439e-05,1.61342e-05,2.5683e-05,3.21586e-05,5.93781e-05,0.000114805,0.000301281,0.00130786,0.0706185,0.91618,0.0100776,0.000816806,0.000199756,8.7366e-05,4.30244e-05,2.79878e-05,2.2061e-05,1.72317e-05,1.45976e-05,1.70122e-05,
5.12673e-05,5.84058e-05,5.97037e-05,6.74911e-05,8.56618e-05,0.000119407,0.000161589,0.000370552,0.00131997,0.0311653,0.951494,0.0134573,0.000822224,0.000280348,0.000144717,9.53961e-05,7.07359e-05,6.16506e-05,6.29485e-05,5.12673e-05,
1.28404e-05,1.34824e-05,1.25194e-05,1.52801e-05,1.81691e-05,2.86341e-05,4.61612e-05,9.37348e-05,0.000299117,0.00128282,0.0712555,0.919359,0.00653556,0.000683815,0.000177454,7.51163e-05,3.55679e-05,2.29201e-05,1.91322e-05,1.34182e-05,
7.21311e-05,8.04539e-05,6.1034e-05,6.65825e-05,9.1551e-05,0.000133165,0.000169231,0.000235813,0.000540983,0.00117074,0.00359546,0.0313493,0.931706,0.0273682,0.00196141,0.000660277,0.000296847,0.000174779,0.000160908,0.000105422,
0.000127669,0.000104151,0.000127669,9.74315e-05,0.000100791,0.000157906,0.000178064,0.000204942,0.000359489,0.000792891,0.00154882,0.00367552,0.0343228,0.92566,0.0291858,0.00192511,0.0006921,0.00034605,0.000235179,0.000157906,
0.0001447,0.000113693,0.000117138,9.64669e-05,6.89049e-05,0.000106803,9.30217e-05,0.000117138,0.000213605,0.000330744,0.000847531,0.00111281,0.00272864,0.0305869,0.928949,0.0312312,0.00193967,0.000647706,0.000341079,0.000213605,
0.000136035,7.94161e-05,7.00731e-05,6.76439e-05,6.80176e-05,6.44672e-05,6.68964e-05,8.87592e-05,0.000109127,0.000171352,0.000707831,0.000343451,0.000588987,0.00169969,0.0340658,0.946764,0.0133776,0.000918051,0.000375965,0.000237314,
0.000376335,0.000193253,0.000118664,0.000125445,0.000139007,0.000145787,0.000118664,0.000108493,0.000149178,0.000240719,0.000983217,0.000386506,0.000474657,0.000871334,0.00260383,0.0234413,0.945787,0.0212782,0.00172911,0.000728937,
0.00060064,0.000355825,0.00030924,0.000211116,0.000202196,0.000194266,0.00022301,0.000331046,0.000375648,0.000489631,0.00172362,0.000603613,0.000566941,0.00067795,0.000828606,0.00197835,0.0234715,0.947083,0.0182224,0.00155116,
0.00215315,0.00113682,0.000623419,0.000419105,0.000261941,0.000199075,0.00017812,0.000183358,0.000110015,0.000209552,0.000911553,0.000188597,0.000319567,0.000387672,0.000675807,0.00116825,0.00275038,0.0251096,0.940021,0.0229931,
0.0276278,0.00312483,0.00123454,0.000748111,0.000489505,0.000418696,0.000492584,0.000554156,0.000677302,0.000991324,0.00201036,0.000889729,0.000680381,0.000643437,0.000612651,0.000757347,0.00115757,0.00334033,0.035309,0.91824,


0.932107,0.0267321,0.0032489,0.00140887,0.000692289,0.000510108,0.000327927,0.000255054,0.0002004,0.000230763,0.000655853,0.000163963,0.000261127,0.000212545,0.000327927,0.000376508,0.000613344,0.00108094,0.00278738,0.027807,
0.0270336,0.935287,0.0231233,0.00245013,0.00118066,0.000838634,0.000608421,0.000526202,0.000506469,0.000858366,0.00138786,0.000467004,0.000388074,0.000312432,0.000302566,0.000312432,0.000437405,0.00042425,0.000881388,0.00267376,
0.00195322,0.0239623,0.94414,0.0214014,0.00257244,0.00113524,0.000580998,0.000405169,0.000244631,0.000225519,0.000798872,0.000175828,0.000126138,6.498e-05,9.55588e-05,0.000145249,0.000206407,0.000344012,0.000527485,0.00089443,
0.000871737,0.00212249,0.0249961,0.938944,0.0251553,0.00288431,0.00120906,0.000625377,0.000386596,0.000291842,0.000739081,0.00023499,0.000117495,9.09639e-05,0.000132656,0.000144026,0.000174347,0.00022741,0.000257731,0.000394177,
0.000365256,0.000733926,0.0020311,0.0247384,0.93751,0.0283159,0.00262848,0.00115039,0.000518869,0.000314052,0.000549591,9.21675e-05,0.000139958,8.19266e-05,9.89947e-05,8.19266e-05,8.19266e-05,0.000133131,0.000187749,0.00024578,
0.000208757,0.000300855,0.000693809,0.00200775,0.0296864,0.93593,0.0250907,0.0027998,0.00106834,0.000577151,0.00063855,0.000184197,0.000119728,0.000113588,6.75389e-05,0.000128938,7.67488e-05,9.20986e-05,8.90286e-05,0.000125868,
0.00011426,0.000161003,0.000301231,0.000563509,0.00196319,0.0236933,0.935425,0.0318396,0.00309021,0.00104911,0.000724512,0.000322005,0.000166196,0.000124647,8.82917e-05,6.49204e-05,8.30981e-05,5.19363e-05,6.49204e-05,0.000109066,
4.54762e-05,0.000103686,0.000127333,0.000209191,0.000505695,0.00154255,0.0267073,0.926843,0.0391514,0.00280133,0.00106232,0.000314695,0.000165533,0.0001146,6.73048e-05,6.18476e-05,4.18381e-05,4.36572e-05,4.72953e-05,4.36572e-05,
3.23842e-05,4.27934e-05,5.66723e-05,7.86473e-05,0.000156138,0.000379357,0.00128727,0.0304515,0.930943,0.0330781,0.00233397,0.000597951,0.000246351,9.71525e-05,5.66723e-05,3.70105e-05,3.81671e-05,2.77579e-05,2.1975e-05,3.70105e-05,
3.57441e-05,2.68081e-05,3.87228e-05,5.85807e-05,7.24812e-05,0.00015787,0.000388221,0.00156778,0.0340433,0.922721,0.0381747,0.0018716,0.000413043,0.000177728,7.14883e-05,5.75878e-05,4.26944e-05,3.6737e-05,1.68792e-05,2.68081e-05,
2.49195e-05,2.1112e-05,1.84901e-05,1.85238e-05,2.0915e-05,3.18306e-05,5.94731e-05,0.000171045,0.000961326,0.0594746,0.932079,0.00621796,0.000593052,0.000118539,4.8896e-05,2.93787e-05,2.66877e-05,2.82184e-05,2.88786e-05,2.76038e-05,
4.69669e-05,6.26226e-05,7.63212e-05,3.91391e-05,9.19769e-05,0.000109589,0.000197652,0.00036008,0.000962822,0.00374757,0.0464816,0.923557,0.0215187,0.00158513,0.000536206,0.000272017,0.000111546,9.19769e-05,7.82782e-05,7.24073e-05,
8.62222e-05,3.89391e-05,8.06595e-05,6.39713e-05,8.06595e-05,9.45663e-05,0.0001641,0.00022529,0.000520115,0.00111811,0.00356571,0.0305255,0.932316,0.027847,0.00198311,0.000634151,0.000289262,0.000150194,0.000116817,0.000100129,
7.21736e-05,5.99596e-05,5.44078e-05,5.77389e-05,7.43944e-05,7.77254e-05,7.99462e-05,0.000147678,0.000228735,0.000390848,0.0014035,0.00141349,0.0179157,0.95854,0.0176559,0.00091494,0.000400841,0.000205417,0.000187651,0.000118809,
