0.93138,0.0237531,0.00300078,0.0013618,0.000524232,0.000409745,0.000325385,0.000325385,0.000265129,0.000162693,0.000602566,0.000174744,0.000253078,0.000259103,0.000204872,0.00045795,0.000626668,0.00124129,0.0025127,0.0321589,
0.0269471,0.949962,0.0147488,0.00153605,0.000780492,0.000441064,0.000335592,0.000235873,0.000216697,0.000207108,0.00121389,0.00016492,0.000132319,0.000105472,0.00016492,0.000182179,0.00022245,0.000402711,0.000625161,0.00137497,
0.00176898,0.0243996,0.948048,0.0180948,0.00231976,0.000878011,0.000547542,0.000411467,0.000204113,0.000155515,0.000741936,0.000184674,0.000136076,0.000132836,0.000132836,0.000204113,0.000174954,0.000249472,0.000440626,0.000774335,
0.00135097,0.00314836,0.0403643,0.927532,0.0181631,0.00267855,0.00134406,0.000865215,0.000612241,0.000391154,0.00104219,0.000224807,0.000164221,0.000165284,0.000165815,0.000186011,0.00022587,0.000305589,0.000403377,0.000666981,
0.00037517,0.000725329,0.00227246,0.029399,0.934988,0.0255116,0.00291561,0.00108978,0.000618138,0.000346586,0.000500227,0.000153641,0.000142922,0.000110765,8.21801e-05,0.000110765,0.000132203,0.000117911,0.000185799,0.000221529,
0.000306124,0.0005044,0.00103794,0.00356363,0.0854577,0.887466,0.0153675,0.00272095,0.00117191,0.000595836,0.000589472,0.000220047,0.000148708,0.000118564,0.000102488,0.000102823,9.24399e-05,0.000112201,0.000146028,0.000174832,
0.000238924,0.000306875,0.000569035,0.00145722,0.00527431,0.076433,0.886699,0.0200981,0.00429582,0.00194515,0.0010688,0.00043664,0.000232349,0.000171412,0.000126696,0.000108722,0.00010916,0.000111352,0.000135902,0.000181933,
7.09344e-05,6.72967e-05,0.000129137,0.000238267,0.000507454,0.00144961,0.0318604,0.928331,0.0325061,0.00298288,0.000929422,0.000365585,0.000183702,8.73038e-05,7.82097e-05,5.45649e-05,3.27389e-05,2.91013e-05,5.27461e-05,4.36519e-05,
4.47593e-05,4.36116e-05,6.65651e-05,8.49279e-05,0.000160674,0.000382176,0.00127162,0.0377941,0.929407,0.0273365,0.00228387,0.000539407,0.000224944,0.000123949,5.50884e-05,5.39407e-05,3.67256e-05,2.86919e-05,3.55779e-05,2.63965e-05,
8.73421e-05,0.000109869,0.000127654,0.000188714,0.000355692,0.00066376,0.00189564,0.0085036,0.0707631,0.893887,0.0195591,0.0020557,0.000767306,0.00035747,0.000213613,0.000130618,9.93961e-05,8.24019e-05,7.90426e-05,7.3312e-05,
0.000112398,0.000116686,0.000121319,0.00012536,0.000153947,0.00023044,0.000407797,0.00122024,0.00688817,0.0594427,0.923723,0.00554001,0.000811676,0.000322384,0.00018963,0.000134947,0.00012053,0.000112127,0.000108776,0.000118091,
5.57332e-05,4.6124e-05,4.22804e-05,8.26389e-05,6.53424e-05,0.00011531,0.000178731,0.000393976,0.00100512,0.0035208,0.056844,0.9167,0.018146,0.00175848,0.000474693,0.000224855,0.000130685,9.03262e-05,6.14987e-05,6.34206e-05,
0.000271109,0.000210445,0.000167189,0.000145873,0.000166459,0.000227644,0.000385452,0.00085898,0.00227868,0.00807781,0.0208834,0.0728969,0.873105,0.0159228,0.00200027,0.000864139,0.000486036,0.000383732,0.00034699,0.000320984,
0.000270657,0.000226887,0.000178592,0.000159341,0.000156099,0.00019433,0.000283086,0.000501665,0.00108243,0.0027854,0.00570677,0.00762555,0.0428741,0.919462,0.0151014,0.00138321,0.000753882,0.000507136,0.000404399,0.000342729,
0.000290915,0.000232748,0.000189044,0.000161368,0.000156989,0.000177708,0.000228917,0.00033845,0.00061279,0.00128429,0.00295551,0.00253177,0.00341976,0.0337511,0.935805,0.0150528,0.00125154,0.00072287,0.000469248,0.00036683,
0.00038579,0.000287359,0.000224795,0.000185938,0.000179548,0.00019037,0.000255613,0.000348273,0.000536066,0.000906911,0.00229299,0.00137031,0.00176383,0.00258447,0.0340899,0.935527,0.0161319,0.00147153,0.000750554,0.000516586,
0.00060693,0.000427357,0.000327958,0.000281962,0.000259747,0.000302753,0.000387199,0.000471645,0.000697926,0.00110706,0.00265229,0.0012422,0.00126413,0.00163965,0.00292186,0.0235983,0.938608,0.020211,0.00204066,0.000951692,
0.000804905,0.000522438,0.00036848,0.000292901,0.000230555,0.00022572,0.000255748,0.000308678,0.000373824,0.000488592,0.00184825,0.000588347,0.000679958,0.000817883,0.00135483,0.00275775,0.0235415,0.945679,0.0172374,0.00162279,
0.0019853,0.00108932,0.00059889,0.000363106,0.00024993,0.000221636,0.000240499,0.000231068,0.000292371,0.000245215,0.00107517,0.000198058,0.000410263,0.000396116,0.000584743,0.00115534,0.00239556,0.0246394,0.943469,0.0201595,
0.0274198,0.00312491,0.00128468,0.000704344,0.000476176,0.000535698,0.000515858,0.000500977,0.00058034,0.00103172,0.00190967,0.000813468,0.000729145,0.000734105,0.000610101,0.000818428,0.00124004,0.00360604,0.0311846,0.92218,


0.931087,0.0240735,0.00300618,0.00132199,0.000808891,0.000386336,0.000356153,0.000283715,0.000217314,0.00022335,0.00072438,0.000235423,0.000211277,0.00024146,0.00024146,0.000519139,0.000627796,0.00120126,0.0026802,0.0315528,
0.027042,0.946159,0.0149982,0.00154006,0.000920856,0.000629405,0.000525184,0.00041464,0.000413009,0.000502953,0.00162919,0.000281254,0.000246989,0.000212929,0.000218436,0.000254944,0.000355289,0.000528651,0.000888427,0.0022384,
0.00219085,0.0247361,0.945767,0.0186288,0.00241851,0.00111192,0.000537814,0.000442129,0.000316749,0.000211166,0.00099644,0.00012538,0.000155075,0.000115481,0.000204567,0.000174872,0.000201268,0.000287054,0.000554311,0.000824867,
0.00105096,0.00218737,0.0286793,0.935109,0.0247617,0.00314007,0.0011834,0.000675009,0.000393043,0.000316143,0.000756181,0.000183705,0.00011535,0.000106805,0.000119622,0.000102533,0.000162344,0.000196522,0.000264877,0.000495576,
0.000244279,0.000366418,0.000755803,0.0170442,0.962994,0.0143091,0.00116607,0.000558501,0.000320485,0.000230708,0.00122975,0.000121095,7.72506e-05,5.32402e-05,6.15917e-05,7.41188e-05,8.66459e-05,7.72506e-05,9.29094e-05,0.000136754,
0.000216522,0.000347747,0.00072174,0.00210289,0.0356179,0.930529,0.0238109,0.00310348,0.00126961,0.000623321,0.000613479,0.000200119,0.000144348,8.20159e-05,8.52965e-05,0.000108261,8.52965e-05,7.87352e-05,0.000111542,0.000147629,
0.000134812,0.000199626,0.000300735,0.000591101,0.00178367,0.0275095,0.935889,0.0277428,0.00304624,0.00110443,0.000668877,0.000305921,0.000215181,0.000103702,6.48137e-05,6.22211e-05,6.22211e-05,5.44435e-05,6.99988e-05,9.07392e-05,
6.17745e-05,6.17745e-05,0.000129,0.00026345,0.000508731,0.00152256,0.0314396,0.928685,0.0326624,0.00286706,0.000906631,0.000343394,0.000172605,9.26617e-05,7.63097e-05,6.17745e-05,3.27041e-05,2.72535e-05,4.17886e-05,4.36055e-05,
3.12175e-05,5.08729e-05,7.51532e-05,7.3997e-05,0.000166493,0.00038964,0.00133541,0.036595,0.929855,0.0280345,0.00227425,0.000574633,0.000203492,0.000104058,7.3997e-05,4.62481e-05,3.58423e-05,2.42803e-05,2.65927e-05,2.89051e-05,
3.66675e-05,1.38742e-05,4.26136e-05,6.83799e-05,8.72092e-05,0.000170454,0.00041028,0.00155292,0.0411003,0.921483,0.0323427,0.00181653,0.000437037,0.000164508,8.62182e-05,5.54968e-05,4.75686e-05,2.97304e-05,2.97304e-05,2.47753e-05,
5.36351e-05,5.81585e-05,6.72054e-05,7.68985e-05,8.20682e-05,0.000115671,0.000169306,0.000348951,0.00132989,0.0368467,0.947494,0.0117797,0.000820035,0.000250728,0.000139581,0.000104039,7.81909e-05,6.78516e-05,5.04041e-05,6.72054e-05,
0.000206368,0.000165898,0.000133426,0.000126408,0.000149216,0.000245382,0.000533109,0.00134333,0.00502929,0.0320281,0.134734,0.801567,0.0185709,0.00289742,0.000862674,0.000382852,0.000257812,0.000251835,0.000265811,0.000249218,
5.27461e-05,4.71939e-05,6.66267e-05,8.05072e-05,6.66267e-05,0.000136029,0.000169343,0.000272059,0.000566327,0.00116319,0.00355898,0.0350928,0.931405,0.0239523,0.00195994,0.000716237,0.000263731,0.000186,0.000144358,9.994e-05,
0.000138788,0.000101552,6.77016e-05,0.000108323,7.78568e-05,0.000101552,0.000118478,0.000230185,0.000301272,0.000490837,0.00159437,0.00333769,0.0393617,0.92455,0.0258654,0.00202766,0.000741332,0.000331738,0.00022003,0.000233571,
0.000146682,9.21024e-05,8.18688e-05,9.55136e-05,8.528e-05,8.18688e-05,9.89248e-05,0.000153504,0.000177382,0.000327475,0.000886912,0.000979014,0.00269485,0.0337095,0.930507,0.0266551,0.00192392,0.000685651,0.000412755,0.000204672,
0.000266904,0.000198759,9.65399e-05,7.6664e-05,8.23429e-05,8.23429e-05,7.95034e-05,0.000122095,0.000136292,0.000204437,0.000752443,0.000474181,0.000908611,0.00229992,0.0338032,0.940265,0.0178059,0.0015134,0.000519612,0.000312335,
0.000379867,0.000204108,0.000187099,0.000141741,8.221e-05,0.000102054,8.221e-05,0.000107723,0.000172925,0.000153081,0.000921319,0.000303327,0.000445068,0.000785248,0.00228487,0.0236085,0.950104,0.0178226,0.00149395,0.000617993,
0.000722401,0.000413181,0.00030922,0.000215921,0.000186598,0.000258572,0.000250574,0.000258572,0.000383859,0.000471826,0.00144214,0.000511812,0.000535803,0.000594448,0.000943653,0.00212455,0.0232261,0.946849,0.0184252,0.00187664,
0.00192119,0.000879735,0.000546733,0.000404295,0.000354973,0.000380979,0.000469162,0.000566612,0.00077541,0.00121363,0.00293066,0.00107433,0.000803509,0.000773019,0.000816662,0.00112769,0.00240485,0.025146,0.937366,0.0200447,
0.021921,0.00267929,0.00134082,0.000864098,0.000663651,0.000551377,0.000525513,0.000500236,0.000562545,0.000705386,0.00168176,0.000592524,0.00058018,0.00057489,0.000731838,0.00103457,0.00186398,0.0039337,0.0376623,0.92103,


0.930499,0.0245626,0.00313254,0.00115933,0.000737757,0.000521114,0.000316181,0.000181512,0.000251774,0.000257629,0.000632363,0.000169801,0.000169801,0.000199077,0.00026934,0.000392299,0.000638218,0.00125302,0.00288662,0.0317704,
0.0270036,0.937878,0.0213464,0.00239112,0.00104236,0.000562245,0.000461167,0.000439056,0.000495913,0.0007644,0.00169305,0.000489595,0.000356931,0.000331661,0.000325344,0.000344296,0.000379042,0.000581197,0.000922334,0.00219212,
0.0018623,0.0245463,0.947379,0.0181735,0.0023424,0.000984664,0.000590187,0.000400593,0.000253811,0.000152898,0.00119566,0.000113145,9.78548e-05,9.47969e-05,0.000113145,0.00016513,0.000189594,0.000262985,0.000363898,0.000718621,
0.000892351,0.00217082,0.0294948,0.934236,0.0249987,0.00318758,0.00132566,0.000544849,0.000429015,0.000330342,0.000755067,0.000137285,0.000150155,0.000128705,7.72227e-05,0.000120124,0.000137285,0.000167316,0.00027028,0.000446176,
0.000544633,0.0010109,0.00277512,0.0559967,0.915768,0.016878,0.00238418,0.00119577,0.000649403,0.000448521,0.000732527,0.000220797,0.00017101,0.000117758,0.000125118,0.000136375,0.000135509,0.000152826,0.000241578,0.000315177,
0.000190726,0.00032555,0.000753039,0.00197303,0.0354323,0.931148,0.0238342,0.00306148,0.00112134,0.00060835,0.00054916,0.000187438,0.000151266,0.000111805,6.24792e-05,8.22095e-05,6.57676e-05,0.00010194,7.89211e-05,0.000161131,
0.000107076,0.000153313,0.000289591,0.000596217,0.00181055,0.0285211,0.935733,0.027207,0.00296892,0.00104642,0.000635154,0.000236053,0.000155747,0.00011681,6.08385e-05,7.05727e-05,5.8405e-05,7.54397e-05,7.78733e-05,8.03068e-05,
6.18285e-05,7.06611e-05,0.000151921,0.000217283,0.000521126,0.00157044,0.0309178,0.927828,0.0339491,0.00279465,0.00097689,0.000344473,0.00017312,0.000107758,6.18285e-05,6.53616e-05,5.82954e-05,3.70971e-05,3.70971e-05,5.47624e-05,
3.70179e-05,3.47043e-05,6.13109e-05,8.67607e-05,0.00016658,0.000399099,0.00131066,0.035846,0.929931,0.0286773,0.00237493,0.000550641,0.00019203,0.000123779,4.97428e-05,4.28019e-05,3.81747e-05,2.08226e-05,1.96658e-05,3.70179e-05,
3.17344e-05,2.87593e-05,4.06597e-05,6.64439e-05,8.72696e-05,0.000154705,0.000382796,0.00155895,0.040033,0.922031,0.03298,0.00174638,0.000439323,0.000148755,7.9336e-05,6.04937e-05,3.66929e-05,3.27261e-05,2.28091e-05,3.86763e-05,
4.46824e-05,5.56911e-05,5.37484e-05,6.99376e-05,8.7422e-05,0.000116563,0.000179377,0.000385305,0.00133594,0.0361448,0.948004,0.0119736,0.000793274,0.000282988,0.00013858,9.58405e-05,6.60522e-05,6.86425e-05,5.56911e-05,4.79202e-05,
5.33113e-05,4.56954e-05,3.80795e-05,6.09272e-05,8.75828e-05,0.000125662,0.000156126,0.0003351,0.000951987,0.00372798,0.0542195,0.918361,0.0189922,0.00172691,0.000508361,0.000226573,0.000146606,9.71027e-05,8.18709e-05,5.71192e-05,
6.92189e-05,5.81439e-05,6.64501e-05,8.30627e-05,7.19877e-05,0.000143975,0.000135669,0.000271338,0.000523295,0.00117118,0.00371844,0.034363,0.930922,0.0250849,0.00195751,0.00064512,0.000318407,0.000179969,0.000124594,9.1369e-05,
0.000124453,0.000117726,0.000114362,8.74535e-05,9.75442e-05,9.0817e-05,0.000141271,0.000255633,0.000380086,0.000790445,0.0016818,0.00339387,0.0376924,0.925735,0.0256911,0.0020787,0.000709718,0.000373359,0.000279178,0.000164816,
0.000113425,9.96769e-05,9.62398e-05,7.90541e-05,8.24912e-05,9.62398e-05,0.000116863,0.000137485,0.000250911,0.000329965,0.000821475,0.00110676,0.00281158,0.0337939,0.929528,0.0275383,0.00181137,0.000622121,0.000347151,0.000216539,
0.000178044,0.000146957,0.00011587,8.47829e-05,0.000121522,8.7609e-05,7.63046e-05,9.60873e-05,0.000169566,0.000234566,0.00104,0.000536958,0.000842177,0.00236544,0.0338651,0.939304,0.0182877,0.00152609,0.000624567,0.00029674,
0.000364018,0.00029995,0.000165992,0.000104837,0.000101925,0.000128134,0.000101925,9.31885e-05,0.000125222,0.000154343,0.00116194,0.000349457,0.000442645,0.000832872,0.00210839,0.0232127,0.95045,0.0176359,0.00156382,0.000602813,
0.000780984,0.000488115,0.000307155,0.000171436,0.000157149,0.000147625,0.000235724,0.000235724,0.000290488,0.000414302,0.00153578,0.000492877,0.000442875,0.000642883,0.00086194,0.00222628,0.0233819,0.946312,0.0189579,0.00191674,
0.00223644,0.00104913,0.000532242,0.000353122,0.000230297,0.000220061,0.000199591,0.000174002,0.000163767,0.000143296,0.00105937,0.000281474,0.000363357,0.000373593,0.000634596,0.00115148,0.00281474,0.0250972,0.940379,0.0225435,
0.0275582,0.00342975,0.0011689,0.000678253,0.000485841,0.000404066,0.000495461,0.0004666,0.000846614,0.0010727,0.0021021,0.000798511,0.000745597,0.000697494,0.000582047,0.000836993,0.00147676,0.00357887,0.0306897,0.921885,


0.93141,0.0242958,0.0034691,0.00134171,0.000556022,0.000459323,0.000284055,0.000229661,0.000205486,0.000217574,0.00068294,0.00016318,0.000157137,0.000139006,0.000223618,0.000302186,0.000634591,0.00133566,0.00276802,0.0311252,
0.026986,0.952558,0.0133677,0.00111754,0.000644897,0.000479758,0.000317466,0.000186493,0.000136667,0.000160868,0.0012599,9.68057e-05,9.82293e-05,0.000125278,0.000136667,0.000148056,0.000216389,0.000375834,0.000482605,0.00110472,
0.0018202,0.0245851,0.95191,0.0140682,0.00146845,0.000841004,0.000554641,0.000399286,0.000274074,0.000248568,0.00138938,0.000167412,0.000125675,0.000130776,0.000151877,0.000153964,0.000210541,0.000292624,0.000451225,0.000757066,
0.00104781,0.00218768,0.0283435,0.935172,0.0250115,0.0031522,0.00125825,0.000640084,0.000394572,0.00032881,0.000745303,0.000153445,0.00012714,0.000100835,0.000113988,0.000170981,0.000162213,0.000170981,0.000276201,0.000442798,
0.000361634,0.000683882,0.00199078,0.027742,0.934913,0.0273982,0.00307568,0.00115293,0.00067314,0.000329409,0.000562144,0.000150382,0.000114577,0.000118158,6.80301e-05,7.16107e-05,8.95133e-05,0.000107416,0.00020409,0.000193349,
0.000150908,0.00032478,0.000751258,0.00201101,0.034138,0.931731,0.0244635,0.00290333,0.00131224,0.000580667,0.0005413,0.000226362,0.000141066,0.00010826,0.000114821,9.84181e-05,9.51375e-05,9.51375e-05,0.000114821,9.84181e-05,
0.000145191,0.000142599,0.000300753,0.00061447,0.00185637,0.0265415,0.935672,0.0290097,0.00303865,0.00108375,0.000624841,0.000256678,0.000132228,0.000134821,5.70394e-05,8.29665e-05,6.48175e-05,4.92613e-05,8.55592e-05,0.000106301,
6.36316e-05,6.70712e-05,0.000137582,0.000273444,0.000503894,0.00157703,0.0307753,0.927825,0.0340188,0.00279807,0.00105078,0.000312999,0.00015306,0.000118664,8.25491e-05,5.15932e-05,3.43955e-05,4.64339e-05,5.3313e-05,5.67525e-05,
4.27186e-05,4.04095e-05,4.38732e-05,8.89009e-05,0.000161638,0.000397168,0.00127117,0.0348676,0.930529,0.0291514,0.00228487,0.000569197,0.00022283,9.121e-05,5.77279e-05,4.15641e-05,2.77094e-05,4.04095e-05,2.88639e-05,4.15641e-05,
3.86658e-05,4.65973e-05,2.97429e-05,6.4443e-05,8.92288e-05,0.000182423,0.000359889,0.00162496,0.0389077,0.922543,0.0335471,0.00174492,0.000366829,0.000168543,8.42716e-05,5.65116e-05,3.76744e-05,3.76744e-05,3.47001e-05,3.47001e-05,
7.43069e-05,5.68609e-05,6.97838e-05,7.23684e-05,8.01222e-05,0.000122122,0.000178337,0.00038058,0.001333,0.0349675,0.948711,0.0123685,0.00081156,0.000263628,0.000128583,8.7876e-05,8.39991e-05,8.46452e-05,6.20301e-05,6.26762e-05,
5.22811e-05,4.06631e-05,5.80901e-05,5.03448e-05,6.97081e-05,0.000118117,0.000182016,0.000379522,0.000995277,0.00369453,0.0528368,0.919555,0.0190923,0.00171366,0.000505384,0.000234297,0.000182016,0.000104562,8.32625e-05,5.22811e-05,
7.20178e-05,8.58673e-05,6.09381e-05,7.47877e-05,8.86373e-05,0.000105257,0.000160655,0.000282531,0.000562293,0.00119106,0.00345962,0.0334606,0.931528,0.0254971,0.00208575,0.000628771,0.000290841,0.000180044,9.14072e-05,9.41771e-05,
0.000111756,7.78903e-05,0.000118529,0.000121915,6.09576e-05,0.000121915,0.000186259,0.000206579,0.000284469,0.000487661,0.00139187,0.00332219,0.0382204,0.925086,0.0267333,0.00204208,0.000734878,0.000311561,0.000243831,0.000135461,
0.000172577,6.9031e-05,8.28372e-05,5.17732e-05,6.9031e-05,6.55794e-05,8.28372e-05,0.000179481,0.000220899,0.000300285,0.00069031,0.000966434,0.00258521,0.0324618,0.930451,0.0285029,0.00178445,0.000659246,0.000424541,0.000179481,
0.000139585,0.000160826,8.49649e-05,7.88959e-05,7.2827e-05,0.000121378,7.2827e-05,0.000115309,0.000179033,0.000257929,0.00072827,0.000412686,0.000922476,0.00243971,0.0334792,0.939044,0.0191262,0.00164164,0.000576547,0.000345928,
0.000386735,0.000284805,0.000197864,9.29362e-05,0.000104928,8.39424e-05,7.19506e-05,0.00010193,0.000125914,0.000194866,0.0011632,0.000365749,0.000512648,0.000818439,0.00201462,0.0236927,0.949041,0.0186712,0.00138505,0.000689527,
0.000937799,0.000503209,0.000343097,0.000283055,0.000205858,0.000245886,0.000245886,0.00030021,0.000363111,0.000657603,0.00174408,0.000643307,0.00060042,0.000651885,0.00114938,0.0023931,0.0233392,0.944518,0.019019,0.00185558,
0.00216864,0.00100091,0.000486156,0.000276442,0.000181117,0.000257377,0.000142987,0.000133455,0.00019065,0.000176351,0.00109147,0.000209715,0.000300273,0.000438494,0.000681572,0.00106287,0.00285498,0.0245175,0.942981,0.0208475,
0.0138161,0.00089737,0.000463713,0.000297978,0.000259336,0.000184626,0.00014169,0.000169169,0.000165734,0.000239585,0.00163759,0.000203518,0.00020266,0.00019579,0.000321164,0.000325458,0.000468006,0.000948894,0.0142652,0.964796,


0.915487,0.0194306,0.00254764,0.00127264,0.000839107,0.000648526,0.000508347,0.000488658,0.000523703,0.000624506,0.00128996,0.000401243,0.000360686,0.000350054,0.000420538,0.000567017,0.000833988,0.0013569,0.00363324,0.0484154,
0.0270273,0.941918,0.0187859,0.0019976,0.000941657,0.000496917,0.000464617,0.00041741,0.000429833,0.000581392,0.0017243,0.000342872,0.000280758,0.000315542,0.000221128,0.00027082,0.000382626,0.000511824,0.000859666,0.0020299,
0.00134776,0.0245596,0.951554,0.0160788,0.00170344,0.000687805,0.000434967,0.000265694,0.000242125,0.000130704,0.00110349,0.000102849,6.64235e-05,7.07089e-05,0.000107135,0.000115706,0.000184272,0.000280693,0.000329975,0.000634238,
0.000829838,0.0021773,0.0270642,0.936554,0.0249034,0.0030893,0.00141319,0.000624433,0.000414919,0.00023827,0.000817514,0.000160216,0.000168432,0.000176649,0.000139676,0.000102703,0.000188973,0.000193081,0.000262919,0.000480649,
0.000376188,0.000859858,0.00194901,0.0273936,0.935303,0.0274796,0.00295218,0.00111065,0.000609066,0.000358274,0.000519497,0.000175554,0.000121813,0.000111065,7.88203e-05,0.000111065,6.09066e-05,0.000103899,0.00014331,0.00018272,
0.000213809,0.000351963,0.00063485,0.00208546,0.0331701,0.932522,0.024348,0.00318412,0.00123352,0.000536168,0.000648007,0.000207231,0.000167758,9.86813e-05,0.000111839,8.55238e-05,6.24981e-05,0.000108549,0.000121707,0.000108549,
9.86442e-05,0.000171329,0.000340063,0.00060744,0.00186905,0.0257669,0.935604,0.0298425,0.00300865,0.00104615,0.000672338,0.000251802,0.000153158,0.000119411,5.45139e-05,7.7877e-05,5.1918e-05,8.04729e-05,0.00010124,8.30688e-05,
8.04172e-05,8.75654e-05,0.000114371,0.000273418,0.000502161,0.00148325,0.0297829,0.927614,0.0353585,0.00283247,0.000945348,0.000346687,0.000203723,9.47136e-05,5.89726e-05,3.03798e-05,4.46762e-05,5.71855e-05,4.11021e-05,4.82503e-05,
3.70068e-05,3.46938e-05,5.43537e-05,9.71427e-05,0.00017,0.000366598,0.00130796,0.0340011,0.930461,0.0299697,0.00236034,0.000565509,0.000194285,0.000117959,6.24489e-05,5.08843e-05,5.20407e-05,2.19728e-05,3.81632e-05,3.70068e-05,
2.18183e-05,3.57027e-05,4.56201e-05,6.84301e-05,8.33062e-05,0.000181489,0.00039868,0.00155307,0.0379371,0.922462,0.0345136,0.00185257,0.00037587,0.000188431,8.23145e-05,5.7521e-05,3.96696e-05,3.76861e-05,2.47935e-05,4.06614e-05,
5.24083e-05,5.43494e-05,5.49964e-05,6.79367e-05,8.34651e-05,0.000128756,0.000179224,0.000347448,0.00134644,0.0339664,0.949736,0.0124369,0.000767361,0.00028404,0.00012358,0.000107405,7.69949e-05,7.57009e-05,5.49964e-05,5.56434e-05,
3.50883e-05,3.70377e-05,6.43286e-05,7.60247e-05,6.04299e-05,0.000113062,0.000171543,0.000384022,0.000970777,0.00360435,0.052498,0.919772,0.0194116,0.00171348,0.000506832,0.000198834,0.000148151,9.55182e-05,8.18728e-05,5.65312e-05,
7.7391e-05,7.46271e-05,8.2919e-05,5.80433e-05,8.0155e-05,0.000105031,0.000168602,0.000257049,0.00049475,0.00124931,0.00370371,0.0332588,0.931288,0.0258182,0.00185186,0.000702047,0.00036208,0.000165838,0.000113323,8.84469e-05,
0.000128603,9.47601e-05,9.81444e-05,7.44544e-05,8.46072e-05,0.000128603,0.000135372,0.000186136,0.000328276,0.000578713,0.00143155,0.00319815,0.0365909,0.925684,0.0277444,0.00210841,0.000690395,0.000375656,0.000199673,0.000138756,
0.000151824,6.55602e-05,6.21097e-05,6.21097e-05,7.24613e-05,8.28129e-05,0.000113868,0.000175977,0.000231186,0.000262241,0.000810876,0.00104551,0.00266381,0.0326628,0.929278,0.0289673,0.00198061,0.00070736,0.000338153,0.000265691,
0.000229327,0.000123961,7.74754e-05,8.36734e-05,9.91685e-05,8.98715e-05,9.29705e-05,0.000105367,0.000164248,0.000254119,0.000632199,0.00050514,0.000985487,0.00247302,0.0338908,0.937948,0.019499,0.00169826,0.000641496,0.000405971,
0.000346769,0.000264984,0.000176656,9.48708e-05,0.000121042,0.000127585,9.81422e-05,9.81422e-05,0.000147213,0.000137399,0.00101414,0.000389297,0.000477625,0.00102068,0.00228017,0.0234887,0.947507,0.0197429,0.00171749,0.000749152,
0.000909266,0.000486779,0.000281658,0.000293904,0.000205121,0.000220428,0.000208182,0.000247982,0.000431672,0.000679654,0.00172363,0.000548009,0.000575562,0.000694961,0.000952127,0.00247982,0.023448,0.941204,0.0222939,0.0021155,
0.00236209,0.00106905,0.000549797,0.000417439,0.000229082,0.000188357,0.000137449,0.000111996,0.000183266,0.000167994,0.00102323,0.00028508,0.000371622,0.000463255,0.00063634,0.00117086,0.00272353,0.0250463,0.941391,0.0214726,
0.0266275,0.00325247,0.00133284,0.000746056,0.000502959,0.000469428,0.000553255,0.000561638,0.000574212,0.000896944,0.00204118,0.000871796,0.000658038,0.000557446,0.000645464,0.000779587,0.00133703,0.00341593,0.0370639,0.917112,


0.931909,0.0253194,0.00290263,0.00140294,0.0007438,0.000477725,0.000266075,0.00021165,0.00021165,0.000193509,0.000737753,0.000181415,0.000193509,0.000187462,0.000272122,0.000405159,0.000586574,0.00120338,0.00267889,0.0299153,
0.0270084,0.943443,0.0181527,0.00179739,0.000889639,0.000574983,0.000411996,0.00041426,0.000427842,0.00059762,0.00169099,0.000368985,0.00023769,0.000239954,0.0002558,0.000208262,0.000301074,0.000484435,0.000665532,0.00182908,
0.00216102,0.0245772,0.942948,0.0215273,0.00267461,0.00121286,0.000636059,0.000371364,0.000308153,0.000237041,0.000865199,0.000193583,0.000138274,0.000126422,0.000122471,0.000197534,0.000197534,0.000256794,0.00040692,0.000841495,
0.00105666,0.00255173,0.0373766,0.9257,0.0253374,0.00293018,0.00113535,0.00071943,0.000445897,0.000262292,0.000547066,0.000153628,0.000134893,0.000134893,0.000127399,0.000153628,0.000149881,0.00023981,0.00034098,0.000502102,
0.000379488,0.000705274,0.00205138,0.0270295,0.934771,0.0282933,0.0030717,0.00124228,0.000565651,0.000297146,0.000562071,0.000139623,0.000114562,0.000100242,6.80214e-05,8.59217e-05,7.16014e-05,0.000136043,0.000103822,0.000211224,
0.000212509,0.000402132,0.000689836,0.00202047,0.0324909,0.932582,0.0251283,0.00303397,0.00121293,0.00061791,0.000601563,0.000192892,0.000143852,0.00015366,9.48115e-05,8.50034e-05,7.84647e-05,6.21179e-05,8.82728e-05,0.000107889,
9.60894e-05,0.000181791,0.000280477,0.000602507,0.00164131,0.0259623,0.935036,0.0305383,0.00298656,0.00109074,0.000688208,0.000233731,0.000176597,8.82984e-05,7.01193e-05,5.45372e-05,3.89552e-05,7.01193e-05,7.79103e-05,8.57014e-05,
3.99305e-05,7.8046e-05,0.000147017,0.000252288,0.000568102,0.00153914,0.0284723,0.927689,0.0362805,0.00294215,0.0010509,0.000326704,0.000181502,0.000127052,6.89709e-05,5.98958e-05,2.35953e-05,3.26704e-05,5.80808e-05,6.17108e-05,
3.0097e-05,3.70424e-05,4.51455e-05,0.000105339,0.000206049,0.00041094,0.00136015,0.0332595,0.93025,0.0308066,0.00237419,0.000581103,0.000219939,0.000106497,6.48243e-05,3.93576e-05,3.93576e-05,2.77818e-05,1.85212e-05,1.73636e-05,
3.56573e-05,3.07049e-05,4.35811e-05,6.33907e-05,9.21146e-05,0.000155505,0.000403125,0.00157189,0.0367577,0.922884,0.0352769,0.00184724,0.000396192,0.000177296,8.12193e-05,5.15049e-05,4.7543e-05,3.16953e-05,3.16953e-05,2.08001e-05,
5.75897e-05,5.24131e-05,6.53546e-05,7.05312e-05,7.82961e-05,0.000113885,0.000185711,0.000337126,0.00133168,0.0328345,0.950537,0.0126976,0.000867081,0.000273066,0.000139121,8.99435e-05,7.82961e-05,7.44137e-05,5.75897e-05,5.88839e-05,
5.26988e-05,6.44096e-05,5.66024e-05,5.66024e-05,7.80722e-05,0.000111253,0.000197132,0.000431349,0.000958337,0.00368306,0.0507352,0.920911,0.019883,0.0016161,0.000542602,0.000224458,0.000156144,0.000107349,6.63614e-05,6.83132e-05,
7.20409e-05,6.92701e-05,6.92701e-05,8.03533e-05,7.75825e-05,0.000127457,0.00017179,0.000288164,0.000504286,0.00123855,0.00366023,0.0321164,0.931508,0.0267493,0.00189523,0.000645597,0.000315872,0.000166248,0.000124686,0.000119145,
0.00013132,7.40778e-05,0.000127953,8.41793e-05,6.06091e-05,0.000121218,0.00013132,0.000188562,0.000373756,0.00064313,0.00166338,0.00369042,0.0365069,0.924592,0.0280149,0.00212805,0.000744145,0.000373756,0.000228968,0.000121218,
0.000102953,7.30353e-05,5.45565e-05,2.90382e-05,5.89562e-05,7.21554e-05,7.65551e-05,7.21554e-05,0.000128472,0.000212067,0.00121696,0.000491889,0.00101546,0.0155486,0.963206,0.0162983,0.000641479,0.000334379,0.000227905,0.000139031,
0.000198141,0.000116368,0.000122658,7.23371e-05,8.17723e-05,8.80625e-05,0.000103788,0.000125804,0.000147819,0.000182415,0.00087748,0.000437167,0.000868045,0.00249406,0.0335172,0.938149,0.0198518,0.00166061,0.000613292,0.000292493,
0.000396312,0.000274116,0.000198156,0.000148617,0.000115591,9.24727e-05,7.92623e-05,8.91701e-05,0.000112288,0.000158525,0.0011427,0.000320352,0.00041943,0.000951148,0.0024208,0.0235244,0.94735,0.0198882,0.00158194,0.000736479,
0.00089363,0.000404196,0.000310708,0.000252966,0.000195224,0.000186975,0.000244717,0.000393197,0.000420694,0.000549926,0.00176251,0.000604919,0.000494934,0.000736901,0.00111635,0.00255166,0.0233279,0.943556,0.0200641,0.00193299,
0.00229586,0.000999313,0.000579089,0.000353603,0.000220361,0.000189613,0.000194738,0.00016399,0.000102494,0.000256234,0.000958316,0.000215237,0.00031773,0.00048172,0.000737954,0.00113768,0.00280833,0.0247932,0.940871,0.0223231,
0.0272754,0.0028625,0.00138397,0.000558746,0.000459891,0.000421208,0.000429804,0.000421208,0.000584534,0.000786542,0.00177509,0.000558746,0.000459891,0.000563044,0.000507169,0.000756456,0.00121205,0.00287539,0.027976,0.928132,


0.930993,0.0259879,0.00312241,0.00143136,0.000754936,0.000446922,0.000314053,0.000265737,0.000241579,0.0002295,0.00059187,0.000241579,0.000193264,0.000181185,0.000283856,0.00035633,0.000603949,0.0012079,0.00280836,0.0297445,
0.0268384,0.940947,0.0193321,0.00215323,0.000976132,0.000704694,0.000438476,0.000357567,0.000488066,0.000605515,0.00169127,0.000488066,0.000305367,0.000300147,0.000255778,0.000263608,0.000354957,0.000548095,0.000816923,0.00213496,
0.00146782,0.0245353,0.950243,0.0165585,0.00184041,0.000927137,0.000499095,0.000296337,0.000213155,0.000169831,0.0011091,0.000129973,0.000121308,0.000124774,0.000126507,0.0001577,0.000185427,0.000289405,0.000395117,0.000610004,
0.000802175,0.00219113,0.0277902,0.936008,0.0253205,0.00281504,0.00122926,0.000668479,0.000460508,0.000297102,0.000813316,0.000115127,0.000126268,0.000100272,0.000100272,0.000129982,0.000126268,0.000178261,0.000319384,0.000408515,
0.000343506,0.00079078,0.00208608,0.0260528,0.935421,0.0287686,0.00284108,0.00110208,0.000694169,0.000314881,0.000479477,0.000189644,8.58765e-05,6.79856e-05,7.15638e-05,0.000103767,0.000110924,8.94547e-05,0.000125237,0.000261208,
0.000182127,0.000297155,0.000734899,0.00198103,0.0316198,0.93361,0.0251463,0.0030706,0.00123655,0.000536796,0.000626262,0.000214079,0.000118223,9.90517e-05,8.62708e-05,5.11234e-05,8.30756e-05,7.98804e-05,8.62708e-05,0.000140589,
0.00010795,0.00017512,0.000307059,0.000626113,0.0017344,0.026148,0.934805,0.0303245,0.003049,0.00106271,0.000654899,0.000290267,0.00015353,0.000100754,7.67648e-05,8.15625e-05,5.03769e-05,7.1967e-05,7.43659e-05,0.000105552,
8.92908e-05,0.000120508,0.000182484,0.000326175,0.000793058,0.00262868,0.0701068,0.901883,0.0179603,0.00324867,0.00136553,0.000459767,0.00023895,0.000146676,8.81431e-05,7.52889e-05,6.54187e-05,6.63368e-05,7.41412e-05,8.05683e-05,
3.8577e-05,4.95989e-05,4.68434e-05,0.000101035,0.000169004,0.000415161,0.00146133,0.0344584,0.931155,0.0287049,0.0022292,0.000566714,0.000236054,0.000124916,6.61319e-05,4.13324e-05,4.59249e-05,2.9392e-05,2.84735e-05,3.21475e-05,
3.0729e-05,2.77553e-05,4.06416e-05,5.3528e-05,0.000104082,0.000167523,0.000371722,0.00152357,0.0357408,0.922602,0.036628,0.00182986,0.000465892,0.00014968,8.22745e-05,5.05542e-05,3.46941e-05,3.37028e-05,2.37902e-05,3.86591e-05,
5.3624e-05,5.03936e-05,5.49161e-05,7.23601e-05,9.30344e-05,0.000112417,0.000164748,0.00035534,0.00131799,0.0319573,0.951113,0.0130519,0.000842478,0.000258429,0.000136321,0.000104018,7.88208e-05,7.1714e-05,6.33151e-05,4.78093e-05,
4.88301e-05,4.68769e-05,6.83622e-05,6.25026e-05,5.27365e-05,0.000130865,0.000169929,0.000345717,0.000921913,0.00378531,0.0493712,0.922055,0.0201532,0.00164655,0.000548851,0.000228525,0.000136724,9.37538e-05,6.25026e-05,7.03154e-05,
0.000100004,8.33366e-05,5.00019e-05,6.11135e-05,5.83356e-05,0.00010556,0.000138894,0.000269455,0.000530576,0.00121949,0.00365848,0.0315457,0.931861,0.0270344,0.00192785,0.00059169,0.000358347,0.000194452,0.000125005,8.61145e-05,
0.000122293,9.17201e-05,8.15289e-05,6.11467e-05,8.15289e-05,9.17201e-05,9.17201e-05,0.000224205,0.000339704,0.000618261,0.00155245,0.00322719,0.0355602,0.92554,0.028722,0.0021775,0.000737157,0.000360086,0.000173249,0.000146073,
0.000110314,7.23938e-05,9.65251e-05,8.96304e-05,6.89465e-05,7.23938e-05,8.61831e-05,0.000110314,0.000230971,0.000330943,0.000758411,0.00104799,0.00273028,0.0307398,0.929492,0.0307398,0.00203737,0.000679123,0.000313707,0.00019305,
0.00022723,0.000111968,0.000121848,0.000105382,0.000102089,8.89161e-05,8.23297e-05,0.000131728,0.000158073,0.00023711,0.000724502,0.000540083,0.000922093,0.00273335,0.0340746,0.936076,0.0207372,0.00183101,0.000648758,0.000345785,
0.000469447,0.000256062,0.000144445,0.000111617,0.000128031,0.000131314,0.000121465,0.000141162,0.000124748,0.000154294,0.000945459,0.000413638,0.000528538,0.000968439,0.00232097,0.0235807,0.947084,0.0200779,0.00161188,0.000686114,
0.00100462,0.000595093,0.000383931,0.000230359,0.00016957,0.000172769,0.000249555,0.000358336,0.000396729,0.00066868,0.00174369,0.000598293,0.000607891,0.00072307,0.00103022,0.00255954,0.0235254,0.940987,0.0219289,0.00206683,
0.00220596,0.00115422,0.000652618,0.000436877,0.000269677,0.000194167,0.000248103,0.000134838,0.000177987,0.000226529,0.000943869,0.000285858,0.00042609,0.000415303,0.000604076,0.00121355,0.00279925,0.024902,0.939134,0.0235752,
0.027441,0.00278986,0.00118613,0.000812968,0.000399821,0.000399821,0.00045313,0.000484227,0.000608616,0.00103953,0.00207907,0.000697465,0.000573076,0.000524209,0.000573076,0.000755217,0.00125721,0.00314081,0.027712,0.927073,


0.931882,0.0258133,0.00326583,0.00119305,0.000741138,0.000445888,0.000253072,0.000228969,0.000180765,0.00024102,0.000608577,0.000168714,0.000192816,0.000228969,0.000283199,0.000373582,0.000729087,0.00113882,0.00282597,0.0292057,
0.0267509,0.935905,0.0220711,0.00239981,0.00117885,0.000735163,0.000553801,0.00055704,0.000582949,0.000939195,0.00208566,0.000498745,0.000398348,0.000297952,0.000275281,0.000297952,0.000430734,0.000644482,0.000981297,0.002416,
0.001869,0.0246286,0.942564,0.0220105,0.00267278,0.00107302,0.000616496,0.000401893,0.000280935,0.000261426,0.00099888,0.000148271,9.75469e-05,0.000148271,0.000167781,0.000152173,0.000183388,0.000351169,0.000479931,0.00089353,
0.000849931,0.00206079,0.0250827,0.938712,0.0255173,0.0029146,0.0010401,0.00068693,0.000302715,0.000318239,0.00080724,0.000151358,9.70241e-05,0.000131953,0.000124191,0.000128072,0.000124191,0.000213453,0.000329882,0.000407501,
0.000364701,0.000732779,0.00180324,0.0253872,0.937167,0.0282002,0.00263057,0.00111436,0.000584197,0.000334309,0.000557182,0.000155336,9.45521e-05,9.11753e-05,7.42909e-05,8.77984e-05,0.000111436,0.000111436,0.00011819,0.000280279,
0.000201591,0.00036042,0.000644479,0.00205256,0.0299393,0.935451,0.0249362,0.00298415,0.00113318,0.000574228,0.000708622,0.000265733,0.000128285,0.000119122,7.33057e-05,7.02513e-05,8.55233e-05,7.63601e-05,9.16322e-05,0.00010385,
0.000116686,0.000173733,0.000337093,0.000622326,0.00173214,0.0248723,0.935257,0.031456,0.00282121,0.000990535,0.000650849,0.000238558,0.000194477,0.00013743,7.51977e-05,7.00117e-05,5.70465e-05,6.22326e-05,6.74186e-05,6.74186e-05,
6.9783e-05,8.23082e-05,0.000139566,0.000252293,0.000506374,0.0014887,0.0272458,0.927059,0.0383324,0.00295057,0.000916126,0.000339969,0.000195035,0.000110937,7.33617e-05,5.189e-05,4.47327e-05,4.83113e-05,5.01006e-05,4.29434e-05,
3.79681e-05,5.42401e-05,4.99009e-05,9.98018e-05,0.000158381,0.000371002,0.00125403,0.0322783,0.931586,0.030727,0.00226941,0.000570606,0.000205028,0.000104141,6.50881e-05,4.23073e-05,4.01377e-05,1.95264e-05,3.47137e-05,3.25441e-05,
2.07421e-05,1.61328e-05,2.56807e-05,3.22655e-05,5.9373e-05,0.000114795,0.000301145,0.00130785,0.0706181,0.91618,0.0100778,0.000816735,0.000199739,8.73584e-05,4.30207e-05,2.79854e-05,2.20591e-05,1.734e-05,1.45963e-05,1.70107e-05,
5.17691e-05,5.82402e-05,5.95344e-05,6.92411e-05,8.73603e-05,0.000118422,0.000161778,0.000368855,0.00131235,0.0310996,0.95158,0.0134367,0.000823128,0.0002802,0.000147542,9.77141e-05,7.11825e-05,6.01816e-05,6.47113e-05,5.17691e-05,
1.28391e-05,1.3481e-05,1.25823e-05,1.52785e-05,1.81673e-05,2.86953e-05,4.62207e-05,9.37253e-05,0.000299151,0.00128275,0.0712532,0.919358,0.00653804,0.000683745,0.000177436,7.51728e-05,3.56284e-05,2.29178e-05,1.91302e-05,1.34168e-05,
7.19807e-05,8.02862e-05,6.09067e-05,6.64437e-05,8.85916e-05,0.000132887,0.000171646,0.000235321,0.000539855,0.00117107,0.0035935,0.0314528,0.931663,0.0273222,0.00195732,0.0006589,0.000296228,0.000174415,0.000160572,0.000102434,
0.000127458,0.000103979,0.000127458,9.72707e-05,0.000100625,0.000161,0.000177771,0.000207958,0.000358895,0.000794937,0.00155298,0.0036661,0.0342963,0.925729,0.0291544,0.00191858,0.000690958,0.000342125,0.000234791,0.000157646,
0.000144546,0.000117013,0.000117013,8.94808e-05,6.88314e-05,0.000106689,8.94808e-05,0.000117013,0.000216819,0.000330391,0.000850068,0.00110819,0.00272572,0.0306093,0.928956,0.031215,0.00193416,0.000647015,0.000344157,0.000213377,
0.000136023,7.94091e-05,7.00669e-05,6.76379e-05,6.80116e-05,6.44615e-05,6.68905e-05,8.87514e-05,0.000109117,0.000171337,0.000708329,0.000343234,0.000589122,0.00169973,0.0340628,0.946766,0.0133787,0.000917596,0.000375932,0.000237293,
0.000375787,0.000199743,0.000118491,0.000125262,0.000138804,0.000145575,0.000118491,0.000108335,0.000145575,0.000240368,0.000975015,0.000385944,0.000473966,0.000870066,0.00259666,0.0234884,0.945748,0.0212878,0.00172659,0.000731261,
0.000600614,0.000355809,0.000308236,0.000212098,0.000202187,0.000194258,0.000223,0.00033004,0.000375631,0.000489609,0.00172354,0.000602596,0.000565925,0.000678912,0.000829561,0.00197826,0.0234685,0.947093,0.0182166,0.00155109,
0.00214734,0.00113375,0.00061651,0.000412748,0.000261233,0.000198537,0.000177638,0.000182863,0.000104493,0.000208986,0.000982236,0.000188088,0.000318704,0.00039185,0.000679206,0.0011651,0.00274295,0.0250679,0.940005,0.0230146,
0.027614,0.00311979,0.00123255,0.000746906,0.000488716,0.000418022,0.00049179,0.000553264,0.000676211,0.000989728,0.00201327,0.000888296,0.000676211,0.000642401,0.00060859,0.000756127,0.00115878,0.00333803,0.0354273,0.91816,


0.932104,0.0267327,0.00324382,0.00140667,0.00069727,0.00050931,0.00032135,0.000254655,0.000200086,0.000230402,0.000666954,0.000157644,0.000260718,0.000212213,0.000333477,0.000381983,0.000612385,0.00107925,0.00278908,0.0278059,
0.0271455,0.935222,0.0230882,0.00244483,0.00117653,0.000835698,0.000606291,0.000527637,0.000504696,0.000855362,0.00138955,0.000465369,0.000386715,0.000311339,0.000311339,0.000317893,0.000442429,0.000422765,0.000878303,0.00266768,
0.00195499,0.0239753,0.944126,0.021398,0.00256974,0.00113405,0.000580387,0.000404744,0.00025201,0.000225282,0.000809488,0.000175644,0.000126005,6.49118e-05,9.54585e-05,0.000145097,0.00020619,0.000339832,0.000526931,0.000889673,
0.00086992,0.00212185,0.0250159,0.938924,0.0251823,0.0028783,0.00120654,0.000620291,0.000385791,0.000291234,0.000737541,0.000230718,0.00011725,9.07743e-05,0.000132379,0.000139944,0.000173984,0.000230718,0.000257194,0.000393355,
0.000364556,0.000729111,0.0020272,0.0248204,0.937446,0.0283025,0.00262344,0.00114818,0.000517873,0.00031345,0.000555351,9.19907e-05,0.000146504,8.51766e-05,9.88048e-05,8.17695e-05,8.17695e-05,0.000132875,0.000187388,0.000245308,
0.000208647,0.000300697,0.000693445,0.00200363,0.02972,0.935905,0.0250929,0.00279833,0.00106778,0.000579916,0.000632078,0.0001841,0.000119665,0.000113529,6.75035e-05,0.00012887,7.67085e-05,9.20502e-05,8.89819e-05,0.000125802,
0.000114287,0.000161041,0.000301302,0.000563642,0.00196366,0.0236912,0.935418,0.0318497,0.00309094,0.00104936,0.000722085,0.000322081,0.000166235,0.000122079,8.83126e-05,6.49357e-05,8.57152e-05,5.19486e-05,6.49357e-05,0.000109092,
4.54616e-05,0.000103652,0.000127292,0.000207305,0.000507351,0.00154206,0.0267096,0.926834,0.0391606,0.00280043,0.00106016,0.000314594,0.00016548,0.000114563,6.72831e-05,6.18277e-05,4.18246e-05,4.36431e-05,4.90985e-05,4.36431e-05,
3.23707e-05,4.27755e-05,5.66486e-05,7.86144e-05,0.000156073,0.000379199,0.00128789,0.0304573,0.930957,0.0330678,0.00232837,0.000596545,0.000246248,9.7112e-05,5.54926e-05,3.58389e-05,3.81511e-05,2.77463e-05,2.19658e-05,3.6995e-05,
3.57164e-05,2.67873e-05,3.86928e-05,5.85353e-05,7.34171e-05,0.000157748,0.00038792,0.00156756,0.0340576,0.922735,0.0381501,0.00186916,0.000412723,0.000176598,7.14329e-05,5.75432e-05,4.26613e-05,3.67086e-05,1.68661e-05,2.67873e-05,
2.49198e-05,2.11005e-05,1.84819e-05,1.85223e-05,2.09051e-05,3.18309e-05,5.9472e-05,0.000171038,0.000960945,0.0594736,0.93208,0.00621792,0.000593043,0.000118533,4.88965e-05,2.93739e-05,2.66863e-05,2.82154e-05,2.88822e-05,2.76041e-05,
4.68111e-05,6.24148e-05,7.80185e-05,3.90092e-05,9.16717e-05,0.000111176,0.000196997,0.000356935,0.000959627,0.00373709,0.04646,0.923577,0.021539,0.00158378,0.000536377,0.000271114,0.000111176,9.16717e-05,7.80185e-05,7.21671e-05,
8.88198e-05,3.88587e-05,8.0493e-05,6.38392e-05,8.0493e-05,9.4371e-05,0.000163762,0.000224825,0.000519041,0.00112135,0.00356112,0.0305734,0.932305,0.0278089,0.00198179,0.000635617,0.000288664,0.000149883,0.000116576,0.000102698,
7.19519e-05,5.97754e-05,5.42407e-05,5.64546e-05,7.41658e-05,7.74867e-05,8.08075e-05,0.000149439,0.000229139,0.000391861,0.00140583,0.0014169,0.0179371,0.958469,0.0177013,0.000911022,0.000402931,0.000204786,0.000187075,0.000118444,
